3200	6.8253E-13
3201	6.8022E-13
3202	6.7979E-13
3203	6.7812E-13
3204	6.777E-13
3205	6.7852E-13
3206	6.781E-13
3207	6.783E-13
3208	6.8038E-13
3209	6.8184E-13
3210	6.8519E-13
3211	6.8792E-13
3212	6.9067E-13
3213	6.9343E-13
3214	6.9427E-13
3215	6.9384E-13
3216	6.9341E-13
3217	6.917E-13
3218	6.9E-13
3219	6.8894E-13
3220	6.8914E-13
3221	6.8998E-13
3222	6.8956E-13
3223	6.8913E-13
3224	6.8997E-13
3225	6.8701E-13
3226	6.8469E-13
3227	6.8553E-13
3228	6.8573E-13
3229	6.8657E-13
3230	6.8741E-13
3231	6.8825E-13
3232	6.8846E-13
3233	6.893E-13
3234	6.9015E-13
3235	6.9099E-13
3236	6.912E-13
3237	6.9205E-13
3238	6.9162E-13
3239	6.9246E-13
3240	6.9077E-13
3241	6.9034E-13
3242	6.8674E-13
3243	6.8379E-13
3244	6.8024E-13
3245	6.7669E-13
3246	6.7317E-13
3247	6.7028E-13
3248	6.6679E-13
3249	6.621E-13
3250	6.5865E-13
3251	6.5582E-13
3252	6.5361E-13
3253	6.5201E-13
3254	6.4981E-13
3255	6.4702E-13
3256	6.4365E-13
3257	6.4207E-13
3258	6.3991E-13
3259	6.3834E-13
3260	6.3795E-13
3261	6.3756E-13
3262	6.3834E-13
3263	6.3913E-13
3264	6.3932E-13
3265	6.3893E-13
3266	6.3854E-13
3267	6.3815E-13
3268	6.3776E-13
3269	6.3737E-13
3270	6.3698E-13
3271	6.3659E-13
3272	6.3444E-13
3273	6.3173E-13
3274	6.296E-13
3275	6.2632E-13
3276	6.2364E-13
3277	6.2154E-13
3278	6.1887E-13
3279	6.1679E-13
3280	6.1528E-13
3281	6.1321E-13
3282	6.1058E-13
3283	6.0852E-13
3284	6.0703E-13
3285	6.0667E-13
3286	6.0518E-13
3287	6.0481E-13
3288	6.0445E-13
3289	6.0408E-13
3290	6.0371E-13
3291	6.0446E-13
3292	6.052E-13
3293	6.0539E-13
3294	6.0614E-13
3295	6.0689E-13
3296	6.0652E-13
3297	6.0783E-13
3298	6.0746E-13
3299	6.071E-13
3300	6.0784E-13
3301	6.086E-13
3302	6.0823E-13
3303	6.0898E-13
3304	6.0917E-13
3305	6.088E-13
3306	6.0956E-13
3307	6.0919E-13
3308	6.0882E-13
3309	6.0845E-13
3310	6.0921E-13
3311	6.0884E-13
3312	6.1016E-13
3313	6.0979E-13
3314	6.1054E-13
3315	6.113E-13
3316	6.1375E-13
3317	6.1451E-13
3318	6.1471E-13
3319	6.166E-13
3320	6.1794E-13
3321	6.187E-13
3322	6.1947E-13
3323	6.2024E-13
3324	6.2044E-13
3325	6.2007E-13
3326	6.2084E-13
3327	6.2046E-13
3328	6.1895E-13
3329	6.1687E-13
3330	6.1423E-13
3331	6.1217E-13
3332	6.0899E-13
3333	6.0639E-13
3334	6.0435E-13
3335	6.0288E-13
3336	6.0141E-13
3337	5.9939E-13
3338	5.9793E-13
3339	5.9647E-13
3340	5.9447E-13
3341	5.9411E-13
3342	5.9266E-13
3343	5.9231E-13
3344	5.9087E-13
3345	5.8997E-13
3346	5.8745E-13
3347	5.871E-13
3348	5.8566E-13
3349	5.8531E-13
3350	5.8497E-13
3351	5.8462E-13
3352	5.8373E-13
3353	5.8338E-13
3354	5.8303E-13
3355	5.8269E-13
3356	5.8234E-13
3357	5.8092E-13
3358	5.7951E-13
3359	5.7916E-13
3360	5.7882E-13
3361	5.7954E-13
3362	5.7919E-13
3363	5.7992E-13
3364	5.7957E-13
3365	5.7976E-13
3366	5.8049E-13
3367	5.8121E-13
3368	5.8087E-13
3369	5.7945E-13
3370	5.7751E-13
3371	5.7611E-13
3372	5.7471E-13
3373	5.7436E-13
3374	5.7402E-13
3375	5.7369E-13
3376	5.744E-13
3377	5.7406E-13
3378	5.7478E-13
3379	5.7497E-13
3380	5.7569E-13
3381	5.7641E-13
3382	5.7607E-13
3383	5.7573E-13
3384	5.7433E-13
3385	5.7399E-13
3386	5.7365E-13
3387	5.7331E-13
3388	5.7403E-13
3389	5.7369E-13
3390	5.7335E-13
3391	5.7407E-13
3392	5.7267E-13
3393	5.7234E-13
3394	5.72E-13
3395	5.7061E-13
3396	5.6923E-13
3397	5.6889E-13
3398	5.6961E-13
3399	5.7032E-13
3400	5.7103E-13
3401	5.7123E-13
3402	5.7194E-13
3403	5.7266E-13
3404	5.7338E-13
3405	5.7357E-13
3406	5.7323E-13
3407	5.7289E-13
3408	5.7256E-13
3409	5.7222E-13
3410	5.7189E-13
3411	5.7155E-13
3412	5.7069E-13
3413	5.7036E-13
3414	5.7002E-13
3415	5.6969E-13
3416	5.6936E-13
3417	5.6798E-13
3418	5.666E-13
3419	5.6523E-13
3420	5.649E-13
3421	5.6404E-13
3422	5.6371E-13
3423	5.6338E-13
3424	5.6306E-13
3425	5.6273E-13
3426	5.624E-13
3427	5.6207E-13
3428	5.6174E-13
3429	5.6194E-13
3430	5.6161E-13
3431	5.6076E-13
3432	5.594E-13
3433	5.5805E-13
3434	5.567E-13
3435	5.5637E-13
3436	5.5605E-13
3437	5.5675E-13
3438	5.5745E-13
3439	5.5815E-13
3440	5.5783E-13
3441	5.5648E-13
3442	5.5514E-13
3443	5.5328E-13
3444	5.5194E-13
3445	5.4959E-13
3446	5.4776E-13
3447	5.4492E-13
3448	5.4261E-13
3449	5.408E-13
3450	5.3949E-13
3451	5.3918E-13
3452	5.3886E-13
3453	5.3954E-13
3454	5.3824E-13
3455	5.3694E-13
3456	5.3613E-13
3457	5.3582E-13
3458	5.3551E-13
3459	5.357E-13
3460	5.3637E-13
3461	5.3606E-13
3462	5.3575E-13
3463	5.3643E-13
3464	5.3711E-13
3465	5.368E-13
3466	5.355E-13
3467	5.3421E-13
3468	5.3489E-13
3469	5.3606E-13
3470	5.3773E-13
3471	5.399E-13
3472	5.3959E-13
3473	5.3828E-13
3474	5.3748E-13
3475	5.3618E-13
3476	5.3488E-13
3477	5.336E-13
3478	5.3329E-13
3479	5.3249E-13
3480	5.312E-13
3481	5.309E-13
3482	5.2962E-13
3483	5.2931E-13
3484	5.2804E-13
3485	5.2773E-13
3486	5.2743E-13
3487	5.2713E-13
3488	5.2683E-13
3489	5.275E-13
3490	5.2719E-13
3491	5.2786E-13
3492	5.2853E-13
3493	5.2823E-13
3494	5.2695E-13
3495	5.2665E-13
3496	5.2538E-13
3497	5.2508E-13
3498	5.2382E-13
3499	5.2352E-13
3500	5.2322E-13
3501	5.2244E-13
3502	5.2214E-13
3503	5.2088E-13
3504	5.2155E-13
3505	5.2173E-13
3506	5.2143E-13
3507	5.2113E-13
3508	5.2084E-13
3509	5.191E-13
3510	5.1881E-13
3511	5.1756E-13
3512	5.1631E-13
3513	5.1554E-13
3514	5.1525E-13
3515	5.1401E-13
3516	5.1277E-13
3517	5.1248E-13
3518	5.1219E-13
3519	5.119E-13
3520	5.1255E-13
3521	5.1368E-13
3522	5.1623E-13
3523	5.1641E-13
3524	5.1469E-13
3525	5.1251E-13
3526	5.0987E-13
3527	5.063E-13
3528	5.0555E-13
3529	5.0433E-13
3530	5.0312E-13
3531	5.0283E-13
3532	5.0162E-13
3533	5.0088E-13
3534	5.006E-13
3535	5.0077E-13
3536	5.0049E-13
3537	5.0021E-13
3538	4.9947E-13
3539	4.9918E-13
3540	4.989E-13
3541	4.9862E-13
3542	4.988E-13
3543	4.9806E-13
3544	4.9686E-13
3545	4.9658E-13
3546	4.9538E-13
3547	4.9419E-13
3548	4.9346E-13
3549	4.9318E-13
3550	4.9291E-13
3551	4.9263E-13
3552	4.928E-13
3553	4.9343E-13
3554	4.9407E-13
3555	4.9607E-13
3556	4.9762E-13
3557	4.9871E-13
3558	4.9935E-13
3559	5.0045E-13
3560	5.0109E-13
3561	5.0081E-13
3562	4.9961E-13
3563	4.9933E-13
3564	4.9905E-13
3565	4.9877E-13
3566	4.9941E-13
3567	5.0005E-13
3568	5.0115E-13
3569	5.0087E-13
3570	5.0151E-13
3571	5.0123E-13
3572	5.0095E-13
3573	5.0067E-13
3574	5.0039E-13
3575	4.9919E-13
3576	4.9891E-13
3577	4.9863E-13
3578	4.9744E-13
3579	4.967E-13
3580	4.9551E-13
3581	4.9432E-13
3582	4.9268E-13
3583	4.9241E-13
3584	4.9123E-13
3585	4.9095E-13
3586	4.9068E-13
3587	4.9041E-13
3588	4.9104E-13
3589	4.9122E-13
3590	4.9185E-13
3591	4.9157E-13
3592	4.913E-13
3593	4.9284E-13
3594	4.9302E-13
3595	4.9365E-13
3596	4.9338E-13
3597	4.9174E-13
3598	4.9057E-13
3599	4.9029E-13
3600	4.9002E-13
3601	4.8975E-13
3602	4.9038E-13
3603	4.9011E-13
3604	4.8893E-13
3605	4.8866E-13
3606	4.8839E-13
3607	4.8722E-13
3608	4.8606E-13
3609	4.8534E-13
3610	4.8329E-13
3611	4.8258E-13
3612	4.8142E-13
3613	4.8115E-13
3614	4.8089E-13
3615	4.8062E-13
3616	4.7947E-13
3617	4.7921E-13
3618	4.7894E-13
3619	4.7868E-13
3620	4.7753E-13
3621	4.7683E-13
3622	4.7481E-13
3623	4.7324E-13
3624	4.7124E-13
3625	4.7011E-13
3626	4.6942E-13
3627	4.683E-13
3628	4.6632E-13
3629	4.6478E-13
3630	4.6367E-13
3631	4.6214E-13
3632	4.6188E-13
3633	4.6163E-13
3634	4.6265E-13
3635	4.6325E-13
3636	4.6214E-13
3637	4.6188E-13
3638	4.6163E-13
3639	4.6223E-13
3640	4.6283E-13
3641	4.6385E-13
3642	4.636E-13
3643	4.6334E-13
3644	4.6309E-13
3645	4.6283E-13
3646	4.6258E-13
3647	4.6233E-13
3648	4.6207E-13
3649	4.6055E-13
3650	4.6029E-13
3651	4.5919E-13
3652	4.581E-13
3653	4.5659E-13
3654	4.5549E-13
3655	4.5441E-13
3656	4.5291E-13
3657	4.5266E-13
3658	4.5241E-13
3659	4.5216E-13
3660	4.5192E-13
3661	4.5084E-13
3662	4.5059E-13
3663	4.5035E-13
3664	4.501E-13
3665	4.4985E-13
3666	4.5044E-13
3667	4.5019E-13
3668	4.5119E-13
3669	4.5095E-13
3670	4.5153E-13
3671	4.5212E-13
3672	4.527E-13
3673	4.5246E-13
3674	4.5221E-13
3675	4.5238E-13
3676	4.5214E-13
3677	4.5272E-13
3678	4.5331E-13
3679	4.5348E-13
3680	4.5491E-13
3681	4.555E-13
3682	4.5567E-13
3683	4.5626E-13
3684	4.5518E-13
3685	4.5451E-13
3686	4.5343E-13
3687	4.5235E-13
3688	4.5127E-13
3689	4.5061E-13
3690	4.4954E-13
3691	4.493E-13
3692	4.4822E-13
3693	4.4675E-13
3694	4.4651E-13
3695	4.4626E-13
3696	4.4685E-13
3697	4.4784E-13
3698	4.4842E-13
3699	4.4818E-13
3700	4.4917E-13
3701	4.4976E-13
3702	4.5035E-13
3703	4.5052E-13
3704	4.511E-13
3705	4.5169E-13
3706	4.5228E-13
3707	4.5329E-13
3708	4.5513E-13
3709	4.5657E-13
3710	4.5843E-13
3711	4.6114E-13
3712	4.6303E-13
3713	4.6491E-13
3714	4.6767E-13
3715	4.7001E-13
3716	4.7019E-13
3717	4.708E-13
3718	4.6968E-13
3719	4.6943E-13
3720	4.7004E-13
3721	4.7109E-13
3722	4.7388E-13
3723	4.7669E-13
3724	4.7951E-13
3725	4.8325E-13
3726	4.8521E-13
3727	4.8585E-13
3728	4.8559E-13
3729	4.8443E-13
3730	4.8328E-13
3731	4.8258E-13
3732	4.8055E-13
3733	4.8206E-13
3734	4.8225E-13
3735	4.86E-13
3736	4.8888E-13
3737	4.9315E-13
3738	4.979E-13
3739	5.0178E-13
3740	5.0475E-13
3741	5.0588E-13
3742	5.0561E-13
3743	5.0394E-13
3744	4.9951E-13
3745	4.9513E-13
3746	4.9033E-13
3747	4.8692E-13
3748	4.8487E-13
3749	4.8461E-13
3750	4.8748E-13
3751	4.9128E-13
3752	4.9647E-13
3753	5.0265E-13
3754	5.089E-13
3755	5.1428E-13
3756	5.1876E-13
3757	5.2184E-13
3758	5.2494E-13
3759	5.2417E-13
3760	5.2293E-13
3761	5.193E-13
3762	5.1473E-13
3763	5.0974E-13
3764	5.0387E-13
3765	4.9853E-13
3766	4.9279E-13
3767	4.8801E-13
3768	4.8284E-13
3769	4.8036E-13
3770	4.8188E-13
3771	4.8385E-13
3772	4.8987E-13
3773	4.9642E-13
3774	5.0259E-13
3775	5.0885E-13
3776	5.1423E-13
3777	5.1824E-13
3778	5.2131E-13
3779	5.2344E-13
3780	5.2413E-13
3781	5.2385E-13
3782	5.2357E-13
3783	5.2233E-13
3784	5.2109E-13
3785	5.1843E-13
3786	5.1672E-13
3787	5.1219E-13
3788	5.0769E-13
3789	5.0092E-13
3790	4.9424E-13
3791	4.8631E-13
3792	4.785E-13
3793	4.7039E-13
3794	4.6369E-13
3795	4.5751E-13
3796	4.5516E-13
3797	4.5409E-13
3798	4.5762E-13
3799	4.6162E-13
3800	4.6866E-13
3801	4.7668E-13
3802	4.8573E-13
3803	4.9405E-13
3804	5.0204E-13
3805	5.0876E-13
3806	5.1509E-13
3807	5.2006E-13
3808	5.2363E-13
3809	5.2674E-13
3810	5.2938E-13
3811	5.2959E-13
3812	5.3029E-13
3813	5.2904E-13
3814	5.2827E-13
3815	5.2509E-13
3816	5.224E-13
3817	5.1973E-13
3818	5.1707E-13
3819	5.1585E-13
3820	5.1558E-13
3821	5.1436E-13
3822	5.1409E-13
3823	5.1287E-13
3824	5.1025E-13
3825	5.0764E-13
3826	5.0088E-13
3827	4.9511E-13
3828	4.8717E-13
3829	4.7979E-13
3830	4.7209E-13
3831	4.6494E-13
3832	4.6171E-13
3833	4.602E-13
3834	4.6123E-13
3835	4.6568E-13
3836	4.6975E-13
3837	4.7779E-13
3838	4.8508E-13
3839	4.9384E-13
3840	5.0229E-13
3841	5.0902E-13
3842	5.1535E-13
3843	5.2081E-13
3844	5.2487E-13
3845	5.2896E-13
3846	5.3211E-13
3847	5.3527E-13
3848	5.3647E-13
3849	5.3867E-13
3850	5.4038E-13
3851	5.5831E-13
3852	5.5699E-13
3853	5.5619E-13
3854	5.5488E-13
3855	5.5459E-13
3856	5.5227E-13
3857	5.5045E-13
3858	5.4916E-13
3859	5.4736E-13
3860	5.4356E-13
3861	5.3978E-13
3862	5.3505E-13
3863	5.3134E-13
3864	5.2716E-13
3865	5.2592E-13
3866	5.2468E-13
3867	5.2441E-13
3868	5.2318E-13
3869	5.2387E-13
3870	5.2456E-13
3871	5.2429E-13
3872	5.2306E-13
3873	5.2134E-13
3874	5.2012E-13
3875	5.1651E-13
3876	5.1198E-13
3877	5.0702E-13
3878	5.0027E-13
3879	4.927E-13
3880	4.8479E-13
3881	4.7702E-13
3882	4.698E-13
3883	4.6354E-13
3884	4.5948E-13
3885	4.5713E-13
3886	4.5773E-13
3887	4.6131E-13
3888	4.662E-13
3889	4.7244E-13
3890	4.7921E-13
3891	4.8741E-13
3892	4.9576E-13
3893	5.0379E-13
3894	5.1148E-13
3895	5.1785E-13
3896	5.2334E-13
3897	5.2645E-13
3898	5.2861E-13
3899	5.3078E-13
3900	5.3149E-13
3901	5.3219E-13
3902	5.329E-13
3903	5.3312E-13
3904	5.3285E-13
3905	5.3257E-13
3906	5.323E-13
3907	5.3203E-13
3908	5.3176E-13
3909	5.3148E-13
3910	5.3072E-13
3911	5.2947E-13
3912	5.2823E-13
3913	5.2699E-13
3914	5.2526E-13
3915	5.2307E-13
3916	5.2136E-13
3917	5.1774E-13
3918	5.151E-13
3919	5.1294E-13
3920	5.1033E-13
3921	5.0866E-13
3922	5.0653E-13
3923	5.0487E-13
3924	5.0369E-13
3925	5.0251E-13
3926	5.0086E-13
3927	4.9969E-13
3928	5.0035E-13
3929	5.001E-13
3930	5.0123E-13
3931	5.0282E-13
3932	5.0396E-13
3933	5.0556E-13
3934	5.067E-13
3935	5.0878E-13
3936	5.104E-13
3937	5.1249E-13
3938	5.1318E-13
3939	5.1434E-13
3940	5.1502E-13
3941	5.1476E-13
3942	5.145E-13
3943	5.1424E-13
3944	5.1398E-13
3945	5.1467E-13
3946	5.1441E-13
3947	5.1415E-13
3948	5.1389E-13
3949	5.1268E-13
3950	5.1148E-13
3951	5.0981E-13
3952	5.0628E-13
3953	5.0369E-13
3954	4.9928E-13
3955	4.9491E-13
3956	4.8832E-13
3957	4.8138E-13
3958	4.741E-13
3959	4.6779E-13
3960	4.586E-13
3961	4.4917E-13
3962	4.4034E-13
3963	4.3249E-13
3964	4.2595E-13
3965	4.2183E-13
3966	4.189E-13
3967	4.2063E-13
3968	4.2235E-13
3969	4.2762E-13
3970	4.3295E-13
3971	4.3956E-13
3972	4.4751E-13
3973	4.5351E-13
3974	4.6086E-13
3975	4.6574E-13
3976	4.7068E-13
3977	4.7392E-13
3978	4.7763E-13
3979	4.7959E-13
3980	4.8112E-13
3981	4.8221E-13
3982	4.8375E-13
3983	4.8574E-13
3984	4.846E-13
3985	4.8435E-13
3986	4.8411E-13
3987	4.8476E-13
3988	4.8541E-13
3989	4.8651E-13
3990	4.8806E-13
3991	4.8827E-13
3992	4.8892E-13
3993	4.8958E-13
3994	4.9023E-13
3995	4.8999E-13
3996	4.8974E-13
3997	4.895E-13
3998	4.8835E-13
3999	4.8721E-13
4000	4.8562E-13
4001	4.836E-13
4002	4.8202E-13
4003	4.8001E-13
4004	4.7844E-13
4005	4.7732E-13
4006	4.7709E-13
4007	4.7685E-13
4008	4.7749E-13
4009	4.7813E-13
4010	4.7922E-13
4011	4.7986E-13
4012	4.8095E-13
4013	4.8159E-13
4014	4.8135E-13
4015	4.8023E-13
4016	4.7867E-13
4017	4.7535E-13
4018	4.7337E-13
4019	4.7009E-13
4020	4.677E-13
4021	4.6618E-13
4022	4.6509E-13
4023	4.6486E-13
4024	4.6548E-13
4025	4.6654E-13
4026	4.6846E-13
4027	4.7126E-13
4028	4.7363E-13
4029	4.7558E-13
4030	4.7754E-13
4031	4.7862E-13
4032	4.7927E-13
4033	4.7992E-13
4034	4.8056E-13
4035	4.8032E-13
4036	4.8008E-13
4037	4.7985E-13
4038	4.7961E-13
4039	4.7937E-13
4040	4.7913E-13
4041	4.789E-13
4042	4.7866E-13
4043	4.7886E-13
4044	4.7863E-13
4045	4.7839E-13
4046	4.7771E-13
4047	4.7748E-13
4048	4.7724E-13
4049	4.7701E-13
4050	4.7677E-13
4051	4.7654E-13
4052	4.7543E-13
4053	4.7431E-13
4054	4.7408E-13
4055	4.7298E-13
4056	4.7231E-13
4057	4.7207E-13
4058	4.7184E-13
4059	4.7161E-13
4060	4.7138E-13
4061	4.7114E-13
4062	4.7004E-13
4063	4.6895E-13
4064	4.6743E-13
4065	4.6634E-13
4066	4.6525E-13
4067	4.6374E-13
4068	4.6351E-13
4069	4.6328E-13
4070	4.6305E-13
4071	4.6368E-13
4072	4.6388E-13
4073	4.6451E-13
4074	4.6428E-13
4075	4.6491E-13
4076	4.6468E-13
4077	4.6445E-13
4078	4.6465E-13
4079	4.6399E-13
4080	4.6377E-13
4081	4.6269E-13
4082	4.6161E-13
4083	4.6011E-13
4084	4.5819E-13
4085	4.5587E-13
4086	4.5271E-13
4087	4.5041E-13
4088	4.4647E-13
4089	4.4217E-13
4090	4.3629E-13
4091	4.3049E-13
4092	4.2281E-13
4093	4.1528E-13
4094	4.0712E-13
4095	4.006E-13
4096	3.9455E-13
4097	3.9074E-13
4098	3.8804E-13
4099	3.9036E-13
4100	3.9197E-13
4101	3.9686E-13
4102	4.0293E-13
4103	4.0984E-13
4104	4.1764E-13
4105	4.2403E-13
4106	4.3091E-13
4107	4.3548E-13
4108	4.393E-13
4109	4.4274E-13
4110	4.4457E-13
4111	4.4599E-13
4112	4.4577E-13
4113	4.4556E-13
4114	4.4534E-13
4115	4.4512E-13
4116	4.4491E-13
4117	4.4592E-13
4118	4.457E-13
4119	4.4549E-13
4120	4.4527E-13
4121	4.4588E-13
4122	4.4648E-13
4123	4.4627E-13
4124	4.4605E-13
4125	4.4583E-13
4126	4.4562E-13
4127	4.454E-13
4128	4.4437E-13
4129	4.4333E-13
4130	4.4312E-13
4131	4.4168E-13
4132	4.4066E-13
4133	4.3882E-13
4134	4.3659E-13
4135	4.3518E-13
4136	4.3297E-13
4137	4.3038E-13
4138	4.2819E-13
4139	4.268E-13
4140	4.2581E-13
4141	4.2482E-13
4142	4.254E-13
4143	4.2598E-13
4144	4.2774E-13
4145	4.2872E-13
4146	4.3009E-13
4147	4.3187E-13
4148	4.3246E-13
4149	4.3304E-13
4150	4.3323E-13
4151	4.3303E-13
4152	4.3362E-13
4153	4.3341E-13
4154	4.332E-13
4155	4.3299E-13
4156	4.3198E-13
4157	4.3178E-13
4158	4.3157E-13
4159	4.3136E-13
4160	4.3076E-13
4161	4.2976E-13
4162	4.3034E-13
4163	4.3014E-13
4164	4.2993E-13
4165	4.2893E-13
4166	4.2873E-13
4167	4.2931E-13
4168	4.295E-13
4169	4.2929E-13
4170	4.2988E-13
4171	4.2967E-13
4172	4.2947E-13
4173	4.3005E-13
4174	4.2985E-13
4175	4.3004E-13
4176	4.3063E-13
4177	4.2963E-13
4178	4.2942E-13
4179	4.2882E-13
4180	4.2862E-13
4181	4.2841E-13
4182	4.2742E-13
4183	4.2721E-13
4184	4.2701E-13
4185	4.268E-13
4186	4.2739E-13
4187	4.2718E-13
4188	4.2698E-13
4189	4.2678E-13
4190	4.2657E-13
4191	4.2637E-13
4192	4.2617E-13
4193	4.2596E-13
4194	4.2615E-13
4195	4.2673E-13
4196	4.2653E-13
4197	4.2554E-13
4198	4.2534E-13
4199	4.2475E-13
4200	4.2454E-13
4201	4.2356E-13
4202	4.2336E-13
4203	4.2316E-13
4204	4.2295E-13
4205	4.2275E-13
4206	4.2333E-13
4207	4.2313E-13
4208	4.2293E-13
4209	4.2273E-13
4210	4.2253E-13
4211	4.2233E-13
4212	4.2252E-13
4213	4.231E-13
4214	4.2289E-13
4215	4.2269E-13
4216	4.2249E-13
4217	4.2151E-13
4218	4.2131E-13
4219	4.2189E-13
4220	4.2169E-13
4221	4.2072E-13
4222	4.2052E-13
4223	4.2032E-13
4224	4.2012E-13
4225	4.1953E-13
4226	4.1856E-13
4227	4.1836E-13
4228	4.174E-13
4229	4.1605E-13
4230	4.1509E-13
4231	4.1489E-13
4232	4.1393E-13
4233	4.1336E-13
4234	4.124E-13
4235	4.1221E-13
4236	4.1125E-13
4237	4.1106E-13
4238	4.1162E-13
4239	4.1143E-13
4240	4.1123E-13
4241	4.1104E-13
4242	4.1085E-13
4243	4.099E-13
4244	4.0895E-13
4245	4.0838E-13
4246	4.0819E-13
4247	4.08E-13
4248	4.0705E-13
4249	4.0611E-13
4250	4.0518E-13
4251	4.0461E-13
4252	4.0442E-13
4253	4.0423E-13
4254	4.0404E-13
4255	4.0385E-13
4256	4.0292E-13
4257	4.0273E-13
4258	4.018E-13
4259	4.005E-13
4260	4.0031E-13
4261	3.9939E-13
4262	3.992E-13
4263	3.9902E-13
4264	3.9883E-13
4265	3.9864E-13
4266	3.9919E-13
4267	3.99E-13
4268	3.9882E-13
4269	3.9863E-13
4270	3.9771E-13
4271	3.9679E-13
4272	3.9624E-13
4273	3.9605E-13
4274	3.9587E-13
4275	3.9496E-13
4276	3.9477E-13
4277	3.9459E-13
4278	3.944E-13
4279	3.9495E-13
4280	3.9512E-13
4281	3.9494E-13
4282	3.9548E-13
4283	3.953E-13
4284	3.9511E-13
4285	3.942E-13
4286	3.9402E-13
4287	3.9383E-13
4288	3.9329E-13
4289	3.9238E-13
4290	3.922E-13
4291	3.9129E-13
4292	3.9039E-13
4293	3.9021E-13
4294	3.8895E-13
4295	3.8877E-13
4296	3.8788E-13
4297	3.8698E-13
4298	3.8645E-13
4299	3.8627E-13
4300	3.8537E-13
4301	3.852E-13
4302	3.8502E-13
4303	3.8484E-13
4304	3.8466E-13
4305	3.8448E-13
4306	3.8501E-13
4307	3.8483E-13
4308	3.8465E-13
4309	3.8448E-13
4310	3.843E-13
4311	3.8447E-13
4312	3.8429E-13
4313	3.8482E-13
4314	3.8535E-13
4315	3.8624E-13
4316	3.8678E-13
4317	3.8731E-13
4318	3.8713E-13
4319	3.8766E-13
4320	3.8748E-13
4321	3.873E-13
4322	3.8641E-13
4323	3.8552E-13
4324	3.8428E-13
4325	3.8199E-13
4326	3.8006E-13
4327	3.764E-13
4328	3.7243E-13
4329	3.6715E-13
4330	3.6228E-13
4331	3.542E-13
4332	3.4661E-13
4333	3.3763E-13
4334	3.2888E-13
4335	3.2303E-13
4336	3.1845E-13
4337	3.1626E-13
4338	3.1699E-13
4339	3.1889E-13
4340	3.2348E-13
4341	3.2843E-13
4342	3.3469E-13
4343	3.417E-13
4344	3.4757E-13
4345	3.5354E-13
4346	3.5731E-13
4347	3.6178E-13
4348	3.6429E-13
4349	3.6715E-13
4350	3.6935E-13
4351	3.7157E-13
4352	3.7312E-13
4353	3.7432E-13
4354	3.7518E-13
4355	3.757E-13
4356	3.7622E-13
4357	3.7605E-13
4358	3.7588E-13
4359	3.7571E-13
4360	3.7553E-13
4361	3.7467E-13
4362	3.7381E-13
4363	3.7364E-13
4364	3.7347E-13
4365	3.733E-13
4366	3.7244E-13
4367	3.7227E-13
4368	3.7278E-13
4369	3.7261E-13
4370	3.7313E-13
4371	3.7296E-13
4372	3.7347E-13
4373	3.733E-13
4374	3.7313E-13
4375	3.7228E-13
4376	3.7142E-13
4377	3.7023E-13
4378	3.687E-13
4379	3.6616E-13
4380	3.6364E-13
4381	3.618E-13
4382	3.5931E-13
4383	3.5816E-13
4384	3.5668E-13
4385	3.5652E-13
4386	3.5701E-13
4387	3.5751E-13
4388	3.5899E-13
4389	3.6115E-13
4390	3.6265E-13
4391	3.6416E-13
4392	3.6534E-13
4393	3.6618E-13
4394	3.6669E-13
4395	3.672E-13
4396	3.6737E-13
4397	3.6788E-13
4398	3.6771E-13
4399	3.6687E-13
4400	3.667E-13
4401	3.662E-13
4402	3.6603E-13
4403	3.6587E-13
4404	3.657E-13
4405	3.6486E-13
4406	3.6403E-13
4407	3.6286E-13
4408	3.6202E-13
4409	3.6119E-13
4410	3.5937E-13
4411	3.5855E-13
4412	3.5805E-13
4413	3.5723E-13
4414	3.5707E-13
4415	3.5691E-13
4416	3.5675E-13
4417	3.5659E-13
4418	3.5708E-13
4419	3.5692E-13
4420	3.5709E-13
4421	3.5758E-13
4422	3.5677E-13
4423	3.5628E-13
4424	3.5612E-13
4425	3.553E-13
4426	3.5514E-13
4427	3.5498E-13
4428	3.5416E-13
4429	3.54E-13
4430	3.5319E-13
4431	3.5271E-13
4432	3.5125E-13
4433	3.5109E-13
4434	3.5029E-13
4435	3.5013E-13
4436	3.5062E-13
4437	3.5046E-13
4438	3.5095E-13
4439	3.5079E-13
4440	3.5128E-13
4441	3.5112E-13
4442	3.5096E-13
4443	3.5081E-13
4444	3.5065E-13
4445	3.5081E-13
4446	3.513E-13
4447	3.5114E-13
4448	3.5099E-13
4449	3.5083E-13
4450	3.5067E-13
4451	3.5051E-13
4452	3.5036E-13
4453	3.502E-13
4454	3.5004E-13
4455	3.4988E-13
4456	3.4908E-13
4457	3.4861E-13
4458	3.4781E-13
4459	3.4606E-13
4460	3.4463E-13
4461	3.4194E-13
4462	3.3959E-13
4463	3.3602E-13
4464	3.3279E-13
4465	3.299E-13
4466	3.2672E-13
4467	3.2508E-13
4468	3.2433E-13
4469	3.2359E-13
4470	3.2494E-13
4471	3.269E-13
4472	3.2826E-13
4473	3.3024E-13
4474	3.3222E-13
4475	3.333E-13
4476	3.3469E-13
4477	3.3608E-13
4478	3.3717E-13
4479	3.3733E-13
4480	3.378E-13
4481	3.3828E-13
4482	3.3812E-13
4483	3.386E-13
4484	3.3876E-13
4485	3.3861E-13
4486	3.3846E-13
4487	3.3893E-13
4488	3.3878E-13
4489	3.3863E-13
4490	3.3785E-13
4491	3.377E-13
4492	3.3755E-13
4493	3.374E-13
4494	3.3725E-13
4495	3.371E-13
4496	3.3695E-13
4497	3.3649E-13
4498	3.3572E-13
4499	3.3557E-13
4500	3.3481E-13
4501	3.3466E-13
4502	3.3451E-13
4503	3.3436E-13
4504	3.3421E-13
4505	3.3407E-13
4506	3.333E-13
4507	3.3285E-13
4508	3.327E-13
4509	3.3286E-13
4510	3.3333E-13
4511	3.3379E-13
4512	3.3426E-13
4513	3.3442E-13
4514	3.3489E-13
4515	3.3474E-13
4516	3.3521E-13
4517	3.3506E-13
4518	3.3553E-13
4519	3.3569E-13
4520	3.3554E-13
4521	3.3539E-13
4522	3.3524E-13
4523	3.3479E-13
4524	3.3402E-13
4525	3.3387E-13
4526	3.3373E-13
4527	3.3358E-13
4528	3.3343E-13
4529	3.3267E-13
4530	3.3252E-13
4531	3.3238E-13
4532	3.3223E-13
4533	3.3208E-13
4534	3.3194E-13
4535	3.3118E-13
4536	3.3073E-13
4537	3.2998E-13
4538	3.2983E-13
4539	3.2969E-13
4540	3.2954E-13
4541	3.294E-13
4542	3.2925E-13
4543	3.285E-13
4544	3.2775E-13
4545	3.267E-13
4546	3.2656E-13
4547	3.2581E-13
4548	3.2567E-13
4549	3.2493E-13
4550	3.2449E-13
4551	3.2434E-13
4552	3.242E-13
4553	3.2406E-13
4554	3.2332E-13
4555	3.2318E-13
4556	3.2304E-13
4557	3.229E-13
4558	3.2275E-13
4559	3.2202E-13
4560	3.2188E-13
4561	3.2114E-13
4562	3.2071E-13
4563	3.2057E-13
4564	3.2043E-13
4565	3.197E-13
4566	3.1956E-13
4567	3.1942E-13
4568	3.1987E-13
4569	3.1973E-13
4570	3.1959E-13
4571	3.1945E-13
4572	3.1931E-13
4573	3.1946E-13
4574	3.1991E-13
4575	3.2036E-13
4576	3.2022E-13
4577	3.2008E-13
4578	3.2053E-13
4579	3.2039E-13
4580	3.2025E-13
4581	3.2011E-13
4582	3.1938E-13
4583	3.1924E-13
4584	3.1852E-13
4585	3.175E-13
4586	3.1678E-13
4587	3.1605E-13
4588	3.1563E-13
4589	3.1491E-13
4590	3.1419E-13
4591	3.1406E-13
4592	3.1392E-13
4593	3.1378E-13
4594	3.1307E-13
4595	3.1293E-13
4596	3.128E-13
4597	3.1266E-13
4598	3.1252E-13
4599	3.1239E-13
4600	3.1225E-13
4601	3.1183E-13
4602	3.1169E-13
4603	3.1156E-13
4604	3.1085E-13
4605	3.1071E-13
4606	3.1058E-13
4607	3.0987E-13
4608	3.0974E-13
4609	3.096E-13
4610	3.0947E-13
4611	3.0934E-13
4612	3.092E-13
4613	3.0964E-13
4614	3.095E-13
4615	3.0937E-13
4616	3.0924E-13
4617	3.091E-13
4618	3.0897E-13
4619	3.0883E-13
4620	3.0956E-13
4621	3.0942E-13
4622	3.09E-13
4623	3.083E-13
4624	3.076E-13
4625	3.0747E-13
4626	3.0648E-13
4627	3.0635E-13
4628	3.0566E-13
4629	3.0552E-13
4630	3.0539E-13
4631	3.047E-13
4632	3.0457E-13
4633	3.036E-13
4634	3.0291E-13
4635	3.0222E-13
4636	3.0181E-13
4637	3.0112E-13
4638	2.9989E-13
4639	2.9976E-13
4640	2.9963E-13
4641	2.995E-13
4642	2.9937E-13
4643	2.9924E-13
4644	2.9884E-13
4645	2.9871E-13
4646	2.9858E-13
4647	2.9845E-13
4648	2.986E-13
4649	2.9902E-13
4650	2.9944E-13
4651	2.9931E-13
4652	2.9974E-13
4653	2.9988E-13
4654	3.0031E-13
4655	3.0018E-13
4656	3.0005E-13
4657	2.9937E-13
4658	2.9924E-13
4659	2.9911E-13
4660	2.9898E-13
4661	2.9886E-13
4662	2.9928E-13
4663	2.9832E-13
4664	2.9765E-13
4665	2.9752E-13
4666	2.9685E-13
4667	2.9672E-13
4668	2.9659E-13
4669	2.9592E-13
4670	2.9579E-13
4671	2.9567E-13
4672	2.9554E-13
4673	2.9596E-13
4674	2.9638E-13
4675	2.968E-13
4676	2.9694E-13
4677	2.9681E-13
4678	2.9641E-13
4679	2.952E-13
4680	2.9562E-13
4681	2.9549E-13
4682	2.9536E-13
4683	2.9524E-13
4684	2.9511E-13
4685	2.9553E-13
4686	2.9568E-13
4687	2.9609E-13
4688	2.9597E-13
4689	2.9584E-13
4690	2.9572E-13
4691	2.9505E-13
4692	2.9411E-13
4693	2.9398E-13
4694	2.9385E-13
4695	2.9319E-13
4696	2.9172E-13
4697	2.9106E-13
4698	2.9093E-13
4699	2.9081E-13
4700	2.9203E-13
4702	2.9044E-13
4704	2.8966E-13
4706	2.8941E-13
4708	2.889E-13
4710	2.8865E-13
4712	2.8841E-13
4714	2.8817E-13
4716	2.8792E-13
4718	2.8768E-13
4720	2.8743E-13
4722	2.8666E-13
4724	2.8695E-13
4726	2.867E-13
4728	2.8646E-13
4730	2.8648E-13
4732	2.8624E-13
4734	2.86E-13
4736	2.8576E-13
4738	2.8552E-13
4740	2.8501E-13
4742	2.8425E-13
4744	2.8349E-13
4746	2.8273E-13
4748	2.8223E-13
4750	2.8147E-13
4752	2.8123E-13
4754	2.81E-13
4756	2.8076E-13
4758	2.8104E-13
4760	2.8081E-13
4762	2.8057E-13
4764	2.8033E-13
4766	2.801E-13
4768	2.7986E-13
4770	2.7963E-13
4772	2.7888E-13
4774	2.7865E-13
4776	2.7841E-13
4778	2.7818E-13
4780	2.7795E-13
4782	2.7772E-13
4784	2.7697E-13
4786	2.7674E-13
4788	2.7651E-13
4790	2.7577E-13
4792	2.7529E-13
4794	2.7506E-13
4796	2.7483E-13
4798	2.746E-13
4800	2.7437E-13
4802	2.7364E-13
4804	2.7341E-13
4806	2.7318E-13
4808	2.7245E-13
4810	2.7223E-13
4812	2.7175E-13
4814	2.7102E-13
4816	2.708E-13
4818	2.7008E-13
4820	2.6985E-13
4822	2.6963E-13
4824	2.694E-13
4826	2.6918E-13
4828	2.6945E-13
4830	2.6923E-13
4832	2.6951E-13
4834	2.6953E-13
4836	2.698E-13
4838	2.6908E-13
4840	2.6812E-13
4842	2.6741E-13
4844	2.6596E-13
4846	2.6403E-13
4848	2.6212E-13
4850	2.5974E-13
4852	2.5786E-13
4854	2.5575E-13
4856	2.539E-13
4858	2.5206E-13
4860	2.507E-13
4862	2.5003E-13
4864	2.4982E-13
4866	2.5008E-13
4868	2.5103E-13
4870	2.5244E-13
4872	2.5387E-13
4874	2.5553E-13
4876	2.5745E-13
4878	2.589E-13
4880	2.6036E-13
4882	2.6135E-13
4884	2.6234E-13
4886	2.6261E-13
4888	2.6288E-13
4890	2.6266E-13
4892	2.6245E-13
4894	2.6175E-13
4896	2.6106E-13
4898	2.6013E-13
4900	2.5943E-13
4902	2.5851E-13
4904	2.5782E-13
4906	2.5666E-13
4908	2.5575E-13
4910	2.546E-13
4912	2.5369E-13
4914	2.5232E-13
4916	2.5165E-13
4918	2.5075E-13
4920	2.4963E-13
4922	2.4942E-13
4924	2.4876E-13
4926	2.4833E-13
4928	2.4836E-13
4930	2.4861E-13
4932	2.4841E-13
4934	2.4821E-13
4936	2.4847E-13
4938	2.4827E-13
4940	2.4807E-13
4942	2.4787E-13
4944	2.4812E-13
4946	2.4792E-13
4948	2.4772E-13
4950	2.4752E-13
4952	2.4732E-13
4954	2.4712E-13
4956	2.4692E-13
4958	2.4627E-13
4960	2.4607E-13
4962	2.4587E-13
4964	2.4567E-13
4966	2.4502E-13
4968	2.4483E-13
4970	2.4463E-13
4972	2.4443E-13
4974	2.4379E-13
4976	2.4359E-13
4978	2.4317E-13
4980	2.4298E-13
4982	2.4278E-13
4984	2.4259E-13
4986	2.4194E-13
4988	2.4175E-13
4990	2.4111E-13
4992	2.4092E-13
4994	2.4006E-13
4996	2.3987E-13
4998	2.3924E-13
5000	2.3861E-13
5002	2.3776E-13
5004	2.3757E-13
5006	2.3694E-13
5008	2.3675E-13
5010	2.3613E-13
5012	2.3594E-13
5014	2.3575E-13
5016	2.3556E-13
5018	2.3537E-13
5020	2.3519E-13
5022	2.35E-13
5024	2.3481E-13
5026	2.3463E-13
5028	2.3444E-13
5030	2.3425E-13
5032	2.3385E-13
5034	2.3366E-13
5036	2.3305E-13
5038	2.3287E-13
5040	2.3225E-13
5042	2.3207E-13
5044	2.3188E-13
5046	2.3127E-13
5048	2.3109E-13
5050	2.3091E-13
5052	2.3072E-13
5054	2.3054E-13
5056	2.3036E-13
5058	2.3018E-13
5060	2.3E-13
5062	2.2981E-13
5064	2.2963E-13
5066	2.2945E-13
5068	2.2927E-13
5070	2.2909E-13
5072	2.2891E-13
5074	2.2873E-13
5076	2.2855E-13
5078	2.2837E-13
5080	2.2798E-13
5082	2.278E-13
5084	2.2762E-13
5086	2.2744E-13
5088	2.2684E-13
5090	2.2667E-13
5092	2.2649E-13
5094	2.2631E-13
5096	2.2572E-13
5098	2.2554E-13
5100	2.2536E-13
5102	2.2519E-13
5104	2.2459E-13
5106	2.2421E-13
5108	2.2404E-13
5110	2.2386E-13
5112	2.2369E-13
5114	2.2351E-13
5116	2.2293E-13
5118	2.2275E-13
5120	2.2258E-13
5122	2.224E-13
5124	2.2223E-13
5126	2.2206E-13
5128	2.2188E-13
5130	2.2171E-13
5132	2.2113E-13
5134	2.2096E-13
5136	2.2079E-13
5138	2.2061E-13
5140	2.2044E-13
5142	2.2027E-13
5144	2.201E-13
5146	2.1993E-13
5148	2.1976E-13
5150	2.1938E-13
5152	2.1921E-13
5154	2.1904E-13
5156	2.1887E-13
5158	2.185E-13
5160	2.1833E-13
5162	2.1816E-13
5164	2.178E-13
5166	2.1763E-13
5168	2.1746E-13
5170	2.1709E-13
5172	2.1692E-13
5174	2.1675E-13
5176	2.1639E-13
5178	2.1622E-13
5180	2.1585E-13
5182	2.1569E-13
5184	2.1532E-13
5186	2.1516E-13
5188	2.1479E-13
5190	2.1463E-13
5192	2.1426E-13
5194	2.141E-13
5196	2.1374E-13
5198	2.1357E-13
5200	2.1321E-13
5202	2.1305E-13
5204	2.1269E-13
5206	2.1233E-13
5208	2.1217E-13
5210	2.1181E-13
5212	2.1204E-13
5214	2.1148E-13
5216	2.1113E-13
5218	2.1058E-13
5220	2.1042E-13
5222	2.0987E-13
5224	2.0971E-13
5226	2.0916E-13
5228	2.09E-13
5230	2.0884E-13
5232	2.0849E-13
5234	2.0833E-13
5236	2.0779E-13
5238	2.0763E-13
5240	2.0709E-13
5242	2.0693E-13
5244	2.0639E-13
5246	2.0605E-13
5248	2.0589E-13
5250	2.0573E-13
5252	2.0558E-13
5254	2.0542E-13
5256	2.0526E-13
5258	2.0511E-13
5260	2.0495E-13
5262	2.0498E-13
5264	2.0483E-13
5266	2.0448E-13
5268	2.0433E-13
5270	2.0417E-13
5272	2.0364E-13
5274	2.0311E-13
5276	2.0259E-13
5278	2.0225E-13
5280	2.0172E-13
5282	2.012E-13
5284	2.0105E-13
5286	2.0034E-13
5288	2.0019E-13
5290	1.9967E-13
5292	1.9952E-13
5294	1.99E-13
5296	1.9885E-13
5298	1.987E-13
5300	1.9837E-13
5302	1.9785E-13
5304	1.977E-13
5306	1.9755E-13
5308	1.974E-13
5310	1.9726E-13
5312	1.9711E-13
5314	1.9696E-13
5316	1.9681E-13
5318	1.9666E-13
5320	1.9652E-13
5322	1.9601E-13
5324	1.9586E-13
5326	1.9571E-13
5328	1.9557E-13
5330	1.9506E-13
5332	1.9473E-13
5334	1.9459E-13
5336	1.9444E-13
5338	1.9394E-13
5340	1.9379E-13
5342	1.9329E-13
5344	1.9315E-13
5346	1.93E-13
5348	1.925E-13
5350	1.9218E-13
5352	1.9204E-13
5354	1.9189E-13
5356	1.914E-13
5358	1.9126E-13
5360	1.9111E-13
5362	1.9097E-13
5364	1.9083E-13
5366	1.9069E-13
5368	1.9019E-13
5370	1.9005E-13
5372	1.8991E-13
5374	1.8977E-13
5376	1.8963E-13
5378	1.8914E-13
5380	1.89E-13
5382	1.8868E-13
5384	1.8854E-13
5386	1.884E-13
5388	1.8826E-13
5390	1.8812E-13
5392	1.8764E-13
5394	1.875E-13
5396	1.8736E-13
5398	1.8722E-13
5400	1.8708E-13
5402	1.8694E-13
5404	1.8681E-13
5406	1.8632E-13
5408	1.8619E-13
5410	1.8605E-13
5412	1.8574E-13
5414	1.856E-13
5416	1.8512E-13
5418	1.8499E-13
5420	1.8485E-13
5422	1.8471E-13
5424	1.8424E-13
5426	1.841E-13
5428	1.8397E-13
5430	1.8349E-13
5432	1.8336E-13
5434	1.8305E-13
5436	1.8292E-13
5438	1.8245E-13
5440	1.8231E-13
5442	1.8218E-13
5444	1.8171E-13
5446	1.8158E-13
5448	1.8145E-13
5450	1.8131E-13
5452	1.8085E-13
5454	1.8071E-13
5456	1.8041E-13
5458	1.8028E-13
5460	1.7982E-13
5462	1.7969E-13
5464	1.7922E-13
5466	1.7909E-13
5468	1.7896E-13
5470	1.785E-13
5472	1.7837E-13
5474	1.7824E-13
5476	1.7795E-13
5478	1.7782E-13
5480	1.7769E-13
5482	1.7756E-13
5484	1.771E-13
5486	1.7697E-13
5488	1.7684E-13
5490	1.7672E-13
5492	1.7626E-13
5494	1.7613E-13
5496	1.7601E-13
5498	1.7555E-13
5500	1.7526E-13
5502	1.7514E-13
5504	1.7501E-13
5506	1.7456E-13
5508	1.7443E-13
5510	1.7431E-13
5512	1.7418E-13
5514	1.7406E-13
5516	1.7361E-13
5518	1.7348E-13
5520	1.7336E-13
5522	1.7323E-13
5524	1.7295E-13
5526	1.7282E-13
5528	1.7238E-13
5530	1.7225E-13
5532	1.7213E-13
5534	1.7169E-13
5536	1.7156E-13
5538	1.7144E-13
5540	1.71E-13
5542	1.7088E-13
5544	1.7076E-13
5546	1.7048E-13
5548	1.7035E-13
5550	1.6992E-13
5552	1.6979E-13
5554	1.6967E-13
5556	1.6955E-13
5558	1.6943E-13
5560	1.6931E-13
5562	1.6918E-13
5564	1.6906E-13
5566	1.6894E-13
5568	1.6882E-13
5570	1.687E-13
5572	1.6858E-13
5574	1.6846E-13
5576	1.6833E-13
5578	1.6821E-13
5580	1.6809E-13
5582	1.6797E-13
5584	1.6785E-13
5586	1.6773E-13
5588	1.6761E-13
5590	1.6749E-13
5592	1.6707E-13
5594	1.6695E-13
5596	1.6652E-13
5598	1.6625E-13
5600	1.6613E-13
5602	1.657E-13
5604	1.6559E-13
5606	1.6516E-13
5608	1.6505E-13
5610	1.6493E-13
5612	1.6451E-13
5614	1.6424E-13
5616	1.6412E-13
5618	1.637E-13
5620	1.6359E-13
5622	1.6347E-13
5624	1.6305E-13
5626	1.6294E-13
5628	1.6267E-13
5630	1.6226E-13
5632	1.6184E-13
5634	1.6173E-13
5636	1.6132E-13
5638	1.612E-13
5640	1.6109E-13
5642	1.6083E-13
5644	1.6071E-13
5646	1.606E-13
5648	1.6048E-13
5650	1.6008E-13
5652	1.5996E-13
5654	1.5985E-13
5656	1.5974E-13
5658	1.5933E-13
5660	1.5922E-13
5662	1.5881E-13
5664	1.5855E-13
5666	1.5815E-13
5668	1.5804E-13
5670	1.5764E-13
5672	1.5723E-13
5674	1.5698E-13
5676	1.5687E-13
5678	1.5676E-13
5680	1.5636E-13
5682	1.5625E-13
5684	1.5614E-13
5686	1.5603E-13
5688	1.5592E-13
5690	1.5581E-13
5692	1.557E-13
5694	1.5559E-13
5696	1.5577E-13
5698	1.5537E-13
5700	1.5526E-13
5702	1.5516E-13
5704	1.5505E-13
5706	1.5494E-13
5708	1.5483E-13
5710	1.5444E-13
5712	1.5433E-13
5714	1.5422E-13
5716	1.5411E-13
5718	1.5372E-13
5720	1.5361E-13
5722	1.5336E-13
5724	1.5326E-13
5726	1.5287E-13
5728	1.5276E-13
5730	1.5266E-13
5732	1.5227E-13
5734	1.5216E-13
5736	1.5206E-13
5738	1.5195E-13
5740	1.517E-13
5742	1.516E-13
5744	1.5121E-13
5746	1.5111E-13
5748	1.51E-13
5750	1.509E-13
5752	1.5079E-13
5754	1.5069E-13
5756	1.5058E-13
5758	1.5048E-13
5760	1.5038E-13
5762	1.5027E-13
5764	1.4989E-13
5766	1.4979E-13
5768	1.4968E-13
5770	1.4958E-13
5772	1.492E-13
5774	1.491E-13
5776	1.4899E-13
5778	1.4875E-13
5780	1.4865E-13
5782	1.4827E-13
5784	1.4817E-13
5786	1.4807E-13
5788	1.4797E-13
5790	1.4786E-13
5792	1.4776E-13
5794	1.4739E-13
5796	1.4729E-13
5798	1.4719E-13
5800	1.4708E-13
5802	1.4671E-13
5804	1.4661E-13
5806	1.4638E-13
5808	1.4627E-13
5810	1.4617E-13
5812	1.4607E-13
5814	1.457E-13
5816	1.456E-13
5818	1.455E-13
5820	1.4514E-13
5822	1.4504E-13
5824	1.4494E-13
5826	1.4457E-13
5828	1.4447E-13
5830	1.4424E-13
5832	1.4414E-13
5834	1.4404E-13
5836	1.4368E-13
5838	1.4358E-13
5840	1.4348E-13
5842	1.4312E-13
5844	1.4302E-13
5846	1.4292E-13
5848	1.4283E-13
5850	1.4273E-13
5852	1.4263E-13
5854	1.4227E-13
5856	1.4204E-13
5858	1.4168E-13
5860	1.4133E-13
5862	1.4084E-13
5864	1.4049E-13
5866	1.4E-13
5868	1.3939E-13
5870	1.3891E-13
5872	1.3856E-13
5874	1.3821E-13
5876	1.3787E-13
5878	1.3765E-13
5880	1.3768E-13
5882	1.3784E-13
5884	1.3774E-13
5886	1.3816E-13
5888	1.3819E-13
5890	1.3835E-13
5892	1.3851E-13
5894	1.3868E-13
5896	1.3871E-13
5898	1.3887E-13
5900	1.3878E-13
5902	1.3868E-13
5904	1.3884E-13
5906	1.3875E-13
5908	1.3866E-13
5910	1.3831E-13
5912	1.3821E-13
5914	1.3812E-13
5916	1.3777E-13
5918	1.3768E-13
5920	1.3759E-13
5922	1.3737E-13
5924	1.3702E-13
5926	1.3693E-13
5928	1.3659E-13
5930	1.3649E-13
5932	1.3615E-13
5934	1.3593E-13
5936	1.3584E-13
5938	1.355E-13
5940	1.3541E-13
5942	1.3507E-13
5944	1.3498E-13
5946	1.3489E-13
5948	1.348E-13
5950	1.3471E-13
5952	1.3462E-13
5954	1.3477E-13
5956	1.3468E-13
5958	1.3459E-13
5960	1.3425E-13
5962	1.3416E-13
5964	1.3407E-13
5966	1.3398E-13
5968	1.3365E-13
5970	1.3356E-13
5972	1.3335E-13
5974	1.3326E-13
5976	1.3317E-13
5978	1.3308E-13
5980	1.3299E-13
5982	1.3266E-13
5984	1.3257E-13
5986	1.3248E-13
5988	1.3215E-13
5990	1.3206E-13
5992	1.3197E-13
5994	1.3188E-13
5996	1.3179E-13
5998	1.3171E-13
6000	1.3162E-13
6002	1.3153E-13
6004	1.3144E-13
6006	1.3136E-13
6008	1.3127E-13
6010	1.3118E-13
6012	1.3085E-13
6014	1.3065E-13
6016	1.3056E-13
6018	1.3047E-13
6020	1.3015E-13
6022	1.3006E-13
6024	1.2973E-13
6026	1.2965E-13
6028	1.2956E-13
6030	1.2936E-13
6032	1.2927E-13
6034	1.2918E-13
6036	1.2886E-13
6038	1.2878E-13
6040	1.2869E-13
6042	1.2861E-13
6044	1.2852E-13
6046	1.2844E-13
6048	1.2811E-13
6050	1.2803E-13
6052	1.2794E-13
6054	1.2786E-13
6056	1.2754E-13
6058	1.2746E-13
6060	1.2737E-13
6062	1.2729E-13
6064	1.2709E-13
6066	1.27E-13
6068	1.2669E-13
6070	1.266E-13
6072	1.2652E-13
6074	1.2644E-13
6076	1.2635E-13
6078	1.2604E-13
6080	1.2595E-13
6082	1.2587E-13
6084	1.2579E-13
6086	1.2571E-13
6088	1.2562E-13
6090	1.2531E-13
6092	1.2523E-13
6094	1.2503E-13
6096	1.2495E-13
6098	1.2487E-13
6100	1.2455E-13
6102	1.2447E-13
6104	1.2439E-13
6106	1.2431E-13
6108	1.2423E-13
6110	1.2415E-13
6112	1.2384E-13
6114	1.2376E-13
6116	1.2368E-13
6118	1.236E-13
6120	1.2351E-13
6122	1.2343E-13
6124	1.2335E-13
6126	1.2305E-13
6128	1.2297E-13
6130	1.2277E-13
6132	1.2269E-13
6134	1.2261E-13
6136	1.2253E-13
6138	1.2245E-13
6140	1.2215E-13
6142	1.2207E-13
6144	1.2176E-13
6146	1.2168E-13
6148	1.2161E-13
6150	1.2153E-13
6152	1.2134E-13
6154	1.2126E-13
6156	1.2118E-13
6158	1.2088E-13
6160	1.208E-13
6162	1.2072E-13
6164	1.2064E-13
6166	1.2056E-13
6168	1.2048E-13
6170	1.2018E-13
6172	1.2011E-13
6174	1.1981E-13
6176	1.1973E-13
6178	1.1954E-13
6180	1.1925E-13
6182	1.1917E-13
6184	1.1909E-13
6186	1.188E-13
6188	1.1872E-13
6190	1.1864E-13
6192	1.1835E-13
6194	1.1827E-13
6196	1.1819E-13
6198	1.1812E-13
6200	1.1804E-13
6202	1.1786E-13
6204	1.1778E-13
6206	1.1771E-13
6208	1.1741E-13
6210	1.1734E-13
6212	1.1726E-13
6214	1.1719E-13
6216	1.1711E-13
6218	1.1682E-13
6220	1.1675E-13
6222	1.1667E-13
6224	1.1638E-13
6226	1.1631E-13
6228	1.1612E-13
6230	1.1605E-13
6232	1.1598E-13
6234	1.159E-13
6236	1.1583E-13
6238	1.1554E-13
6240	1.1547E-13
6242	1.1539E-13
6244	1.1532E-13
6246	1.1524E-13
6248	1.1517E-13
6250	1.151E-13
6252	1.1481E-13
6254	1.1474E-13
6256	1.1466E-13
6258	1.1438E-13
6260	1.142E-13
6262	1.1413E-13
6264	1.1385E-13
6266	1.1356E-13
6268	1.1349E-13
6270	1.1311E-13
6272	1.1303E-13
6274	1.1275E-13
6276	1.1247E-13
6278	1.124E-13
6280	1.1233E-13
6282	1.1226E-13
6284	1.1219E-13
6286	1.1212E-13
6288	1.1225E-13
6290	1.1218E-13
6292	1.1211E-13
6294	1.1225E-13
6296	1.1217E-13
6298	1.121E-13
6300	1.1182E-13
6302	1.1175E-13
6304	1.1168E-13
6306	1.1141E-13
6308	1.1134E-13
6310	1.1116E-13
6312	1.1109E-13
6314	1.1082E-13
6316	1.1075E-13
6318	1.1068E-13
6320	1.104E-13
6322	1.1033E-13
6324	1.1026E-13
6326	1.1019E-13
6328	1.1013E-13
6330	1.1006E-13
6332	1.0999E-13
6334	1.0992E-13
6336	1.0985E-13
6338	1.0978E-13
6340	1.0971E-13
6342	1.0964E-13
6344	1.0957E-13
6346	1.093E-13
6348	1.0923E-13
6350	1.0906E-13
6352	1.0899E-13
6354	1.0872E-13
6356	1.0866E-13
6358	1.0859E-13
6360	1.0832E-13
6362	1.0825E-13
6364	1.0798E-13
6366	1.0792E-13
6368	1.0785E-13
6370	1.0768E-13
6372	1.0761E-13
6374	1.0755E-13
6376	1.0748E-13
6378	1.0721E-13
6380	1.0715E-13
6382	1.0708E-13
6384	1.0701E-13
6386	1.0695E-13
6388	1.0688E-13
6390	1.0661E-13
6392	1.0655E-13
6394	1.0648E-13
6396	1.0622E-13
6398	1.0605E-13
6400	1.0599E-13
6402	1.0592E-13
6404	1.0586E-13
6406	1.0579E-13
6408	1.0572E-13
6410	1.0566E-13
6412	1.0559E-13
6414	1.0553E-13
6416	1.0546E-13
6418	1.054E-13
6420	1.0514E-13
6422	1.0507E-13
6424	1.05E-13
6426	1.0494E-13
6428	1.0487E-13
6430	1.0481E-13
6432	1.0474E-13
6434	1.0468E-13
6436	1.0461E-13
6438	1.0455E-13
6440	1.0429E-13
6442	1.0423E-13
6444	1.0416E-13
6446	1.04E-13
6448	1.0394E-13
6450	1.0368E-13
6452	1.0362E-13
6454	1.0355E-13
6456	1.033E-13
6458	1.0323E-13
6460	1.0298E-13
6462	1.0292E-13
6464	1.0285E-13
6466	1.027E-13
6468	1.0263E-13
6470	1.0238E-13
6472	1.0232E-13
6474	1.0225E-13
6476	1.0219E-13
6478	1.0194E-13
6480	1.0188E-13
6482	1.0181E-13
6484	1.0175E-13
6486	1.0169E-13
6488	1.0162E-13
6490	1.0156E-13
6492	1.015E-13
6494	1.0144E-13
6496	1.0109E-13
6498	1.0103E-13
6500	1.0078E-13
6502	1.0054E-13
6504	1.002E-13
6506	9.9952E-14
6508	9.9707E-14
6510	9.9646E-14
6512	9.931E-14
6514	9.9249E-14
6516	9.9005E-14
6518	9.8944E-14
6520	9.8884E-14
6522	9.8823E-14
6524	9.8762E-14
6526	9.8884E-14
6528	9.8824E-14
6530	9.8854E-14
6532	9.8976E-14
6534	9.8915E-14
6536	9.9036E-14
6538	9.8976E-14
6540	9.8915E-14
6542	9.8855E-14
6544	9.8795E-14
6546	9.8371E-14
6548	9.8221E-14
6550	9.7799E-14
6552	9.7471E-14
6554	9.7053E-14
6556	9.6548E-14
6558	9.6223E-14
6560	9.5987E-14
6562	9.5752E-14
6564	9.5694E-14
6566	9.5812E-14
6568	9.5753E-14
6570	9.596E-14
6572	9.6256E-14
6574	9.6374E-14
6576	9.6405E-14
6578	9.6523E-14
6580	9.6465E-14
6582	9.6406E-14
6584	9.6347E-14
6586	9.6112E-14
6588	9.5965E-14
6590	9.5731E-14
6592	9.5496E-14
6594	9.5262E-14
6596	9.5117E-14
6598	9.4885E-14
6600	9.4653E-14
6602	9.4595E-14
6604	9.4364E-14
6606	9.4307E-14
6608	9.425E-14
6610	9.4193E-14
6612	9.4309E-14
6614	9.4252E-14
6616	9.4195E-14
6618	9.4138E-14
6620	9.4081E-14
6622	9.4025E-14
6624	9.3968E-14
6626	9.3911E-14
6628	9.3854E-14
6630	9.3798E-14
6632	9.3569E-14
6634	9.3513E-14
6636	9.337E-14
6638	9.3314E-14
6640	9.3257E-14
6642	9.3201E-14
6644	9.3145E-14
6646	9.3089E-14
6648	9.3033E-14
6650	9.2806E-14
6652	9.2751E-14
6654	9.2695E-14
6656	9.2468E-14
6658	9.2413E-14
6660	9.2103E-14
6662	9.1878E-14
6664	9.1654E-14
6666	9.1346E-14
6668	9.0955E-14
6670	9.0484E-14
6672	9.018E-14
6674	8.996E-14
6676	8.9741E-14
6678	8.9687E-14
6680	8.9633E-14
6682	8.9744E-14
6684	8.9691E-14
6686	8.9885E-14
6688	9.0163E-14
6690	9.0275E-14
6692	9.0304E-14
6694	9.0417E-14
6696	9.0529E-14
6698	9.0726E-14
6700	9.0672E-14
6702	9.0785E-14
6704	9.073E-14
6706	9.0843E-14
6708	9.0789E-14
6710	9.0735E-14
6712	9.0681E-14
6714	9.0627E-14
6716	9.0407E-14
6718	9.0353E-14
6720	9.0299E-14
6722	9.0079E-14
6724	9.0025E-14
6726	8.9972E-14
6728	8.9836E-14
6730	8.9617E-14
6732	8.9564E-14
6734	8.951E-14
6736	8.9293E-14
6738	8.924E-14
6740	8.9187E-14
6742	8.897E-14
6744	8.8917E-14
6746	8.8864E-14
6748	8.873E-14
6750	8.8677E-14
6752	8.8462E-14
6754	8.8409E-14
6756	8.8357E-14
6758	8.8305E-14
6760	8.809E-14
6762	8.8038E-14
6764	8.7986E-14
6766	8.7934E-14
6768	8.772E-14
6770	8.7588E-14
6772	8.7536E-14
6774	8.7484E-14
6776	8.7272E-14
6778	8.722E-14
6780	8.7169E-14
6782	8.7117E-14
6784	8.7066E-14
6786	8.6855E-14
6788	8.6804E-14
6790	8.6752E-14
6792	8.6701E-14
6794	8.665E-14
6796	8.6599E-14
6798	8.6548E-14
6800	8.6497E-14
6802	8.6447E-14
6804	8.6396E-14
6806	8.6345E-14
6808	8.6135E-14
6810	8.6085E-14
6812	8.5955E-14
6814	8.5904E-14
6816	8.5854E-14
6818	8.5804E-14
6820	8.5753E-14
6822	8.5545E-14
6824	8.5495E-14
6826	8.5445E-14
6828	8.5238E-14
6830	8.5188E-14
6832	8.5138E-14
6834	8.5089E-14
6836	8.5039E-14
6838	8.4989E-14
6840	8.4939E-14
6842	8.489E-14
6844	8.4996E-14
6846	8.4712E-14
6848	8.4585E-14
6850	8.4536E-14
6852	8.4486E-14
6854	8.4359E-14
6856	8.431E-14
6858	8.4261E-14
6860	8.4212E-14
6862	8.4085E-14
6864	8.4036E-14
6866	8.3987E-14
6868	8.3861E-14
6870	8.3812E-14
6872	8.3763E-14
6874	8.3637E-14
6876	8.3589E-14
6878	8.354E-14
6880	8.3415E-14
6882	8.3367E-14
6884	8.3318E-14
6886	8.3193E-14
6888	8.3145E-14
6890	8.3096E-14
6892	8.2972E-14
6894	8.2923E-14
6896	8.2799E-14
6898	8.2751E-14
6900	8.2703E-14
6902	8.2579E-14
6904	8.2531E-14
6906	8.2483E-14
6908	8.236E-14
6910	8.2312E-14
6912	8.2265E-14
6914	8.2141E-14
6916	8.2094E-14
6918	8.2046E-14
6920	8.1924E-14
6922	8.1876E-14
6924	8.1754E-14
6926	8.1706E-14
6928	8.1659E-14
6930	8.1537E-14
6932	8.149E-14
6934	8.1443E-14
6936	8.1321E-14
6938	8.1274E-14
6940	8.1152E-14
6942	8.1106E-14
6944	8.1059E-14
6946	8.0938E-14
6948	8.0891E-14
6950	8.077E-14
6952	8.0575E-14
6954	8.0529E-14
6956	8.0483E-14
6958	8.0436E-14
6960	8.039E-14
6962	8.0344E-14
6964	8.0298E-14
6966	8.0252E-14
6968	8.0206E-14
6970	8.0159E-14
6972	7.9966E-14
6974	7.9773E-14
6976	7.9727E-14
6978	7.9462E-14
6980	7.927E-14
6982	7.9079E-14
6984	7.9034E-14
6986	7.877E-14
6988	7.8725E-14
6990	7.868E-14
6992	7.8635E-14
6994	7.859E-14
6996	7.8546E-14
6998	7.8501E-14
7000	7.8456E-14
7002	7.8411E-14
7004	7.8366E-14
7006	7.8321E-14
7008	7.8277E-14
7010	7.8232E-14
7012	7.8187E-14
7014	7.8143E-14
7016	7.8098E-14
7018	7.8054E-14
7020	7.8009E-14
7022	7.7965E-14
7024	7.7921E-14
7026	7.7876E-14
7028	7.7832E-14
7030	7.7788E-14
7032	7.7743E-14
7034	7.7699E-14
7036	7.7655E-14
7038	7.7468E-14
7040	7.7281E-14
7042	7.7237E-14
7044	7.7123E-14
7046	7.6937E-14
7048	7.6752E-14
7050	7.6496E-14
7052	7.6313E-14
7054	7.6129E-14
7056	7.6086E-14
7058	7.5833E-14
7060	7.579E-14
7062	7.5608E-14
7064	7.5565E-14
7066	7.5522E-14
7068	7.5479E-14
7070	7.5437E-14
7072	7.5394E-14
7074	7.549E-14
7076	7.5447E-14
7078	7.5474E-14
7080	7.5432E-14
7082	7.5528E-14
7084	7.5485E-14
7086	7.5443E-14
7088	7.5539E-14
7090	7.5497E-14
7092	7.5454E-14
7094	7.5412E-14
7096	7.5369E-14
7098	7.5327E-14
7100	7.5284E-14
7102	7.5242E-14
7104	7.5061E-14
7106	7.5019E-14
7108	7.4976E-14
7110	7.4797E-14
7112	7.4754E-14
7114	7.4644E-14
7116	7.4602E-14
7118	7.4423E-14
7120	7.4244E-14
7122	7.4202E-14
7124	7.4161E-14
7126	7.3982E-14
7128	7.3941E-14
7130	7.3831E-14
7132	7.379E-14
7134	7.3749E-14
7136	7.3707E-14
7138	7.3734E-14
7140	7.3693E-14
7142	7.3651E-14
7144	7.361E-14
7146	7.3569E-14
7148	7.3528E-14
7150	7.3419E-14
7152	7.3378E-14
7154	7.3202E-14
7156	7.3026E-14
7158	7.2784E-14
7160	7.261E-14
7162	7.2436E-14
7164	7.2328E-14
7166	7.2155E-14
7168	7.1982E-14
7170	7.1942E-14
7172	7.1769E-14
7174	7.1729E-14
7176	7.1623E-14
7178	7.1649E-14
7180	7.161E-14
7182	7.157E-14
7184	7.1662E-14
7186	7.1622E-14
7188	7.1714E-14
7190	7.1674E-14
7192	7.1833E-14
7194	7.1925E-14
7196	7.2018E-14
7198	7.2176E-14
7200	7.227E-14
7202	7.2362E-14
7204	7.2389E-14
7206	7.2483E-14
7208	7.2442E-14
7210	7.2402E-14
7212	7.2362E-14
7214	7.2122E-14
7216	7.195E-14
7218	7.1711E-14
7220	7.1408E-14
7222	7.1237E-14
7224	7.087E-14
7226	7.0635E-14
7228	7.0467E-14
7230	7.0169E-14
7232	7.0065E-14
7234	6.9898E-14
7236	6.9859E-14
7238	6.982E-14
7240	6.9782E-14
7242	6.9872E-14
7244	6.9833E-14
7246	6.9859E-14
7248	6.995E-14
7250	6.9911E-14
7252	6.9872E-14
7254	6.9834E-14
7256	6.9795E-14
7258	6.9757E-14
7260	6.9718E-14
7262	6.9552E-14
7264	6.9449E-14
7266	6.9411E-14
7268	6.9245E-14
7270	6.908E-14
7272	6.8851E-14
7274	6.8813E-14
7276	6.8649E-14
7278	6.8485E-14
7280	6.8448E-14
7282	6.8347E-14
7284	6.8183E-14
7286	6.8146E-14
7288	6.8109E-14
7290	6.8071E-14
7292	6.7909E-14
7294	6.7872E-14
7296	6.7834E-14
7298	6.7797E-14
7300	6.776E-14
7302	6.7848E-14
7304	6.7811E-14
7306	6.7899E-14
7308	6.7924E-14
7310	6.8012E-14
7312	6.81E-14
7314	6.8188E-14
7316	6.8214E-14
7318	6.8177E-14
7320	6.8265E-14
7322	6.8228E-14
7324	6.819E-14
7326	6.8153E-14
7328	6.7991E-14
7330	6.7954E-14
7332	6.7729E-14
7334	6.7692E-14
7336	6.7531E-14
7338	6.737E-14
7340	6.7147E-14
7342	6.6987E-14
7344	6.6828E-14
7346	6.6791E-14
7348	6.6693E-14
7350	6.6534E-14
7352	6.6376E-14
7354	6.634E-14
7356	6.6303E-14
7358	6.6267E-14
7360	6.6231E-14
7362	6.6195E-14
7364	6.6159E-14
7366	6.6124E-14
7368	6.6088E-14
7370	6.6174E-14
7372	6.6138E-14
7374	6.6102E-14
7376	6.6066E-14
7378	6.603E-14
7380	6.5873E-14
7382	6.5837E-14
7384	6.5802E-14
7386	6.5766E-14
7388	6.561E-14
7390	6.5574E-14
7392	6.5539E-14
7394	6.5503E-14
7396	6.5468E-14
7398	6.5372E-14
7400	6.5337E-14
7402	6.5301E-14
7404	6.5266E-14
7406	6.5231E-14
7408	6.5075E-14
7410	6.504E-14
7412	6.4886E-14
7414	6.4851E-14
7416	6.4697E-14
7418	6.4602E-14
7420	6.4567E-14
7422	6.4532E-14
7424	6.4379E-14
7426	6.4344E-14
7428	6.431E-14
7430	6.4275E-14
7432	6.424E-14
7434	6.4206E-14
7436	6.429E-14
7438	6.4255E-14
7440	6.4221E-14
7442	6.4186E-14
7444	6.4152E-14
7446	6.3999E-14
7448	6.3965E-14
7450	6.393E-14
7452	6.3896E-14
7454	6.3744E-14
7456	6.371E-14
7458	6.3676E-14
7460	6.3583E-14
7462	6.3432E-14
7464	6.3398E-14
7466	6.3364E-14
7468	6.3214E-14
7470	6.318E-14
7472	6.303E-14
7474	6.2996E-14
7476	6.2962E-14
7478	6.2929E-14
7480	6.2895E-14
7482	6.2804E-14
7484	6.277E-14
7486	6.2737E-14
7488	6.2588E-14
7490	6.2554E-14
7492	6.2521E-14
7494	6.2487E-14
7496	6.2339E-14
7498	6.2306E-14
7500	6.2273E-14
7502	6.2239E-14
7504	6.2206E-14
7506	6.2173E-14
7508	6.214E-14
7510	6.2107E-14
7512	6.196E-14
7514	6.1927E-14
7516	6.1837E-14
7518	6.1804E-14
7520	6.1771E-14
7522	6.1625E-14
7524	6.1592E-14
7526	6.1446E-14
7528	6.1413E-14
7530	6.1268E-14
7532	6.1235E-14
7534	6.1146E-14
7536	6.1114E-14
7538	6.1081E-14
7540	6.0937E-14
7542	6.0904E-14
7544	6.0872E-14
7546	6.084E-14
7548	6.0807E-14
7550	6.0719E-14
7552	6.0631E-14
7554	6.0599E-14
7556	6.0567E-14
7558	6.0479E-14
7560	6.0447E-14
7562	6.036E-14
7564	6.0328E-14
7566	6.0241E-14
7568	6.0209E-14
7570	6.0121E-14
7572	6.009E-14
7574	6.0058E-14
7576	5.9971E-14
7578	5.9939E-14
7580	5.9853E-14
7582	5.9821E-14
7584	5.9734E-14
7586	5.9703E-14
7588	5.9671E-14
7590	5.9585E-14
7592	5.9554E-14
7594	5.9467E-14
7596	5.9436E-14
7598	5.9405E-14
7600	5.9319E-14
7602	5.9288E-14
7604	5.9202E-14
7606	5.9171E-14
7608	5.914E-14
7610	5.9054E-14
7612	5.9023E-14
7614	5.8938E-14
7616	5.8907E-14
7618	5.8876E-14
7620	5.8791E-14
7622	5.876E-14
7624	5.8729E-14
7626	5.8644E-14
7628	5.8614E-14
7630	5.8583E-14
7632	5.8498E-14
7634	5.8468E-14
7636	5.8383E-14
7638	5.8353E-14
7640	5.8322E-14
7642	5.8238E-14
7644	5.8208E-14
7646	5.8177E-14
7648	5.8093E-14
7650	5.8063E-14
7652	5.8032E-14
7654	5.7949E-14
7656	5.7919E-14
7658	5.7888E-14
7660	5.7805E-14
7662	5.7774E-14
7664	5.7744E-14
7666	5.7714E-14
7668	5.7631E-14
7670	5.7601E-14
7672	5.7571E-14
7674	5.7488E-14
7676	5.7458E-14
7678	5.7428E-14
7680	5.7398E-14
7682	5.7316E-14
7684	5.7286E-14
7686	5.7256E-14
7688	5.7173E-14
7690	5.7144E-14
7692	5.7167E-14
7694	5.7137E-14
7696	5.7002E-14
7698	5.6972E-14
7700	5.6943E-14
7702	5.6808E-14
7704	5.6779E-14
7706	5.6749E-14
7708	5.672E-14
7710	5.6691E-14
7712	5.6661E-14
7714	5.6632E-14
7716	5.6551E-14
7718	5.6521E-14
7720	5.6388E-14
7722	5.6359E-14
7724	5.6226E-14
7726	5.6197E-14
7728	5.6168E-14
7730	5.6035E-14
7732	5.5955E-14
7734	5.5926E-14
7736	5.5897E-14
7738	5.5765E-14
7740	5.5736E-14
7742	5.5708E-14
7744	5.5679E-14
7746	5.565E-14
7748	5.5621E-14
7750	5.549E-14
7752	5.5462E-14
7754	5.5433E-14
7756	5.5252E-14
7758	5.5223E-14
7760	5.5093E-14
7762	5.4963E-14
7764	5.4884E-14
7766	5.4755E-14
7768	5.4626E-14
7770	5.4598E-14
7772	5.4419E-14
7774	5.4391E-14
7776	5.4363E-14
7778	5.4386E-14
7780	5.4358E-14
7782	5.443E-14
7784	5.4402E-14
7786	5.4374E-14
7788	5.4346E-14
7790	5.4318E-14
7792	5.429E-14
7794	5.4263E-14
7796	5.4135E-14
7798	5.4107E-14
7800	5.4079E-14
7802	5.4052E-14
7804	5.4024E-14
7806	5.3996E-14
7808	5.3969E-14
7810	5.3941E-14
7812	5.3864E-14
7814	5.3836E-14
7816	5.3809E-14
7818	5.3781E-14
7820	5.3754E-14
7822	5.3726E-14
7824	5.3699E-14
7826	5.3671E-14
7828	5.3644E-14
7830	5.3518E-14
7832	5.349E-14
7834	5.3463E-14
7836	5.3436E-14
7838	5.3409E-14
7840	5.3381E-14
7842	5.3354E-14
7844	5.3327E-14
7846	5.33E-14
7848	5.3272E-14
7850	5.3245E-14
7852	5.3218E-14
7854	5.3093E-14
7856	5.3066E-14
7858	5.3039E-14
7860	5.2915E-14
7862	5.2839E-14
7864	5.2812E-14
7866	5.2785E-14
7868	5.2661E-14
7870	5.2635E-14
7872	5.2608E-14
7874	5.2484E-14
7876	5.2458E-14
7878	5.2431E-14
7880	5.2405E-14
7882	5.2378E-14
7884	5.2351E-14
7886	5.2325E-14
7888	5.2298E-14
7890	5.2224E-14
7892	5.2197E-14
7894	5.2075E-14
7896	5.2048E-14
7898	5.2022E-14
7900	5.1996E-14
7902	5.1969E-14
7904	5.1943E-14
7906	5.1821E-14
7908	5.1795E-14
7910	5.1769E-14
7912	5.1743E-14
7914	5.1716E-14
7916	5.169E-14
7918	5.1569E-14
7920	5.1543E-14
7922	5.1517E-14
7924	5.1491E-14
7926	5.156E-14
7928	5.1534E-14
7930	5.1508E-14
7932	5.1482E-14
7934	5.1456E-14
7936	5.1335E-14
7938	5.131E-14
7940	5.1237E-14
7942	5.1116E-14
7944	5.0997E-14
7946	5.0971E-14
7948	5.0852E-14
7950	5.0826E-14
7952	5.0754E-14
7954	5.0635E-14
7956	5.0609E-14
7958	5.0584E-14
7960	5.0558E-14
7962	5.0533E-14
7964	5.0508E-14
7966	5.0482E-14
7968	5.0457E-14
7970	5.0432E-14
7972	5.0406E-14
7974	5.0381E-14
7976	5.0449E-14
7978	5.0423E-14
7980	5.0398E-14
7982	5.028E-14
7984	5.0255E-14
7986	5.023E-14
7988	5.0205E-14
7990	5.0179E-14
7992	5.0062E-14
7994	5.0129E-14
7996	5.0104E-14
7998	5.0079E-14
8000	5.0054E-14
8002	5.0029E-14
8004	5.0004E-14
8006	4.9979E-14
8008	4.9954E-14
8010	4.9929E-14
8012	4.9813E-14
8014	4.9788E-14
8016	4.9763E-14
8018	4.9738E-14
8020	4.9713E-14
8022	4.9688E-14
8024	4.9572E-14
8026	4.9502E-14
8028	4.9477E-14
8030	4.9453E-14
8032	4.9428E-14
8034	4.9403E-14
8036	4.9379E-14
8038	4.9354E-14
8040	4.933E-14
8042	4.9305E-14
8044	4.9281E-14
8046	4.9256E-14
8048	4.9141E-14
8050	4.9117E-14
8052	4.9092E-14
8054	4.8978E-14
8056	4.8953E-14
8058	4.8929E-14
8060	4.8815E-14
8062	4.8745E-14
8064	4.8721E-14
8066	4.8697E-14
8068	4.8673E-14
8070	4.8559E-14
8072	4.8535E-14
8074	4.8511E-14
8076	4.8398E-14
8078	4.8374E-14
8080	4.8306E-14
8082	4.8282E-14
8084	4.8258E-14
8086	4.8234E-14
8088	4.8121E-14
8090	4.8098E-14
8092	4.8162E-14
8094	4.8139E-14
8096	4.8115E-14
8098	4.8003E-14
8100	4.7979E-14
8102	4.7955E-14
8104	4.7932E-14
8106	4.7908E-14
8108	4.7884E-14
8110	4.7861E-14
8112	4.7749E-14
8114	4.7725E-14
8116	4.757E-14
8118	4.7459E-14
8120	4.7349E-14
8122	4.7195E-14
8124	4.7085E-14
8126	4.6975E-14
8128	4.6866E-14
8130	4.6799E-14
8132	4.6776E-14
8134	4.6753E-14
8136	4.673E-14
8138	4.6707E-14
8140	4.6727E-14
8142	4.679E-14
8144	4.6768E-14
8146	4.6831E-14
8148	4.6808E-14
8150	4.6785E-14
8152	4.6762E-14
8154	4.6739E-14
8156	4.6802E-14
8158	4.6779E-14
8160	4.6886E-14
8162	4.6863E-14
8164	4.6926E-14
8166	4.699E-14
8168	4.701E-14
8170	4.6987E-14
8172	4.6964E-14
8174	4.6941E-14
8176	4.7004E-14
8178	4.6981E-14
8180	4.6958E-14
8182	4.6935E-14
8184	4.6999E-14
8186	4.6976E-14
8188	4.6953E-14
8190	4.693E-14
8192	4.6907E-14
8194	4.6798E-14
8196	4.6775E-14
8198	4.6667E-14
8200	4.6644E-14
8202	4.6621E-14
8204	4.6555E-14
8206	4.6447E-14
8208	4.6254E-14
8210	4.6104E-14
8212	4.5912E-14
8214	4.5678E-14
8216	4.553E-14
8218	4.5341E-14
8220	4.5194E-14
8222	4.5005E-14
8224	4.5066E-14
8226	4.5128E-14
8228	4.5314E-14
8230	4.5501E-14
8232	4.5773E-14
8234	4.6047E-14
8236	4.6194E-14
8238	4.6214E-14
8240	4.6277E-14
8242	4.6255E-14
8244	4.602E-14
8246	4.5913E-14
8248	4.568E-14
8250	4.5448E-14
8252	4.5259E-14
8254	4.5112E-14
8256	4.4924E-14
8258	4.4779E-14
8260	4.4674E-14
8262	4.4653E-14
8264	4.4549E-14
8266	4.4528E-14
8268	4.4506E-14
8270	4.4444E-14
8272	4.4422E-14
8274	4.4442E-14
8276	4.442E-14
8278	4.448E-14
8280	4.4541E-14
8282	4.4519E-14
8284	4.4621E-14
8286	4.46E-14
8288	4.4578E-14
8290	4.4557E-14
8292	4.4535E-14
8294	4.4514E-14
8296	4.4451E-14
8298	4.443E-14
8300	4.4327E-14
8302	4.4305E-14
8304	4.4284E-14
8306	4.4181E-14
8308	4.416E-14
8310	4.4138E-14
8312	4.4117E-14
8314	4.4096E-14
8316	4.4075E-14
8318	4.4054E-14
8320	4.4032E-14
8322	4.4011E-14
8324	4.399E-14
8326	4.3969E-14
8328	4.3867E-14
8330	4.3846E-14
8332	4.3785E-14
8334	4.3683E-14
8336	4.3662E-14
8338	4.3561E-14
8340	4.354E-14
8342	4.3519E-14
8344	4.3498E-14
8346	4.3397E-14
8348	4.3337E-14
8350	4.3316E-14
8352	4.3215E-14
8354	4.3195E-14
8356	4.3174E-14
8358	4.3153E-14
8360	4.3133E-14
8362	4.3112E-14
8364	4.3092E-14
8366	4.3071E-14
8368	4.305E-14
8370	4.303E-14
8372	4.3009E-14
8374	4.2989E-14
8376	4.2968E-14
8378	4.2948E-14
8380	4.2927E-14
8382	4.2907E-14
8384	4.2886E-14
8386	4.2866E-14
8388	4.2766E-14
8390	4.2746E-14
8392	4.2726E-14
8394	4.2705E-14
8396	4.2685E-14
8398	4.2665E-14
8400	4.2566E-14
8402	4.2546E-14
8404	4.2486E-14
8406	4.2466E-14
8408	4.2446E-14
8410	4.2426E-14
8412	4.2405E-14
8414	4.2385E-14
8416	4.2365E-14
8418	4.2345E-14
8420	4.2364E-14
8422	4.2344E-14
8424	4.2285E-14
8426	4.2265E-14
8428	4.2167E-14
8430	4.2069E-14
8432	4.2049E-14
8434	4.1913E-14
8436	4.1893E-14
8438	4.1874E-14
8440	4.1854E-14
8442	4.1873E-14
8444	4.193E-14
8446	4.1987E-14
8448	4.1967E-14
8450	4.1948E-14
8452	4.1851E-14
8454	4.1831E-14
8456	4.1696E-14
8458	4.1599E-14
8460	4.1503E-14
8462	4.1483E-14
8464	4.1464E-14
8466	4.1444E-14
8468	4.1501E-14
8470	4.1558E-14
8472	4.1538E-14
8474	4.1634E-14
8476	4.1767E-14
8478	4.1786E-14
8480	4.1767E-14
8482	4.1824E-14
8484	4.1804E-14
8486	4.1669E-14
8488	4.1573E-14
8490	4.1477E-14
8492	4.1343E-14
8494	4.1247E-14
8496	4.1152E-14
8498	4.1133E-14
8500	4.1113E-14
8502	4.117E-14
8504	4.1226E-14
8506	4.1321E-14
8508	4.1454E-14
8510	4.1549E-14
8512	4.1683E-14
8514	4.1779E-14
8516	4.1913E-14
8518	4.2009E-14
8520	4.2067E-14
8522	4.2125E-14
8524	4.2027E-14
8526	4.2008E-14
8528	4.1911E-14
8530	4.1775E-14
8532	4.1603E-14
8534	4.1468E-14
8536	4.1296E-14
8538	4.1087E-14
8540	4.0993E-14
8542	4.086E-14
8544	4.0766E-14
8546	4.0747E-14
8548	4.0803E-14
8550	4.0821E-14
8552	4.0878E-14
8554	4.0934E-14
8556	4.1028E-14
8558	4.1084E-14
8560	4.1141E-14
8562	4.1122E-14
8564	4.1102E-14
8566	4.1007E-14
8568	4.0913E-14
8570	4.0781E-14
8572	4.0575E-14
8574	4.0407E-14
8576	4.0202E-14
8578	3.9925E-14
8580	3.9723E-14
8582	3.945E-14
8584	3.925E-14
8586	3.898E-14
8588	3.8818E-14
8590	3.8693E-14
8592	3.8604E-14
8594	3.848E-14
8596	3.8639E-14
8598	3.8728E-14
8600	3.8853E-14
8602	3.9086E-14
8604	3.9357E-14
8606	3.9593E-14
8608	3.9831E-14
8610	4.0143E-14
8612	4.0384E-14
8614	4.0552E-14
8616	4.0683E-14
8618	4.0851E-14
8620	4.0908E-14
8622	4.0926E-14
8624	4.0907E-14
8626	4.0888E-14
8628	4.0832E-14
8630	4.0738E-14
8632	4.0644E-14
8634	4.0513E-14
8636	4.042E-14
8638	4.0253E-14
8640	4.0049E-14
8642	3.992E-14
8644	3.9645E-14
8646	3.9445E-14
8648	3.9173E-14
8650	3.9011E-14
8652	3.8814E-14
8654	3.8547E-14
8656	3.8458E-14
8658	3.8263E-14
8660	3.8175E-14
8662	3.8158E-14
8664	3.8211E-14
8666	3.8193E-14
8668	3.8352E-14
8670	3.8475E-14
8672	3.8635E-14
8674	3.8796E-14
8676	3.9028E-14
8678	3.9191E-14
8680	3.9317E-14
8682	3.9371E-14
8684	3.9389E-14
8686	3.9444E-14
8688	3.9426E-14
8690	3.948E-14
8692	3.9462E-14
8694	3.9371E-14
8696	3.9353E-14
8698	3.9335E-14
8700	3.9317E-14
8702	3.9227E-14
8704	3.9281E-14
8706	3.9335E-14
8708	3.9426E-14
8710	3.9553E-14
8712	3.9645E-14
8714	3.9773E-14
8716	3.9791E-14
8718	3.959E-14
8720	3.939E-14
8722	3.9191E-14
8724	3.8778E-14
8726	3.8405E-14
8728	3.8036E-14
8730	3.7704E-14
8732	3.7307E-14
8734	3.6948E-14
8736	3.6626E-14
8738	3.6341E-14
8740	3.6091E-14
8742	3.5942E-14
8744	3.576E-14
8746	3.5678E-14
8748	3.5793E-14
8750	3.5942E-14
8752	3.6092E-14
8754	3.6308E-14
8756	3.6594E-14
8758	3.6814E-14
8760	3.7035E-14
8762	3.7258E-14
8764	3.7412E-14
8766	3.7499E-14
8768	3.762E-14
8770	3.7707E-14
8772	3.7759E-14
8774	3.7847E-14
8776	3.7899E-14
8778	3.8022E-14
8780	3.8109E-14
8782	3.8162E-14
8784	3.825E-14
8786	3.8374E-14
8788	3.8463E-14
8790	3.8587E-14
8792	3.8605E-14
8794	3.873E-14
8796	3.8712E-14
8798	3.8766E-14
8800	3.8748E-14
8802	3.866E-14
8804	3.8642E-14
8806	3.8554E-14
8808	3.8465E-14
8810	3.8412E-14
8812	3.8395E-14
8814	3.8307E-14
8816	3.8219E-14
8818	3.8096E-14
8820	3.8009E-14
8822	3.7817E-14
8824	3.773E-14
8826	3.754E-14
8828	3.7454E-14
8830	3.7265E-14
8832	3.7077E-14
8834	3.6924E-14
8836	3.6737E-14
8838	3.6485E-14
8840	3.6234E-14
8842	3.5952E-14
8844	3.5639E-14
8846	3.5329E-14
8848	3.4989E-14
8850	3.4684E-14
8852	3.4446E-14
8854	3.4209E-14
8856	3.4131E-14
8858	3.4178E-14
8860	3.4226E-14
8862	3.4368E-14
8864	3.4575E-14
8866	3.4847E-14
8868	3.5089E-14
8870	3.5365E-14
8872	3.5643E-14
8874	3.5891E-14
8876	3.6107E-14
8878	3.6324E-14
8880	3.6542E-14
8882	3.6661E-14
8884	3.6745E-14
8886	3.6864E-14
8888	3.695E-14
8890	3.7001E-14
8892	3.6985E-14
8894	3.6968E-14
8896	3.702E-14
8898	3.7003E-14
8900	3.6986E-14
8902	3.697E-14
8904	3.6953E-14
8906	3.6868E-14
8908	3.6784E-14
8910	3.67E-14
8912	3.665E-14
8914	3.6566E-14
8916	3.6482E-14
8918	3.6365E-14
8920	3.6282E-14
8922	3.6199E-14
8924	3.615E-14
8926	3.6E-14
8928	3.5918E-14
8930	3.5869E-14
8932	3.5721E-14
8934	3.5639E-14
8936	3.5591E-14
8938	3.5509E-14
8940	3.5428E-14
8942	3.5347E-14
8944	3.5298E-14
8946	3.5218E-14
8948	3.5137E-14
8950	3.5089E-14
8952	3.5009E-14
8954	3.4929E-14
8956	3.4913E-14
8958	3.4898E-14
8960	3.4882E-14
8962	3.4931E-14
8964	3.5012E-14
8966	3.4996E-14
8968	3.5045E-14
8970	3.503E-14
8972	3.5014E-14
8974	3.4934E-14
8976	3.4822E-14
8978	3.4678E-14
8980	3.4504E-14
8982	3.433E-14
8984	3.4094E-14
8986	3.386E-14
8988	3.369E-14
8990	3.3458E-14
8992	3.3228E-14
8994	3.3E-14
8996	3.2773E-14
8998	3.2548E-14
9000	3.2265E-14
9002	3.2044E-14
9004	3.1882E-14
9006	3.1663E-14
9008	3.162E-14
9010	3.1635E-14
9012	3.1679E-14
9014	3.1812E-14
9016	3.2062E-14
9018	3.2315E-14
9020	3.2539E-14
9022	3.2735E-14
9024	3.2993E-14
9026	3.3192E-14
9028	3.3269E-14
9030	3.3315E-14
9032	3.3362E-14
9034	3.3225E-14
9036	3.3179E-14
9038	3.3043E-14
9040	3.2876E-14
9042	3.2711E-14
9044	3.2576E-14
9046	3.2472E-14
9048	3.2398E-14
9050	3.2324E-14
9052	3.228E-14
9054	3.2206E-14
9056	3.2192E-14
9058	3.2267E-14
9060	3.2372E-14
9062	3.2447E-14
9064	3.2552E-14
9066	3.2688E-14
9068	3.2825E-14
9070	3.2931E-14
9072	3.3008E-14
9074	3.3054E-14
9076	3.3131E-14
9078	3.3177E-14
9080	3.3224E-14
9082	3.324E-14
9084	3.3286E-14
9086	3.3333E-14
9088	3.3318E-14
9090	3.3304E-14
9092	3.3289E-14
9094	3.3274E-14
9096	3.326E-14
9098	3.3245E-14
9100	3.323E-14
9102	3.3216E-14
9104	3.314E-14
9106	3.3187E-14
9108	3.3172E-14
9110	3.3219E-14
9112	3.3082E-14
9114	3.3007E-14
9116	3.2901E-14
9118	3.2826E-14
9120	3.2721E-14
9122	3.2647E-14
9124	3.2632E-14
9126	3.2678E-14
9128	3.2664E-14
9130	3.274E-14
9132	3.2846E-14
9134	3.2923E-14
9136	3.2969E-14
9138	3.2955E-14
9140	3.294E-14
9142	3.2865E-14
9144	3.276E-14
9146	3.2626E-14
9148	3.2611E-14
9150	3.2597E-14
9152	3.2643E-14
9154	3.2629E-14
9156	3.2675E-14
9158	3.266E-14
9160	3.2646E-14
9162	3.2632E-14
9164	3.2617E-14
9166	3.2603E-14
9168	3.2589E-14
9170	3.2575E-14
9172	3.2561E-14
9174	3.2636E-14
9176	3.2682E-14
9178	3.2728E-14
9180	3.2714E-14
9182	3.27E-14
9184	3.2686E-14
9186	3.2551E-14
9188	3.2388E-14
9190	3.2225E-14
9192	3.2063E-14
9194	3.1872E-14
9196	3.1712E-14
9198	3.1495E-14
9200	3.1336E-14
