3200	4.497E-13
3201	4.4859E-13
3202	4.4707E-13
3203	4.4803E-13
3204	4.5065E-13
3205	4.5705E-13
3206	4.6312E-13
3207	4.697E-13
3208	4.7638E-13
3209	4.8137E-13
3210	4.8642E-13
3211	4.8926E-13
3212	4.9031E-13
3213	4.8955E-13
3214	4.8745E-13
3215	4.8491E-13
3216	4.8149E-13
3217	4.8031E-13
3218	4.7868E-13
3219	4.7751E-13
3220	4.7809E-13
3221	4.7911E-13
3222	4.797E-13
3223	4.8161E-13
3224	4.8309E-13
3225	4.8592E-13
3226	4.8786E-13
3227	4.889E-13
3228	4.895E-13
3229	4.901E-13
3230	4.9115E-13
3231	4.9266E-13
3232	4.9235E-13
3233	4.9024E-13
3234	4.8679E-13
3235	4.8292E-13
3236	4.7952E-13
3237	4.7439E-13
3238	4.6975E-13
3239	4.6644E-13
3240	4.6316E-13
3241	4.6075E-13
3242	4.5877E-13
3243	4.5722E-13
3244	4.561E-13
3245	4.5498E-13
3246	4.5554E-13
3247	4.5442E-13
3248	4.5289E-13
3249	4.5053E-13
3250	4.4653E-13
3251	4.4339E-13
3252	4.423E-13
3253	4.4E-13
3254	4.3851E-13
3255	4.3664E-13
3256	4.3436E-13
3257	4.333E-13
3258	4.3025E-13
3259	4.2722E-13
3260	4.2578E-13
3261	4.2552E-13
3262	4.2526E-13
3263	4.2617E-13
3264	4.2591E-13
3265	4.2565E-13
3266	4.2422E-13
3267	4.2513E-13
3268	4.2487E-13
3269	4.2618E-13
3270	4.271E-13
3271	4.296E-13
3272	4.3092E-13
3273	4.3185E-13
3274	4.3238E-13
3275	4.3211E-13
3276	4.3185E-13
3277	4.3159E-13
3278	4.3053E-13
3279	4.2908E-13
3280	4.2882E-13
3281	4.2856E-13
3282	4.2829E-13
3283	4.2803E-13
3284	4.2699E-13
3285	4.2673E-13
3286	4.2568E-13
3287	4.2347E-13
3288	4.2049E-13
3289	4.1638E-13
3290	4.1269E-13
3291	4.1055E-13
3292	4.0879E-13
3293	4.0666E-13
3294	4.053E-13
3295	4.0542E-13
3296	4.0592E-13
3297	4.0643E-13
3298	4.073E-13
3299	4.0781E-13
3300	4.0831E-13
3301	4.0919E-13
3302	4.0895E-13
3303	4.087E-13
3304	4.0845E-13
3305	4.082E-13
3306	4.0683E-13
3307	4.0584E-13
3308	4.0373E-13
3309	4.0163E-13
3310	4.0065E-13
3311	3.9967E-13
3312	4.0017E-13
3313	4.0103E-13
3314	4.0227E-13
3315	4.0314E-13
3316	4.0364E-13
3317	4.0339E-13
3318	4.0315E-13
3319	4.0217E-13
3320	4.0081E-13
3321	4.0168E-13
3322	4.0144E-13
3323	4.012E-13
3324	4.0096E-13
3325	3.9814E-13
3326	3.9498E-13
3327	3.9329E-13
3328	3.9125E-13
3329	3.9029E-13
3330	3.9006E-13
3331	3.9127E-13
3332	3.9283E-13
3333	3.9441E-13
3334	3.9746E-13
3335	3.9905E-13
3336	3.9881E-13
3337	3.9857E-13
3338	3.9833E-13
3339	3.9736E-13
3340	3.9713E-13
3341	3.9762E-13
3342	3.9738E-13
3343	3.9788E-13
3344	3.9874E-13
3345	3.985E-13
3346	3.9826E-13
3347	3.9693E-13
3348	3.9523E-13
3349	3.9137E-13
3350	3.8791E-13
3351	3.8519E-13
3352	3.8319E-13
3353	3.8367E-13
3354	3.845E-13
3355	3.8604E-13
3356	3.8795E-13
3357	3.8951E-13
3358	3.8999E-13
3359	3.9084E-13
3360	3.9061E-13
3361	3.911E-13
3362	3.9267E-13
3363	3.9425E-13
3364	3.9546E-13
3365	3.9632E-13
3366	3.9609E-13
3367	3.9658E-13
3368	3.9635E-13
3369	3.9611E-13
3370	3.9588E-13
3371	3.9491E-13
3372	3.9359E-13
3373	3.9263E-13
3374	3.9168E-13
3375	3.9037E-13
3376	3.9014E-13
3377	3.9098E-13
3378	3.9075E-13
3379	3.8944E-13
3380	3.885E-13
3381	3.8648E-13
3382	3.8448E-13
3383	3.8355E-13
3384	3.8261E-13
3385	3.8168E-13
3386	3.8111E-13
3387	3.8018E-13
3388	3.7926E-13
3389	3.7799E-13
3390	3.7637E-13
3391	3.7511E-13
3392	3.7351E-13
3393	3.7158E-13
3394	3.6897E-13
3395	3.6639E-13
3396	3.6617E-13
3397	3.6528E-13
3398	3.6642E-13
3399	3.6789E-13
3400	3.7005E-13
3401	3.7291E-13
3402	3.7441E-13
3403	3.7488E-13
3404	3.757E-13
3405	3.7617E-13
3406	3.7664E-13
3407	3.7504E-13
3408	3.7378E-13
3409	3.7219E-13
3410	3.7095E-13
3411	3.6937E-13
3412	3.6745E-13
3413	3.6488E-13
3414	3.6232E-13
3415	3.6111E-13
3416	3.609E-13
3417	3.6002E-13
3418	3.5981E-13
3419	3.596E-13
3420	3.5939E-13
3421	3.5852E-13
3422	3.5666E-13
3423	3.558E-13
3424	3.5461E-13
3425	3.5375E-13
3426	3.5257E-13
3427	3.5172E-13
3428	3.499E-13
3429	3.4841E-13
3430	3.4724E-13
3431	3.464E-13
3432	3.478E-13
3433	3.4984E-13
3434	3.5255E-13
3435	3.556E-13
3436	3.577E-13
3437	3.5881E-13
3438	3.6025E-13
3439	3.6071E-13
3440	3.6083E-13
3441	3.6029E-13
3442	3.5942E-13
3443	3.569E-13
3444	3.544E-13
3445	3.5257E-13
3446	3.5107E-13
3447	3.4925E-13
3448	3.4841E-13
3449	3.4788E-13
3450	3.4768E-13
3451	3.478E-13
3452	3.4824E-13
3453	3.4868E-13
3454	3.4944E-13
3455	3.4924E-13
3456	3.4968E-13
3457	3.4948E-13
3458	3.4928E-13
3459	3.4843E-13
3460	3.4823E-13
3461	3.4803E-13
3462	3.4687E-13
3463	3.4508E-13
3464	3.4424E-13
3465	3.4246E-13
3466	3.4101E-13
3467	3.4081E-13
3468	3.4124E-13
3469	3.4199E-13
3470	3.4305E-13
3471	3.4349E-13
3472	3.436E-13
3473	3.4341E-13
3474	3.4289E-13
3475	3.4207E-13
3476	3.403E-13
3477	3.3885E-13
3478	3.371E-13
3479	3.3629E-13
3480	3.3517E-13
3481	3.3436E-13
3482	3.3417E-13
3483	3.3459E-13
3484	3.344E-13
3485	3.3513E-13
3486	3.3494E-13
3487	3.3598E-13
3488	3.3672E-13
3489	3.3777E-13
3490	3.3851E-13
3491	3.3831E-13
3492	3.3874E-13
3493	3.3793E-13
3494	3.368E-13
3495	3.3537E-13
3496	3.3364E-13
3497	3.3284E-13
3498	3.3051E-13
3499	3.3032E-13
3500	3.2922E-13
3501	3.2843E-13
3502	3.2824E-13
3503	3.2805E-13
3504	3.2786E-13
3505	3.2768E-13
3506	3.2749E-13
3507	3.273E-13
3508	3.2772E-13
3509	3.2844E-13
3510	3.2825E-13
3511	3.2806E-13
3512	3.2697E-13
3513	3.2619E-13
3514	3.275E-13
3515	3.2853E-13
3516	3.2985E-13
3517	3.3119E-13
3518	3.3253E-13
3519	3.3357E-13
3520	3.3399E-13
3521	3.3319E-13
3522	3.3239E-13
3523	3.3067E-13
3524	3.2836E-13
3525	3.2757E-13
3526	3.2588E-13
3527	3.236E-13
3528	3.2134E-13
3529	3.1968E-13
3530	3.1745E-13
3531	3.1581E-13
3532	3.1447E-13
3533	3.1343E-13
3534	3.121E-13
3535	3.1163E-13
3536	3.1031E-13
3537	3.0956E-13
3538	3.0854E-13
3539	3.0779E-13
3540	3.0762E-13
3541	3.0745E-13
3542	3.0784E-13
3543	3.0767E-13
3544	3.0693E-13
3545	3.0675E-13
3546	3.0573E-13
3547	3.05E-13
3548	3.0427E-13
3549	3.0522E-13
3550	3.0645E-13
3551	3.0826E-13
3552	3.0951E-13
3553	3.0991E-13
3554	3.0973E-13
3555	3.0956E-13
3556	3.0881E-13
3557	3.0779E-13
3558	3.0705E-13
3559	3.0688E-13
3560	3.067E-13
3561	3.0597E-13
3562	3.0636E-13
3563	3.0619E-13
3564	3.0602E-13
3565	3.0584E-13
3566	3.0567E-13
3567	3.055E-13
3568	3.0589E-13
3569	3.0657E-13
3570	3.064E-13
3571	3.0623E-13
3572	3.0662E-13
3573	3.0645E-13
3574	3.0628E-13
3575	3.0667E-13
3576	3.065E-13
3577	3.0661E-13
3578	3.07E-13
3579	3.0598E-13
3580	3.0581E-13
3581	3.0508E-13
3582	3.0435E-13
3583	3.0362E-13
3584	3.0317E-13
3585	3.0189E-13
3586	3.0088E-13
3587	3.0016E-13
3588	3E-13
3589	2.9983E-13
3590	2.9966E-13
3591	2.995E-13
3592	2.9933E-13
3593	2.9916E-13
3594	2.9844E-13
3595	2.9746E-13
3596	2.9729E-13
3597	2.9795E-13
3598	2.9778E-13
3599	2.9817E-13
3600	2.98E-13
3601	2.9729E-13
3602	2.9712E-13
3603	2.9614E-13
3604	2.9543E-13
3605	2.9581E-13
3606	2.9646E-13
3607	2.963E-13
3608	2.9668E-13
3609	2.9652E-13
3610	2.9635E-13
3611	2.9673E-13
3612	2.9657E-13
3613	2.964E-13
3614	2.957E-13
3615	2.9499E-13
3616	2.9482E-13
3617	2.9331E-13
3618	2.9261E-13
3619	2.9164E-13
3620	2.9014E-13
3621	2.8891E-13
3622	2.8742E-13
3623	2.8674E-13
3624	2.8658E-13
3625	2.8748E-13
3626	2.8811E-13
3627	2.8902E-13
3628	2.8966E-13
3629	2.9003E-13
3630	2.9067E-13
3631	2.9051E-13
3632	2.9035E-13
3633	2.8886E-13
3634	2.8738E-13
3635	2.8669E-13
3636	2.8653E-13
3637	2.869E-13
3638	2.8727E-13
3639	2.8791E-13
3640	2.8775E-13
3641	2.8812E-13
3642	2.8797E-13
3643	2.8781E-13
3644	2.8765E-13
3645	2.8829E-13
3646	2.8681E-13
3647	2.8586E-13
3648	2.8334E-13
3649	2.8085E-13
3650	2.7889E-13
3651	2.7618E-13
3652	2.7426E-13
3653	2.7285E-13
3654	2.722E-13
3655	2.7205E-13
3656	2.724E-13
3657	2.7175E-13
3658	2.711E-13
3659	2.7021E-13
3660	2.6907E-13
3661	2.6941E-13
3662	2.6927E-13
3663	2.6962E-13
3664	2.7022E-13
3665	2.7007E-13
3666	2.7042E-13
3667	2.7027E-13
3668	2.7012E-13
3669	2.6948E-13
3670	2.6933E-13
3671	2.6968E-13
3672	2.7078E-13
3673	2.7188E-13
3674	2.7274E-13
3675	2.7385E-13
3676	2.737E-13
3677	2.7355E-13
3678	2.734E-13
3679	2.7325E-13
3680	2.731E-13
3681	2.7421E-13
3682	2.7407E-13
3683	2.7392E-13
3684	2.7251E-13
3685	2.7011E-13
3686	2.6798E-13
3687	2.6563E-13
3688	2.6378E-13
3689	2.6315E-13
3690	2.6277E-13
3691	2.6214E-13
3692	2.62E-13
3693	2.6137E-13
3694	2.6123E-13
3695	2.6109E-13
3696	2.6095E-13
3697	2.6129E-13
3698	2.6163E-13
3699	2.6221E-13
3700	2.6425E-13
3701	2.6582E-13
3702	2.6641E-13
3703	2.6675E-13
3704	2.6612E-13
3705	2.6475E-13
3706	2.6291E-13
3707	2.6108E-13
3708	2.5926E-13
3709	2.5746E-13
3710	2.5614E-13
3711	2.5482E-13
3712	2.5352E-13
3713	2.5408E-13
3714	2.5394E-13
3715	2.5498E-13
3716	2.5578E-13
3717	2.5635E-13
3718	2.5551E-13
3719	2.5608E-13
3720	2.5712E-13
3721	2.5793E-13
3722	2.5684E-13
3723	2.56E-13
3724	2.5421E-13
3725	2.5291E-13
3726	2.5441E-13
3727	2.5545E-13
3728	2.5531E-13
3729	2.547E-13
3730	2.5387E-13
3731	2.5326E-13
3732	2.5359E-13
3733	2.5463E-13
3734	2.552E-13
3735	2.5506E-13
3736	2.5422E-13
3737	2.5129E-13
3738	2.4908E-13
3739	2.478E-13
3740	2.4653E-13
3741	2.4663E-13
3742	2.4695E-13
3743	2.4682E-13
3744	2.4669E-13
3745	2.4588E-13
3746	2.4484E-13
3747	2.4404E-13
3748	2.4346E-13
3749	2.4333E-13
3750	2.4432E-13
3751	2.4509E-13
3752	2.4496E-13
3753	2.4551E-13
3754	2.4538E-13
3755	2.457E-13
3756	2.4557E-13
3757	2.4544E-13
3758	2.4485E-13
3759	2.4405E-13
3760	2.4347E-13
3761	2.4289E-13
3762	2.4209E-13
3763	2.4152E-13
3764	2.4139E-13
3765	2.4082E-13
3766	2.4003E-13
3767	2.3946E-13
3768	2.3889E-13
3769	2.3876E-13
3770	2.3842E-13
3771	2.3829E-13
3772	2.3816E-13
3773	2.3804E-13
3774	2.3791E-13
3775	2.3735E-13
3776	2.357E-13
3777	2.3406E-13
3778	2.3243E-13
3779	2.3082E-13
3780	2.3112E-13
3781	2.3164E-13
3782	2.3237E-13
3783	2.3289E-13
3784	2.3319E-13
3785	2.3307E-13
3786	2.3295E-13
3787	2.324E-13
3788	2.3163E-13
3789	2.3066E-13
3790	2.2948E-13
3791	2.283E-13
3792	2.2734E-13
3793	2.2618E-13
3794	2.2544E-13
3795	2.249E-13
3796	2.2479E-13
3797	2.257E-13
3798	2.2663E-13
3799	2.2776E-13
3800	2.2933E-13
3801	2.3005E-13
3802	2.3142E-13
3803	2.3236E-13
3804	2.3331E-13
3805	2.3427E-13
3806	2.3458E-13
3807	2.3489E-13
3808	2.3584E-13
3809	2.3681E-13
3810	2.3865E-13
3811	2.4163E-13
3812	2.4306E-13
3813	2.4361E-13
3814	2.4348E-13
3815	2.4112E-13
3816	2.3944E-13
3817	2.3778E-13
3818	2.3613E-13
3819	2.3557E-13
3820	2.3437E-13
3821	2.3424E-13
3822	2.3412E-13
3823	2.3357E-13
3824	2.3237E-13
3825	2.3118E-13
3826	2.2958E-13
3827	2.2798E-13
3828	2.264E-13
3829	2.2524E-13
3830	2.2409E-13
3831	2.2315E-13
3832	2.2303E-13
3833	2.2292E-13
3834	2.228E-13
3835	2.2268E-13
3836	2.2298E-13
3837	2.2327E-13
3838	2.2419E-13
3839	2.2552E-13
3840	2.2686E-13
3841	2.2821E-13
3842	2.2914E-13
3843	2.3051E-13
3844	2.3145E-13
3845	2.3282E-13
3846	2.3378E-13
3847	2.3452E-13
3848	2.3504E-13
3849	2.3644E-13
3850	2.3829E-13
3851	2.3992E-13
3852	2.4113E-13
3853	2.4167E-13
3854	2.4154E-13
3855	2.4142E-13
3856	2.4129E-13
3857	2.4073E-13
3858	2.4038E-13
3859	2.4025E-13
3860	2.3969E-13
3861	2.3912E-13
3862	2.3834E-13
3863	2.3734E-13
3864	2.3656E-13
3865	2.36E-13
3866	2.3545E-13
3867	2.3533E-13
3868	2.3456E-13
3869	2.3444E-13
3870	2.3431E-13
3871	2.3376E-13
3872	2.3321E-13
3873	2.3245E-13
3874	2.3147E-13
3875	2.2987E-13
3876	2.2869E-13
3877	2.2711E-13
3878	2.2553E-13
3879	2.2438E-13
3880	2.2282E-13
3881	2.2128E-13
3882	2.1974E-13
3883	2.1761E-13
3884	2.161E-13
3885	2.1421E-13
3886	2.1312E-13
3887	2.1203E-13
3888	2.1094E-13
3889	2.1006E-13
3890	2.0957E-13
3891	2.0927E-13
3892	2.0935E-13
3893	2.0963E-13
3894	2.103E-13
3895	2.1077E-13
3896	2.1163E-13
3897	2.1289E-13
3898	2.1416E-13
3899	2.1583E-13
3900	2.1712E-13
3901	2.1841E-13
3902	2.1971E-13
3903	2.2061E-13
3904	2.2192E-13
3905	2.2283E-13
3906	2.2375E-13
3907	2.2508E-13
3908	2.2579E-13
3909	2.2672E-13
3910	2.2765E-13
3911	2.2858E-13
3912	2.2931E-13
3913	2.2983E-13
3914	2.3013E-13
3915	2.3001E-13
3916	2.3032E-13
3917	2.302E-13
3918	2.3009E-13
3919	2.2997E-13
3920	2.2985E-13
3921	2.2931E-13
3922	2.2877E-13
3923	2.2866E-13
3924	2.2791E-13
3925	2.2737E-13
3926	2.2726E-13
3927	2.2714E-13
3928	2.2703E-13
3929	2.2691E-13
3930	2.268E-13
3931	2.2668E-13
3932	2.2656E-13
3933	2.2645E-13
3934	2.2592E-13
3935	2.256E-13
3936	2.2548E-13
3937	2.2537E-13
3938	2.2525E-13
3939	2.2535E-13
3940	2.2502E-13
3941	2.2491E-13
3942	2.2438E-13
3943	2.2385E-13
3944	2.2312E-13
3945	2.2301E-13
3946	2.2249E-13
3947	2.2197E-13
3948	2.2124E-13
3949	2.2032E-13
3950	2.196E-13
3951	2.1868E-13
3952	2.1716E-13
3953	2.1566E-13
3954	2.1416E-13
3955	2.1248E-13
3956	2.1101E-13
3957	2.0955E-13
3958	2.081E-13
3959	2.0704E-13
3960	2.056E-13
3961	2.038E-13
3962	2.0109E-13
3963	1.9823E-13
3964	1.9613E-13
3965	1.9352E-13
3966	1.9165E-13
3967	1.8998E-13
3968	1.8866E-13
3969	1.8735E-13
3970	1.8588E-13
3971	1.8545E-13
3972	1.8501E-13
3973	1.8492E-13
3974	1.8483E-13
3975	1.8559E-13
3976	1.8618E-13
3977	1.8781E-13
3978	1.8893E-13
3979	1.9075E-13
3980	1.9278E-13
3981	1.9482E-13
3982	1.9725E-13
3983	1.9898E-13
3984	2.0016E-13
3985	2.0136E-13
3986	2.0256E-13
3987	2.0376E-13
3988	2.0536E-13
3989	2.0658E-13
3990	2.0801E-13
3991	2.0925E-13
3992	2.1049E-13
3993	2.1117E-13
3994	2.1203E-13
3995	2.1291E-13
3996	2.1378E-13
3997	2.1407E-13
3998	2.1495E-13
3999	2.1484E-13
4000	2.1473E-13
4001	2.1463E-13
4002	2.1452E-13
4003	2.1441E-13
4004	2.147E-13
4005	2.1499E-13
4006	2.1508E-13
4007	2.1497E-13
4008	2.1486E-13
4009	2.1476E-13
4010	2.1465E-13
4011	2.1454E-13
4012	2.1483E-13
4013	2.1472E-13
4014	2.1501E-13
4015	2.153E-13
4016	2.152E-13
4017	2.1509E-13
4018	2.1498E-13
4019	2.1487E-13
4020	2.1437E-13
4021	2.1427E-13
4022	2.1416E-13
4023	2.1366E-13
4024	2.1355E-13
4025	2.1345E-13
4026	2.1334E-13
4027	2.1284E-13
4028	2.1254E-13
4029	2.1244E-13
4030	2.1233E-13
4031	2.1222E-13
4032	2.1212E-13
4033	2.1201E-13
4034	2.1191E-13
4035	2.1141E-13
4036	2.1131E-13
4037	2.112E-13
4038	2.1149E-13
4039	2.1139E-13
4040	2.1089E-13
4041	2.1079E-13
4042	2.1068E-13
4043	2.1058E-13
4044	2.1047E-13
4045	2.0998E-13
4046	2.0988E-13
4047	2.0977E-13
4048	2.0967E-13
4049	2.0899E-13
4050	2.0889E-13
4051	2.0878E-13
4052	2.0868E-13
4053	2.0858E-13
4054	2.0809E-13
4055	2.0837E-13
4056	2.0827E-13
4057	2.0817E-13
4058	2.0806E-13
4059	2.0854E-13
4060	2.0843E-13
4061	2.0776E-13
4062	2.0765E-13
4063	2.0717E-13
4064	2.0707E-13
4065	2.0658E-13
4066	2.0648E-13
4067	2.0638E-13
4068	2.0571E-13
4069	2.0523E-13
4070	2.0475E-13
4071	2.0446E-13
4072	2.0399E-13
4073	2.0389E-13
4074	2.0341E-13
4075	2.0275E-13
4076	2.0228E-13
4077	2.0144E-13
4078	2.0078E-13
4079	2.0031E-13
4080	1.993E-13
4081	1.9828E-13
4082	1.9728E-13
4083	1.9591E-13
4084	1.951E-13
4085	1.9375E-13
4086	1.9241E-13
4087	1.9055E-13
4088	1.8889E-13
4089	1.8758E-13
4090	1.8577E-13
4091	1.8415E-13
4092	1.8237E-13
4093	1.8028E-13
4094	1.7837E-13
4095	1.7632E-13
4096	1.743E-13
4097	1.723E-13
4098	1.7048E-13
4099	1.6852E-13
4100	1.6736E-13
4101	1.6575E-13
4102	1.649E-13
4103	1.6422E-13
4104	1.6414E-13
4105	1.6436E-13
4106	1.6473E-13
4107	1.6602E-13
4108	1.6702E-13
4109	1.6879E-13
4110	1.7058E-13
4111	1.724E-13
4112	1.7455E-13
4113	1.7592E-13
4114	1.7778E-13
4115	1.7918E-13
4116	1.8075E-13
4117	1.8183E-13
4118	1.8291E-13
4119	1.8435E-13
4120	1.8545E-13
4121	1.8622E-13
4122	1.8698E-13
4123	1.8776E-13
4124	1.8836E-13
4125	1.8879E-13
4126	1.8904E-13
4127	1.893E-13
4128	1.8973E-13
4129	1.8964E-13
4130	1.8955E-13
4131	1.8981E-13
4132	1.8971E-13
4133	1.8962E-13
4134	1.8953E-13
4135	1.8944E-13
4136	1.8935E-13
4137	1.8926E-13
4138	1.8916E-13
4139	1.8907E-13
4140	1.8898E-13
4141	1.8889E-13
4142	1.888E-13
4143	1.8871E-13
4144	1.8896E-13
4145	1.8887E-13
4146	1.8878E-13
4147	1.8869E-13
4148	1.886E-13
4149	1.8816E-13
4150	1.8807E-13
4151	1.8798E-13
4152	1.8755E-13
4153	1.8746E-13
4154	1.8737E-13
4155	1.8727E-13
4156	1.8667E-13
4157	1.8658E-13
4158	1.8649E-13
4159	1.864E-13
4160	1.8631E-13
4161	1.8622E-13
4162	1.8613E-13
4163	1.8656E-13
4164	1.8647E-13
4165	1.8672E-13
4166	1.8663E-13
4167	1.8654E-13
4168	1.8645E-13
4169	1.8636E-13
4170	1.8627E-13
4171	1.8618E-13
4172	1.8609E-13
4173	1.86E-13
4174	1.8592E-13
4175	1.8583E-13
4176	1.8574E-13
4177	1.8531E-13
4178	1.8522E-13
4179	1.8513E-13
4180	1.8504E-13
4181	1.8495E-13
4182	1.8435E-13
4183	1.8427E-13
4184	1.8418E-13
4185	1.8409E-13
4186	1.84E-13
4187	1.8358E-13
4188	1.8349E-13
4189	1.834E-13
4190	1.8331E-13
4191	1.8323E-13
4192	1.8314E-13
4193	1.8305E-13
4194	1.8263E-13
4195	1.8254E-13
4196	1.8245E-13
4197	1.8237E-13
4198	1.8178E-13
4199	1.8169E-13
4200	1.8127E-13
4201	1.8085E-13
4202	1.806E-13
4203	1.8018E-13
4204	1.8009E-13
4205	1.8001E-13
4206	1.7992E-13
4207	1.8017E-13
4208	1.8008E-13
4209	1.8E-13
4210	1.8008E-13
4211	1.8032E-13
4212	1.8057E-13
4213	1.8098E-13
4214	1.809E-13
4215	1.8114E-13
4216	1.8139E-13
4217	1.8181E-13
4218	1.8172E-13
4219	1.8197E-13
4220	1.8188E-13
4221	1.818E-13
4222	1.8171E-13
4223	1.8196E-13
4224	1.8187E-13
4225	1.8145E-13
4226	1.8137E-13
4227	1.8095E-13
4228	1.8086E-13
4229	1.8028E-13
4230	1.7986E-13
4231	1.7945E-13
4232	1.7887E-13
4233	1.7878E-13
4234	1.7837E-13
4235	1.7828E-13
4236	1.782E-13
4237	1.7779E-13
4238	1.777E-13
4239	1.7762E-13
4240	1.7754E-13
4241	1.7745E-13
4242	1.7737E-13
4243	1.7729E-13
4244	1.772E-13
4245	1.7712E-13
4246	1.7704E-13
4247	1.7679E-13
4248	1.7671E-13
4249	1.763E-13
4250	1.7589E-13
4251	1.7532E-13
4252	1.7524E-13
4253	1.7484E-13
4254	1.7443E-13
4255	1.7435E-13
4256	1.7427E-13
4257	1.7371E-13
4258	1.7362E-13
4259	1.7354E-13
4260	1.7346E-13
4261	1.7338E-13
4262	1.7378E-13
4263	1.737E-13
4264	1.7361E-13
4265	1.7353E-13
4266	1.7345E-13
4267	1.7337E-13
4268	1.7329E-13
4269	1.7321E-13
4270	1.7313E-13
4271	1.7305E-13
4272	1.7249E-13
4273	1.7209E-13
4274	1.7201E-13
4275	1.7161E-13
4276	1.7153E-13
4277	1.7145E-13
4278	1.7137E-13
4279	1.7129E-13
4280	1.7121E-13
4281	1.7113E-13
4282	1.7105E-13
4283	1.7097E-13
4284	1.7042E-13
4285	1.7034E-13
4286	1.6995E-13
4287	1.6987E-13
4288	1.6948E-13
4289	1.6924E-13
4290	1.6916E-13
4291	1.6908E-13
4292	1.6869E-13
4293	1.6831E-13
4294	1.6792E-13
4295	1.6768E-13
4296	1.673E-13
4297	1.6722E-13
4298	1.6714E-13
4299	1.6676E-13
4300	1.6668E-13
4301	1.666E-13
4302	1.6622E-13
4303	1.6599E-13
4304	1.6591E-13
4305	1.6583E-13
4306	1.6576E-13
4307	1.6568E-13
4308	1.653E-13
4309	1.6522E-13
4310	1.6515E-13
4311	1.6476E-13
4312	1.6469E-13
4313	1.6461E-13
4314	1.6408E-13
4315	1.637E-13
4316	1.6333E-13
4317	1.628E-13
4318	1.6213E-13
4319	1.616E-13
4320	1.6094E-13
4321	1.6042E-13
4322	1.5961E-13
4323	1.5895E-13
4324	1.5785E-13
4325	1.5676E-13
4326	1.5554E-13
4327	1.5447E-13
4328	1.5284E-13
4329	1.5137E-13
4330	1.4964E-13
4331	1.4793E-13
4332	1.4596E-13
4333	1.4403E-13
4334	1.4212E-13
4335	1.4023E-13
4336	1.3837E-13
4337	1.3679E-13
4338	1.3497E-13
4339	1.338E-13
4340	1.3251E-13
4341	1.322E-13
4342	1.3153E-13
4343	1.3172E-13
4344	1.3202E-13
4345	1.3281E-13
4346	1.3386E-13
4347	1.3503E-13
4348	1.3635E-13
4349	1.378E-13
4350	1.3952E-13
4351	1.4101E-13
4352	1.4251E-13
4353	1.4403E-13
4354	1.4543E-13
4355	1.4697E-13
4356	1.4827E-13
4357	1.4916E-13
4358	1.5005E-13
4359	1.5095E-13
4360	1.5158E-13
4361	1.5207E-13
4362	1.527E-13
4363	1.5306E-13
4364	1.5355E-13
4365	1.5376E-13
4366	1.5412E-13
4367	1.5433E-13
4368	1.5469E-13
4369	1.5462E-13
4370	1.5483E-13
4371	1.5504E-13
4372	1.554E-13
4373	1.5533E-13
4374	1.5555E-13
4375	1.5548E-13
4376	1.5569E-13
4377	1.5562E-13
4378	1.5569E-13
4379	1.5562E-13
4380	1.5584E-13
4381	1.5577E-13
4382	1.557E-13
4383	1.5534E-13
4384	1.5512E-13
4385	1.5505E-13
4386	1.547E-13
4387	1.5463E-13
4388	1.5456E-13
4389	1.5449E-13
4390	1.5442E-13
4391	1.5435E-13
4392	1.5399E-13
4393	1.5392E-13
4394	1.5385E-13
4395	1.5378E-13
4396	1.5371E-13
4397	1.5392E-13
4398	1.5357E-13
4399	1.535E-13
4400	1.5343E-13
4401	1.5336E-13
4402	1.5329E-13
4403	1.5322E-13
4404	1.5273E-13
4405	1.5266E-13
4406	1.5259E-13
4407	1.5252E-13
4408	1.5217E-13
4409	1.521E-13
4410	1.5203E-13
4411	1.5197E-13
4412	1.519E-13
4413	1.5183E-13
4414	1.5148E-13
4415	1.5141E-13
4416	1.5134E-13
4417	1.5127E-13
4418	1.5121E-13
4419	1.5114E-13
4420	1.5107E-13
4421	1.5058E-13
4422	1.5052E-13
4423	1.5045E-13
4424	1.508E-13
4425	1.5073E-13
4426	1.5066E-13
4427	1.5059E-13
4428	1.5052E-13
4429	1.5046E-13
4430	1.4997E-13
4431	1.4991E-13
4432	1.4984E-13
4433	1.4977E-13
4434	1.4943E-13
4435	1.4936E-13
4436	1.4929E-13
4437	1.4922E-13
4438	1.4916E-13
4439	1.4909E-13
4440	1.4902E-13
4441	1.4923E-13
4442	1.4916E-13
4443	1.491E-13
4444	1.4903E-13
4445	1.4896E-13
4446	1.489E-13
4447	1.4924E-13
4448	1.4917E-13
4449	1.4911E-13
4450	1.4904E-13
4451	1.4856E-13
4452	1.4849E-13
4453	1.4843E-13
4454	1.4809E-13
4455	1.4802E-13
4456	1.4796E-13
4457	1.4762E-13
4458	1.4741E-13
4459	1.4708E-13
4460	1.4701E-13
4461	1.4668E-13
4462	1.462E-13
4463	1.4587E-13
4464	1.4554E-13
4465	1.4507E-13
4466	1.4474E-13
4467	1.4441E-13
4468	1.4434E-13
4469	1.4361E-13
4470	1.4329E-13
4471	1.4283E-13
4472	1.425E-13
4473	1.4204E-13
4474	1.4198E-13
4475	1.4192E-13
4476	1.4185E-13
4477	1.4179E-13
4478	1.4173E-13
4479	1.4179E-13
4480	1.4173E-13
4481	1.4167E-13
4482	1.4187E-13
4483	1.418E-13
4484	1.42E-13
4485	1.4233E-13
4486	1.4227E-13
4487	1.422E-13
4488	1.4214E-13
4489	1.4208E-13
4490	1.4201E-13
4491	1.4156E-13
4492	1.4123E-13
4493	1.4117E-13
4494	1.4085E-13
4495	1.4066E-13
4496	1.4059E-13
4497	1.4053E-13
4498	1.4021E-13
4499	1.4015E-13
4500	1.4009E-13
4501	1.3977E-13
4502	1.397E-13
4503	1.3964E-13
4504	1.3958E-13
4505	1.3926E-13
4506	1.3907E-13
4507	1.3901E-13
4508	1.3895E-13
4509	1.3889E-13
4510	1.3895E-13
4511	1.3915E-13
4512	1.3909E-13
4513	1.3902E-13
4514	1.3922E-13
4515	1.3916E-13
4516	1.3935E-13
4517	1.3903E-13
4518	1.3897E-13
4519	1.3891E-13
4520	1.3885E-13
4521	1.3853E-13
4522	1.3847E-13
4523	1.3841E-13
4524	1.386E-13
4525	1.3854E-13
4526	1.3848E-13
4527	1.3842E-13
4528	1.3836E-13
4529	1.3804E-13
4530	1.3773E-13
4531	1.3754E-13
4532	1.3723E-13
4533	1.3691E-13
4534	1.3648E-13
4535	1.3617E-13
4536	1.3585E-13
4537	1.3542E-13
4538	1.3486E-13
4539	1.3443E-13
4540	1.3412E-13
4541	1.3407E-13
4542	1.3401E-13
4543	1.3419E-13
4544	1.3414E-13
4545	1.3408E-13
4546	1.3426E-13
4547	1.3421E-13
4548	1.3427E-13
4549	1.3421E-13
4550	1.344E-13
4551	1.3434E-13
4552	1.3453E-13
4553	1.3447E-13
4554	1.3441E-13
4555	1.3435E-13
4556	1.3429E-13
4557	1.3423E-13
4558	1.3417E-13
4559	1.3449E-13
4560	1.3443E-13
4561	1.3437E-13
4562	1.3431E-13
4563	1.3425E-13
4564	1.3419E-13
4565	1.3413E-13
4566	1.3408E-13
4567	1.3402E-13
4568	1.3396E-13
4569	1.339E-13
4570	1.3384E-13
4571	1.3341E-13
4572	1.3311E-13
4573	1.3305E-13
4574	1.3299E-13
4575	1.3293E-13
4576	1.3288E-13
4577	1.3306E-13
4578	1.3301E-13
4579	1.3295E-13
4580	1.3289E-13
4581	1.3259E-13
4582	1.3253E-13
4583	1.3247E-13
4584	1.3217E-13
4585	1.3199E-13
4586	1.3193E-13
4587	1.3163E-13
4588	1.3158E-13
4589	1.3152E-13
4590	1.3122E-13
4591	1.3116E-13
4592	1.311E-13
4593	1.3105E-13
4594	1.3099E-13
4595	1.3069E-13
4596	1.3052E-13
4597	1.3046E-13
4598	1.3016E-13
4599	1.301E-13
4600	1.3005E-13
4601	1.2892E-13
4602	1.2886E-13
4603	1.2845E-13
4604	1.2816E-13
4605	1.2787E-13
4606	1.2746E-13
4607	1.274E-13
4608	1.2712E-13
4609	1.2671E-13
4610	1.2665E-13
4611	1.2637E-13
4612	1.2631E-13
4613	1.2626E-13
4614	1.2597E-13
4615	1.2591E-13
4616	1.2586E-13
4617	1.2581E-13
4618	1.2575E-13
4619	1.2547E-13
4620	1.253E-13
4621	1.2501E-13
4622	1.2473E-13
4623	1.2444E-13
4624	1.2428E-13
4625	1.2399E-13
4626	1.2394E-13
4627	1.2366E-13
4628	1.236E-13
4629	1.2355E-13
4630	1.235E-13
4631	1.231E-13
4632	1.2282E-13
4633	1.2277E-13
4634	1.2272E-13
4635	1.2267E-13
4636	1.2261E-13
4637	1.2256E-13
4638	1.2251E-13
4639	1.2268E-13
4640	1.2263E-13
4641	1.2291E-13
4642	1.2286E-13
4643	1.2281E-13
4644	1.2275E-13
4645	1.227E-13
4646	1.2231E-13
4647	1.2203E-13
4648	1.2198E-13
4649	1.2193E-13
4650	1.2188E-13
4651	1.2205E-13
4652	1.2199E-13
4653	1.2194E-13
4654	1.2189E-13
4655	1.2161E-13
4656	1.2134E-13
4657	1.2073E-13
4658	1.199E-13
4659	1.1985E-13
4660	1.2002E-13
4661	1.2019E-13
4662	1.2014E-13
4663	1.2008E-13
4664	1.2003E-13
4665	1.1976E-13
4666	1.1949E-13
4667	1.1911E-13
4668	1.1906E-13
4669	1.1901E-13
4670	1.1896E-13
4671	1.1869E-13
4672	1.1842E-13
4673	1.1804E-13
4674	1.1777E-13
4675	1.2236E-13
4676	1.2186E-13
4677	1.2125E-13
4678	1.2098E-13
4679	1.2037E-13
4680	1.201E-13
4681	1.1971E-13
4682	1.1944E-13
4683	1.1917E-13
4684	1.1879E-13
4685	1.1896E-13
4686	1.1891E-13
4687	1.1897E-13
4688	1.1914E-13
4689	1.1909E-13
4690	1.1925E-13
4691	1.1953E-13
4692	1.1948E-13
4693	1.1965E-13
4694	1.196E-13
4695	1.1977E-13
4696	1.2005E-13
4697	1.2E-13
4698	1.1995E-13
4699	1.199E-13
4700	1.2007E-13
4702	1.1997E-13
4704	1.1986E-13
4706	1.1976E-13
4708	1.1966E-13
4710	1.1956E-13
4712	1.1924E-13
4714	1.1914E-13
4716	1.1903E-13
4718	1.1861E-13
4720	1.1829E-13
4722	1.1819E-13
4724	1.1809E-13
4726	1.1777E-13
4728	1.1767E-13
4730	1.1757E-13
4732	1.1747E-13
4734	1.1705E-13
4736	1.1695E-13
4738	1.1664E-13
4740	1.1632E-13
4742	1.1612E-13
4744	1.1581E-13
4746	1.155E-13
4748	1.1519E-13
4750	1.1498E-13
4752	1.1489E-13
4754	1.1458E-13
4756	1.1448E-13
4758	1.1439E-13
4760	1.1429E-13
4762	1.1419E-13
4764	1.141E-13
4766	1.14E-13
4768	1.137E-13
4770	1.136E-13
4772	1.1351E-13
4774	1.1341E-13
4776	1.1332E-13
4778	1.1322E-13
4780	1.1313E-13
4782	1.1303E-13
4784	1.1263E-13
4786	1.1232E-13
4788	1.1202E-13
4790	1.1162E-13
4792	1.1132E-13
4794	1.1123E-13
4796	1.1114E-13
4798	1.1084E-13
4800	1.1075E-13
4802	1.1035E-13
4804	1.1026E-13
4806	1.0976E-13
4808	1.0957E-13
4810	1.0908E-13
4812	1.0868E-13
4814	1.0839E-13
4816	1.0811E-13
4818	1.0772E-13
4820	1.0743E-13
4822	1.0714E-13
4824	1.0676E-13
4826	1.0647E-13
4828	1.0609E-13
4830	1.0561E-13
4832	1.0524E-13
4834	1.0476E-13
4836	1.04E-13
4838	1.0325E-13
4840	1.025E-13
4842	1.0148E-13
4844	1.0056E-13
4846	9.937E-14
4848	9.8196E-14
4850	9.7305E-14
4852	9.6157E-14
4854	9.546E-14
4856	9.4768E-14
4858	9.4082E-14
4860	9.4178E-14
4862	9.41E-14
4864	9.4196E-14
4866	9.4727E-14
4868	9.5262E-14
4870	9.5887E-14
4872	9.6606E-14
4874	9.76E-14
4876	9.8332E-14
4878	9.9343E-14
4880	1.0018E-13
4882	1.0112E-13
4884	1.015E-13
4886	1.0207E-13
4888	1.0227E-13
4890	1.0238E-13
4892	1.0248E-13
4894	1.0259E-13
4896	1.025E-13
4898	1.0242E-13
4900	1.0234E-13
4902	1.0225E-13
4904	1.0217E-13
4906	1.0209E-13
4908	1.0181E-13
4910	1.0173E-13
4912	1.0165E-13
4914	1.0157E-13
4916	1.0148E-13
4918	1.014E-13
4920	1.0113E-13
4922	1.0086E-13
4924	1.0069E-13
4926	1.0061E-13
4928	1.0034E-13
4930	1.0007E-13
4932	9.9994E-14
4934	9.9913E-14
4936	9.9557E-14
4938	9.9293E-14
4940	9.903E-14
4942	9.895E-14
4944	9.8597E-14
4946	9.8336E-14
4948	9.7985E-14
4950	9.7906E-14
4952	9.7827E-14
4954	9.7748E-14
4956	9.7669E-14
4958	9.7411E-14
4960	9.7332E-14
4962	9.7075E-14
4964	9.6818E-14
4966	9.6651E-14
4968	9.6573E-14
4970	9.6318E-14
4972	9.624E-14
4974	9.5986E-14
4976	9.5909E-14
4978	9.5832E-14
4980	9.5755E-14
4982	9.5678E-14
4984	9.5602E-14
4986	9.5349E-14
4988	9.5272E-14
4990	9.5109E-14
4992	9.5032E-14
4994	9.4956E-14
4996	9.488E-14
4998	9.4804E-14
5000	9.4729E-14
5002	9.4653E-14
5004	9.4577E-14
5006	9.4502E-14
5008	9.4426E-14
5010	9.4351E-14
5012	9.4102E-14
5014	9.4027E-14
5016	9.3779E-14
5018	9.3704E-14
5020	9.3371E-14
5022	9.3297E-14
5024	9.3051E-14
5026	9.2806E-14
5028	9.2732E-14
5030	9.2403E-14
5032	9.2159E-14
5034	9.2086E-14
5036	9.1843E-14
5038	9.1686E-14
5040	9.1613E-14
5042	9.1372E-14
5044	9.13E-14
5046	9.1228E-14
5048	9.1155E-14
5050	9.0915E-14
5052	9.0843E-14
5054	9.0772E-14
5056	9.0533E-14
5058	9.0378E-14
5060	9.0306E-14
5062	9.0235E-14
5064	8.9998E-14
5066	8.9927E-14
5068	8.969E-14
5070	8.962E-14
5072	8.9549E-14
5074	8.9479E-14
5076	8.9408E-14
5078	8.9338E-14
5080	8.9267E-14
5082	8.9197E-14
5084	8.8881E-14
5086	8.8648E-14
5088	8.8578E-14
5090	8.8345E-14
5092	8.8276E-14
5094	8.7964E-14
5096	8.7894E-14
5098	8.7664E-14
5100	8.7595E-14
5102	8.7527E-14
5104	8.7458E-14
5106	8.739E-14
5108	8.7321E-14
5110	8.7253E-14
5112	8.7184E-14
5114	8.7116E-14
5116	8.7048E-14
5118	8.682E-14
5120	8.6752E-14
5122	8.6684E-14
5124	8.6617E-14
5126	8.6549E-14
5128	8.6482E-14
5130	8.6414E-14
5132	8.6347E-14
5134	8.6042E-14
5136	8.5975E-14
5138	8.5908E-14
5140	8.5841E-14
5142	8.5616E-14
5144	8.555E-14
5146	8.5483E-14
5148	8.5417E-14
5150	8.5193E-14
5152	8.5127E-14
5154	8.4983E-14
5156	8.4839E-14
5158	8.4773E-14
5160	8.4629E-14
5162	8.4486E-14
5164	8.442E-14
5166	8.4278E-14
5168	8.4135E-14
5170	8.407E-14
5172	8.3927E-14
5174	8.3785E-14
5176	8.3643E-14
5178	8.3579E-14
5180	8.3437E-14
5182	8.3296E-14
5184	8.3156E-14
5186	8.3015E-14
5188	8.2951E-14
5190	8.281E-14
5192	8.2671E-14
5194	8.2531E-14
5196	8.2391E-14
5198	8.2252E-14
5200	8.2189E-14
5202	8.205E-14
5204	8.1912E-14
5206	8.1924E-14
5208	8.1786E-14
5210	8.1573E-14
5212	8.151E-14
5214	8.1298E-14
5216	8.1086E-14
5218	8.0949E-14
5220	8.0887E-14
5222	8.0677E-14
5224	8.0466E-14
5226	8.0405E-14
5228	8.0196E-14
5230	8.006E-14
5232	7.9852E-14
5234	7.9644E-14
5236	7.9437E-14
5238	7.9303E-14
5240	7.9097E-14
5242	7.8891E-14
5244	7.8831E-14
5246	7.877E-14
5248	7.8493E-14
5250	7.8434E-14
5252	7.8374E-14
5254	7.8314E-14
5256	7.8255E-14
5258	7.8411E-14
5260	7.8352E-14
5262	7.8292E-14
5264	7.8377E-14
5266	7.8318E-14
5268	7.8258E-14
5270	7.8055E-14
5272	7.7996E-14
5274	7.7721E-14
5276	7.7519E-14
5278	7.7318E-14
5280	7.7047E-14
5282	7.6847E-14
5284	7.6576E-14
5286	7.6378E-14
5288	7.6179E-14
5290	7.6122E-14
5292	7.5854E-14
5294	7.5658E-14
5296	7.5462E-14
5298	7.5405E-14
5300	7.5139E-14
5302	7.5083E-14
5304	7.5026E-14
5306	7.497E-14
5308	7.4913E-14
5310	7.4857E-14
5312	7.48E-14
5314	7.4813E-14
5316	7.4757E-14
5318	7.4839E-14
5320	7.4782E-14
5322	7.4726E-14
5324	7.467E-14
5326	7.4614E-14
5328	7.4558E-14
5330	7.4364E-14
5332	7.424E-14
5334	7.4185E-14
5336	7.3993E-14
5338	7.3937E-14
5340	7.3746E-14
5342	7.3691E-14
5344	7.3432E-14
5346	7.3242E-14
5348	7.3053E-14
5350	7.2998E-14
5352	7.2742E-14
5354	7.2688E-14
5356	7.25E-14
5358	7.2446E-14
5360	7.2392E-14
5362	7.2338E-14
5364	7.2284E-14
5366	7.2097E-14
5368	7.2043E-14
5370	7.199E-14
5372	7.187E-14
5374	7.1816E-14
5376	7.1763E-14
5378	7.1578E-14
5380	7.1525E-14
5382	7.134E-14
5384	7.109E-14
5386	7.1037E-14
5388	7.0854E-14
5390	7.0671E-14
5392	7.0424E-14
5394	7.0242E-14
5396	7.0061E-14
5398	6.9687E-14
5400	6.9508E-14
5402	6.9137E-14
5404	6.8895E-14
5406	6.8591E-14
5408	6.8351E-14
5410	6.805E-14
5412	6.7999E-14
5414	6.7949E-14
5416	6.7899E-14
5418	6.7974E-14
5420	6.8049E-14
5422	6.8062E-14
5424	6.8137E-14
5426	6.8212E-14
5428	6.8287E-14
5430	6.8426E-14
5432	6.8376E-14
5434	6.8451E-14
5436	6.8401E-14
5438	6.835E-14
5440	6.83E-14
5442	6.825E-14
5444	6.82E-14
5446	6.815E-14
5448	6.81E-14
5450	6.7925E-14
5452	6.7875E-14
5454	6.7825E-14
5456	6.7651E-14
5458	6.7539E-14
5460	6.7489E-14
5462	6.7316E-14
5464	6.7143E-14
5466	6.7093E-14
5468	6.7045E-14
5470	6.6872E-14
5472	6.6762E-14
5474	6.6713E-14
5476	6.6664E-14
5478	6.6616E-14
5480	6.6444E-14
5482	6.6396E-14
5484	6.6347E-14
5486	6.6177E-14
5488	6.6129E-14
5490	6.6081E-14
5492	6.6033E-14
5494	6.5985E-14
5496	6.5755E-14
5498	6.5707E-14
5500	6.5659E-14
5502	6.5491E-14
5504	6.5443E-14
5506	6.5275E-14
5508	6.5228E-14
5510	6.5001E-14
5512	6.4953E-14
5514	6.4787E-14
5516	6.474E-14
5518	6.4693E-14
5520	6.4527E-14
5522	6.448E-14
5524	6.4434E-14
5526	6.4387E-14
5528	6.434E-14
5530	6.4294E-14
5532	6.4188E-14
5534	6.4024E-14
5536	6.3978E-14
5538	6.3814E-14
5540	6.365E-14
5542	6.3546E-14
5544	6.35E-14
5546	6.3454E-14
5548	6.3409E-14
5550	6.3363E-14
5552	6.3317E-14
5554	6.3272E-14
5556	6.311E-14
5558	6.3064E-14
5560	6.3019E-14
5562	6.2974E-14
5564	6.2928E-14
5566	6.2767E-14
5568	6.2722E-14
5570	6.2677E-14
5572	6.2517E-14
5574	6.2472E-14
5576	6.2427E-14
5578	6.2383E-14
5580	6.2338E-14
5582	6.2408E-14
5584	6.2363E-14
5586	6.2204E-14
5588	6.216E-14
5590	6.2058E-14
5592	6.2014E-14
5594	6.1855E-14
5596	6.1811E-14
5598	6.1653E-14
5600	6.1609E-14
5602	6.1395E-14
5604	6.1238E-14
5606	6.1195E-14
5608	6.1038E-14
5610	6.0995E-14
5612	6.0951E-14
5614	6.074E-14
5616	6.0585E-14
5618	6.043E-14
5620	6.0332E-14
5622	6.0178E-14
5624	6.0136E-14
5626	5.9982E-14
5628	5.9939E-14
5630	5.9786E-14
5632	5.9744E-14
5634	5.9647E-14
5636	5.9604E-14
5638	5.9562E-14
5640	5.9411E-14
5642	5.9368E-14
5644	5.9217E-14
5646	5.9066E-14
5648	5.897E-14
5650	5.8928E-14
5652	5.8778E-14
5654	5.8737E-14
5656	5.8695E-14
5658	5.8546E-14
5660	5.8504E-14
5662	5.8463E-14
5664	5.8422E-14
5666	5.8219E-14
5668	5.8178E-14
5670	5.803E-14
5672	5.7989E-14
5674	5.7842E-14
5676	5.7801E-14
5678	5.776E-14
5680	5.756E-14
5682	5.752E-14
5684	5.7479E-14
5686	5.7333E-14
5688	5.7293E-14
5690	5.7147E-14
5692	5.7054E-14
5694	5.7014E-14
5696	5.6974E-14
5698	5.683E-14
5700	5.679E-14
5702	5.675E-14
5704	5.671E-14
5706	5.667E-14
5708	5.6631E-14
5710	5.6487E-14
5712	5.6448E-14
5714	5.6304E-14
5716	5.6213E-14
5718	5.6174E-14
5720	5.6031E-14
5722	5.5889E-14
5724	5.585E-14
5726	5.5811E-14
5728	5.5618E-14
5730	5.5579E-14
5732	5.554E-14
5734	5.5399E-14
5736	5.5361E-14
5738	5.5322E-14
5740	5.5284E-14
5742	5.5245E-14
5744	5.5207E-14
5746	5.5067E-14
5748	5.5029E-14
5750	5.499E-14
5752	5.4952E-14
5754	5.4762E-14
5756	5.4724E-14
5758	5.4586E-14
5760	5.4548E-14
5762	5.451E-14
5764	5.4372E-14
5766	5.4334E-14
5768	5.4296E-14
5770	5.4259E-14
5772	5.4221E-14
5774	5.4034E-14
5776	5.3997E-14
5778	5.3959E-14
5780	5.3823E-14
5782	5.3785E-14
5784	5.3748E-14
5786	5.3711E-14
5788	5.3674E-14
5790	5.3637E-14
5792	5.3501E-14
5794	5.3464E-14
5796	5.3378E-14
5798	5.3341E-14
5800	5.3305E-14
5802	5.3268E-14
5804	5.3133E-14
5806	5.3097E-14
5808	5.306E-14
5810	5.3023E-14
5812	5.2987E-14
5814	5.2853E-14
5816	5.2817E-14
5818	5.278E-14
5820	5.2744E-14
5822	5.2708E-14
5824	5.2672E-14
5826	5.2636E-14
5828	5.2503E-14
5830	5.2467E-14
5832	5.2431E-14
5834	5.2346E-14
5836	5.231E-14
5838	5.2275E-14
5840	5.2239E-14
5842	5.2107E-14
5844	5.2071E-14
5846	5.2036E-14
5848	5.1905E-14
5850	5.1869E-14
5852	5.1834E-14
5854	5.1655E-14
5856	5.1525E-14
5858	5.1395E-14
5860	5.1218E-14
5862	5.1089E-14
5864	5.0913E-14
5866	5.0785E-14
5868	5.0564E-14
5870	5.0483E-14
5872	5.0263E-14
5874	5.0136E-14
5876	5.0102E-14
5878	5.0068E-14
5880	5.0034E-14
5882	5.0092E-14
5884	5.015E-14
5886	5.0209E-14
5888	5.0221E-14
5890	5.0279E-14
5892	5.0245E-14
5894	5.0211E-14
5896	5.0177E-14
5898	5.0143E-14
5900	5.0109E-14
5902	4.9983E-14
5904	4.9903E-14
5906	4.9869E-14
5908	4.9744E-14
5910	4.9619E-14
5912	4.9585E-14
5914	4.9461E-14
5916	4.9382E-14
5918	4.9348E-14
5920	4.9315E-14
5922	4.9191E-14
5924	4.9158E-14
5926	4.9124E-14
5928	4.9091E-14
5930	4.8968E-14
5932	4.8935E-14
5934	4.8902E-14
5936	4.8734E-14
5938	4.8611E-14
5940	4.8489E-14
5942	4.8457E-14
5944	4.8424E-14
5946	4.8392E-14
5948	4.8448E-14
5950	4.8416E-14
5952	4.8383E-14
5954	4.8351E-14
5956	4.8318E-14
5958	4.8286E-14
5960	4.8165E-14
5962	4.8132E-14
5964	4.7967E-14
5966	4.7935E-14
5968	4.7815E-14
5970	4.7783E-14
5972	4.7751E-14
5974	4.7719E-14
5976	4.7687E-14
5978	4.7655E-14
5980	4.7623E-14
5982	4.7591E-14
5984	4.756E-14
5986	4.7528E-14
5988	4.7496E-14
5990	4.7464E-14
5992	4.7345E-14
5994	4.727E-14
5996	4.7239E-14
5998	4.712E-14
6000	4.7089E-14
6002	4.6971E-14
6004	4.6939E-14
6006	4.6908E-14
6008	4.6877E-14
6010	4.676E-14
6012	4.6729E-14
6014	4.6654E-14
6016	4.6623E-14
6018	4.6592E-14
6020	4.6561E-14
6022	4.6531E-14
6024	4.6414E-14
6026	4.6383E-14
6028	4.6353E-14
6030	4.6237E-14
6032	4.6206E-14
6034	4.6175E-14
6036	4.606E-14
6038	4.5987E-14
6040	4.5956E-14
6042	4.5841E-14
6044	4.5727E-14
6046	4.5696E-14
6048	4.5666E-14
6050	4.5636E-14
6052	4.5606E-14
6054	4.5576E-14
6056	4.542E-14
6058	4.539E-14
6060	4.536E-14
6062	4.533E-14
6064	4.5217E-14
6066	4.5187E-14
6068	4.5157E-14
6070	4.5045E-14
6072	4.5015E-14
6074	4.4985E-14
6076	4.4956E-14
6078	4.4802E-14
6080	4.4773E-14
6082	4.4743E-14
6084	4.4714E-14
6086	4.4602E-14
6088	4.4573E-14
6090	4.4544E-14
6092	4.4514E-14
6094	4.4403E-14
6096	4.4374E-14
6098	4.4345E-14
6100	4.4316E-14
6102	4.4287E-14
6104	4.4258E-14
6106	4.4188E-14
6108	4.4159E-14
6110	4.413E-14
6112	4.402E-14
6114	4.3991E-14
6116	4.3963E-14
6118	4.3853E-14
6120	4.3824E-14
6122	4.3796E-14
6124	4.3687E-14
6126	4.3658E-14
6128	4.359E-14
6130	4.3561E-14
6132	4.3533E-14
6134	4.3504E-14
6136	4.3476E-14
6138	4.3368E-14
6140	4.3339E-14
6142	4.3311E-14
6144	4.3203E-14
6146	4.3175E-14
6148	4.3147E-14
6150	4.3119E-14
6152	4.3091E-14
6154	4.3063E-14
6156	4.3035E-14
6158	4.3007E-14
6160	4.2979E-14
6162	4.2951E-14
6164	4.2924E-14
6166	4.2777E-14
6168	4.2671E-14
6170	4.2643E-14
6172	4.2537E-14
6174	4.2392E-14
6176	4.2365E-14
6178	4.2259E-14
6180	4.2232E-14
6182	4.2127E-14
6184	4.21E-14
6186	4.2073E-14
6188	4.2045E-14
6190	4.1902E-14
6192	4.1875E-14
6194	4.1771E-14
6196	4.1744E-14
6198	4.1717E-14
6200	4.1614E-14
6202	4.1549E-14
6204	4.1522E-14
6206	4.1495E-14
6208	4.1469E-14
6210	4.1442E-14
6212	4.1415E-14
6214	4.1388E-14
6216	4.1362E-14
6218	4.1335E-14
6220	4.1233E-14
6222	4.1206E-14
6224	4.118E-14
6226	4.1153E-14
6228	4.1127E-14
6230	4.11E-14
6232	4.0998E-14
6234	4.0972E-14
6236	4.0946E-14
6238	4.0919E-14
6240	4.0893E-14
6242	4.0867E-14
6244	4.0766E-14
6246	4.074E-14
6248	4.0676E-14
6250	4.065E-14
6252	4.0549E-14
6254	4.0449E-14
6256	4.0423E-14
6258	4.0397E-14
6260	4.026E-14
6262	4.0234E-14
6264	4.0134E-14
6266	4.0035E-14
6268	3.9899E-14
6270	3.98E-14
6272	3.9665E-14
6274	3.9567E-14
6276	3.9469E-14
6278	3.9444E-14
6280	3.9346E-14
6282	3.9321E-14
6284	3.9296E-14
6286	3.9271E-14
6288	3.9246E-14
6290	3.9221E-14
6292	3.9196E-14
6294	3.9243E-14
6296	3.9219E-14
6298	3.9194E-14
6300	3.9169E-14
6302	3.9144E-14
6304	3.9191E-14
6306	3.9166E-14
6308	3.9142E-14
6310	3.9117E-14
6312	3.902E-14
6314	3.8995E-14
6316	3.8971E-14
6318	3.8874E-14
6320	3.8814E-14
6322	3.8789E-14
6324	3.8765E-14
6326	3.8669E-14
6328	3.8644E-14
6330	3.862E-14
6332	3.8596E-14
6334	3.8571E-14
6336	3.8547E-14
6338	3.8452E-14
6340	3.8428E-14
6342	3.8403E-14
6344	3.8379E-14
6346	3.8355E-14
6348	3.8331E-14
6350	3.8307E-14
6352	3.8282E-14
6354	3.8188E-14
6356	3.8129E-14
6358	3.8105E-14
6360	3.8011E-14
6362	3.7917E-14
6364	3.7893E-14
6366	3.7869E-14
6368	3.7846E-14
6370	3.7717E-14
6372	3.7694E-14
6374	3.767E-14
6376	3.7646E-14
6378	3.7623E-14
6380	3.7599E-14
6382	3.768E-14
6384	3.7656E-14
6386	3.7632E-14
6388	3.7609E-14
6390	3.7585E-14
6392	3.7458E-14
6394	3.7435E-14
6396	3.7411E-14
6398	3.7319E-14
6400	3.7296E-14
6402	3.7272E-14
6404	3.7181E-14
6406	3.7157E-14
6408	3.7134E-14
6410	3.7009E-14
6412	3.6918E-14
6414	3.6895E-14
6416	3.6872E-14
6418	3.6781E-14
6420	3.6758E-14
6422	3.6735E-14
6424	3.6678E-14
6426	3.6656E-14
6428	3.6633E-14
6430	3.661E-14
6432	3.6587E-14
6434	3.6564E-14
6436	3.6542E-14
6438	3.6519E-14
6440	3.6429E-14
6442	3.6407E-14
6444	3.6384E-14
6446	3.6294E-14
6448	3.6272E-14
6450	3.6183E-14
6452	3.6127E-14
6454	3.6038E-14
6456	3.595E-14
6458	3.5861E-14
6460	3.5806E-14
6462	3.5784E-14
6464	3.5696E-14
6466	3.5674E-14
6468	3.5586E-14
6470	3.5564E-14
6472	3.5444E-14
6474	3.5357E-14
6476	3.5335E-14
6478	3.5313E-14
6480	3.5227E-14
6482	3.5205E-14
6484	3.5183E-14
6486	3.5162E-14
6488	3.514E-14
6490	3.5118E-14
6492	3.5097E-14
6494	3.4978E-14
6496	3.4957E-14
6498	3.4871E-14
6500	3.4753E-14
6502	3.4668E-14
6504	3.4583E-14
6506	3.4403E-14
6508	3.4318E-14
6510	3.4202E-14
6512	3.4056E-14
6514	3.3941E-14
6516	3.3796E-14
6518	3.3775E-14
6520	3.3661E-14
6522	3.3517E-14
6524	3.3465E-14
6526	3.3322E-14
6528	3.3209E-14
6530	3.3067E-14
6532	3.2956E-14
6534	3.2814E-14
6536	3.2553E-14
6538	3.2324E-14
6540	3.2097E-14
6542	3.1812E-14
6544	3.1502E-14
6546	3.1165E-14
6548	3.0804E-14
6550	3.0447E-14
6552	3.0038E-14
6554	2.969E-14
6556	2.9346E-14
6558	2.9032E-14
6560	2.8881E-14
6562	2.8731E-14
6564	2.866E-14
6566	2.8749E-14
6568	2.8864E-14
6570	2.9033E-14
6572	2.923E-14
6574	2.9509E-14
6576	2.9764E-14
6578	3.0049E-14
6580	3.0309E-14
6582	3.0543E-14
6584	3.0721E-14
6586	3.0901E-14
6588	3.1082E-14
6590	3.1207E-14
6592	3.1332E-14
6594	3.1457E-14
6596	3.1496E-14
6598	3.1535E-14
6600	3.1603E-14
6602	3.1701E-14
6604	3.1828E-14
6606	3.1897E-14
6608	3.1995E-14
6610	3.2064E-14
6612	3.2104E-14
6614	3.2143E-14
6616	3.2213E-14
6618	3.2193E-14
6620	3.2233E-14
6622	3.2214E-14
6624	3.2194E-14
6626	3.2175E-14
6628	3.2155E-14
6630	3.2077E-14
6632	3.2058E-14
6634	3.2038E-14
6636	3.2019E-14
6638	3.1911E-14
6640	3.1892E-14
6642	3.1873E-14
6644	3.1854E-14
6646	3.1835E-14
6648	3.1816E-14
6650	3.1796E-14
6652	3.1777E-14
6654	3.1846E-14
6656	3.1827E-14
6658	3.1808E-14
6660	3.1789E-14
6662	3.177E-14
6664	3.175E-14
6666	3.1731E-14
6668	3.1712E-14
6670	3.1693E-14
6672	3.1587E-14
6674	3.1568E-14
6676	3.1549E-14
6678	3.1472E-14
6680	3.1395E-14
6682	3.1377E-14
6684	3.1271E-14
6686	3.1195E-14
6688	3.1176E-14
6690	3.1101E-14
6692	3.1053E-14
6694	3.1035E-14
6696	3.1016E-14
6698	3.0998E-14
6700	3.0979E-14
6702	3.0961E-14
6704	3.0971E-14
6706	3.0952E-14
6708	3.0934E-14
6710	3.0887E-14
6712	3.0869E-14
6714	3.0879E-14
6716	3.086E-14
6718	3.0842E-14
6720	3.0824E-14
6722	3.0805E-14
6724	3.0758E-14
6726	3.074E-14
6728	3.0665E-14
6730	3.0647E-14
6732	3.0573E-14
6734	3.0498E-14
6736	3.048E-14
6738	3.0434E-14
6740	3.0416E-14
6742	3.0398E-14
6744	3.038E-14
6746	3.0362E-14
6748	3.0288E-14
6750	3.027E-14
6752	3.0252E-14
6754	3.0234E-14
6756	3.0161E-14
6758	3.0087E-14
6760	3.0042E-14
6762	3.0024E-14
6764	2.9951E-14
6766	2.9933E-14
6768	2.9916E-14
6770	2.9898E-14
6772	2.9825E-14
6774	2.9808E-14
6776	2.979E-14
6778	2.9773E-14
6780	2.9673E-14
6782	2.9655E-14
6784	2.9638E-14
6786	2.962E-14
6788	2.9603E-14
6790	2.9586E-14
6792	2.9568E-14
6794	2.9551E-14
6796	2.9533E-14
6798	2.9516E-14
6800	2.9499E-14
6802	2.9481E-14
6804	2.9464E-14
6806	2.9447E-14
6808	2.9429E-14
6810	2.9412E-14
6812	2.9395E-14
6814	2.9378E-14
6816	2.936E-14
6818	2.9289E-14
6820	2.9272E-14
6822	2.9255E-14
6824	2.9238E-14
6826	2.922E-14
6828	2.9203E-14
6830	2.9133E-14
6832	2.9115E-14
6834	2.9098E-14
6836	2.9081E-14
6838	2.9064E-14
6840	2.9047E-14
6842	2.903E-14
6844	2.9013E-14
6846	2.897E-14
6848	2.8953E-14
6850	2.8936E-14
6852	2.8893E-14
6854	2.8876E-14
6856	2.8832E-14
6858	2.8815E-14
6860	2.8799E-14
6862	2.8755E-14
6864	2.8739E-14
6866	2.8695E-14
6868	2.8679E-14
6870	2.8662E-14
6872	2.8619E-14
6874	2.8602E-14
6876	2.8559E-14
6878	2.8543E-14
6880	2.85E-14
6882	2.8483E-14
6884	2.8441E-14
6886	2.8424E-14
6888	2.8381E-14
6890	2.8365E-14
6892	2.8322E-14
6894	2.8306E-14
6896	2.8263E-14
6898	2.8221E-14
6900	2.8205E-14
6902	2.8162E-14
6904	2.8146E-14
6906	2.8104E-14
6908	2.8062E-14
6910	2.8046E-14
6912	2.8003E-14
6914	2.7962E-14
6916	2.7945E-14
6918	2.7904E-14
6920	2.7862E-14
6922	2.7846E-14
6924	2.7804E-14
6926	2.7762E-14
6928	2.7746E-14
6930	2.7705E-14
6932	2.7663E-14
6934	2.7647E-14
6936	2.7606E-14
6938	2.7565E-14
6940	2.7523E-14
6942	2.7482E-14
6944	2.7466E-14
6946	2.7425E-14
6948	2.7384E-14
6950	2.7343E-14
6952	2.7277E-14
6954	2.7262E-14
6956	2.7246E-14
6958	2.723E-14
6960	2.7215E-14
6962	2.7199E-14
6964	2.7183E-14
6966	2.7093E-14
6968	2.7077E-14
6970	2.7012E-14
6972	2.6947E-14
6974	2.6906E-14
6976	2.6842E-14
6978	2.6777E-14
6980	2.6688E-14
6982	2.6623E-14
6984	2.6559E-14
6986	2.6544E-14
6988	2.6529E-14
6990	2.644E-14
6992	2.6425E-14
6994	2.6483E-14
6996	2.6468E-14
6998	2.6453E-14
7000	2.6438E-14
7002	2.6423E-14
7004	2.6407E-14
7006	2.632E-14
7008	2.6305E-14
7010	2.6241E-14
7012	2.6178E-14
7014	2.6163E-14
7016	2.6076E-14
7018	2.6013E-14
7020	2.595E-14
7022	2.5936E-14
7024	2.5921E-14
7026	2.5906E-14
7028	2.5891E-14
7030	2.5877E-14
7032	2.5862E-14
7034	2.5776E-14
7036	2.5761E-14
7038	2.5747E-14
7040	2.5732E-14
7042	2.5717E-14
7044	2.5703E-14
7046	2.5688E-14
7048	2.5674E-14
7050	2.5659E-14
7052	2.5645E-14
7054	2.5583E-14
7056	2.5568E-14
7058	2.5554E-14
7060	2.5539E-14
7062	2.5478E-14
7064	2.5464E-14
7066	2.5426E-14
7068	2.5411E-14
7070	2.535E-14
7072	2.5336E-14
7074	2.5275E-14
7076	2.5261E-14
7078	2.52E-14
7080	2.5162E-14
7082	2.5148E-14
7084	2.5134E-14
7086	2.512E-14
7088	2.5106E-14
7090	2.5092E-14
7092	2.5077E-14
7094	2.5086E-14
7096	2.5119E-14
7098	2.5151E-14
7100	2.5136E-14
7102	2.5169E-14
7104	2.5154E-14
7106	2.514E-14
7108	2.5149E-14
7110	2.5135E-14
7112	2.5121E-14
7114	2.5107E-14
7116	2.507E-14
7118	2.5056E-14
7120	2.4995E-14
7122	2.4981E-14
7124	2.4921E-14
7126	2.4862E-14
7128	2.4825E-14
7130	2.4765E-14
7132	2.4751E-14
7134	2.4692E-14
7136	2.4678E-14
7138	2.4596E-14
7140	2.4582E-14
7142	2.4523E-14
7144	2.451E-14
7146	2.4496E-14
7148	2.4437E-14
7150	2.4424E-14
7152	2.441E-14
7154	2.4329E-14
7156	2.4271E-14
7158	2.419E-14
7160	2.4132E-14
7162	2.4074E-14
7164	2.3994E-14
7166	2.3937E-14
7168	2.3879E-14
7170	2.3866E-14
7172	2.3787E-14
7174	2.3774E-14
7176	2.376E-14
7178	2.3747E-14
7180	2.3756E-14
7182	2.3743E-14
7184	2.3773E-14
7186	2.376E-14
7188	2.3747E-14
7190	2.3734E-14
7192	2.3764E-14
7194	2.3751E-14
7196	2.3738E-14
7198	2.3724E-14
7200	2.3755E-14
7202	2.3807E-14
7204	2.3794E-14
7206	2.3825E-14
7208	2.3856E-14
7210	2.3842E-14
7212	2.3785E-14
7214	2.3772E-14
7216	2.3672E-14
7218	2.3593E-14
7220	2.3472E-14
7222	2.3372E-14
7224	2.3295E-14
7226	2.3239E-14
7228	2.3184E-14
7230	2.3171E-14
7232	2.3094E-14
7234	2.3081E-14
7236	2.3069E-14
7238	2.312E-14
7240	2.3107E-14
7242	2.3094E-14
7244	2.3081E-14
7246	2.3069E-14
7248	2.2992E-14
7250	2.298E-14
7252	2.2925E-14
7254	2.2912E-14
7256	2.2836E-14
7258	2.2824E-14
7260	2.2769E-14
7262	2.2715E-14
7264	2.266E-14
7266	2.2627E-14
7268	2.2615E-14
7270	2.2602E-14
7272	2.259E-14
7274	2.264E-14
7276	2.2627E-14
7278	2.2657E-14
7280	2.2686E-14
7282	2.2694E-14
7284	2.2682E-14
7286	2.267E-14
7288	2.2636E-14
7290	2.2624E-14
7292	2.257E-14
7294	2.2557E-14
7296	2.2504E-14
7298	2.2491E-14
7300	2.2437E-14
7302	2.2405E-14
7304	2.2392E-14
7306	2.2339E-14
7308	2.2327E-14
7310	2.2314E-14
7312	2.2343E-14
7314	2.2331E-14
7316	2.2339E-14
7318	2.2368E-14
7320	2.2356E-14
7322	2.2344E-14
7324	2.2332E-14
7326	2.232E-14
7328	2.2307E-14
7330	2.2254E-14
7332	2.2222E-14
7334	2.2209E-14
7336	2.2197E-14
7338	2.2185E-14
7340	2.2173E-14
7342	2.2161E-14
7344	2.2149E-14
7346	2.2137E-14
7348	2.2125E-14
7350	2.2113E-14
7352	2.206E-14
7354	2.2048E-14
7356	2.2036E-14
7358	2.1984E-14
7360	2.1972E-14
7362	2.196E-14
7364	2.1948E-14
7366	2.1936E-14
7368	2.1884E-14
7370	2.1872E-14
7372	2.184E-14
7374	2.1828E-14
7376	2.1816E-14
7378	2.1764E-14
7380	2.1752E-14
7382	2.1701E-14
7384	2.1689E-14
7386	2.1677E-14
7388	2.1665E-14
7390	2.1594E-14
7392	2.1642E-14
7394	2.163E-14
7396	2.1618E-14
7398	2.1647E-14
7400	2.1635E-14
7402	2.1623E-14
7404	2.1651E-14
7406	2.164E-14
7408	2.1628E-14
7410	2.1616E-14
7412	2.1605E-14
7414	2.1553E-14
7416	2.1542E-14
7418	2.153E-14
7420	2.1479E-14
7422	2.1467E-14
7424	2.1456E-14
7426	2.1385E-14
7428	2.1374E-14
7430	2.1362E-14
7432	2.1311E-14
7434	2.13E-14
7436	2.1288E-14
7438	2.1277E-14
7440	2.1226E-14
7442	2.1215E-14
7444	2.1204E-14
7446	2.1192E-14
7448	2.1122E-14
7450	2.1111E-14
7452	2.1061E-14
7454	2.105E-14
7456	2.1038E-14
7458	2.0988E-14
7460	2.0977E-14
7462	2.0966E-14
7464	2.0935E-14
7466	2.0924E-14
7468	2.0913E-14
7470	2.0902E-14
7472	2.089E-14
7474	2.0879E-14
7476	2.0868E-14
7478	2.0857E-14
7480	2.0846E-14
7482	2.0835E-14
7484	2.0823E-14
7486	2.0812E-14
7488	2.0801E-14
7490	2.079E-14
7492	2.0741E-14
7494	2.073E-14
7496	2.0681E-14
7498	2.0631E-14
7500	2.0601E-14
7502	2.0553E-14
7504	2.0542E-14
7506	2.0493E-14
7508	2.0482E-14
7510	2.0471E-14
7512	2.046E-14
7514	2.0393E-14
7516	2.0382E-14
7518	2.0371E-14
7520	2.0323E-14
7522	2.0312E-14
7524	2.0301E-14
7526	2.0253E-14
7528	2.0242E-14
7530	2.0232E-14
7532	2.0221E-14
7534	2.021E-14
7536	2.0199E-14
7538	2.0189E-14
7540	2.0178E-14
7542	2.0167E-14
7544	2.0101E-14
7546	2.009E-14
7548	2.0043E-14
7550	2.0032E-14
7552	2.0021E-14
7554	1.9992E-14
7556	1.9964E-14
7558	1.9953E-14
7560	1.9924E-14
7562	1.9913E-14
7564	1.9885E-14
7566	1.9856E-14
7568	1.9845E-14
7570	1.9817E-14
7572	1.9806E-14
7574	1.9777E-14
7576	1.9749E-14
7578	1.9738E-14
7580	1.971E-14
7582	1.9699E-14
7584	1.9671E-14
7586	1.9642E-14
7588	1.9632E-14
7590	1.9604E-14
7592	1.9593E-14
7594	1.9565E-14
7596	1.9537E-14
7598	1.9526E-14
7600	1.9498E-14
7602	1.9488E-14
7604	1.946E-14
7606	1.9449E-14
7608	1.9421E-14
7610	1.9393E-14
7612	1.9383E-14
7614	1.9355E-14
7616	1.9345E-14
7618	1.9317E-14
7620	1.9307E-14
7622	1.9279E-14
7624	1.9269E-14
7626	1.9241E-14
7628	1.9213E-14
7630	1.9203E-14
7632	1.9175E-14
7634	1.9165E-14
7636	1.9138E-14
7638	1.9128E-14
7640	1.91E-14
7642	1.909E-14
7644	1.9062E-14
7646	1.9053E-14
7648	1.9025E-14
7650	1.9015E-14
7652	1.8988E-14
7654	1.8978E-14
7656	1.895E-14
7658	1.8923E-14
7660	1.8913E-14
7662	1.8886E-14
7664	1.8876E-14
7666	1.8849E-14
7668	1.8839E-14
7670	1.8812E-14
7672	1.8802E-14
7674	1.8775E-14
7676	1.8765E-14
7678	1.8738E-14
7680	1.8728E-14
7682	1.8701E-14
7684	1.8692E-14
7686	1.8665E-14
7688	1.8655E-14
7690	1.8628E-14
7692	1.8601E-14
7694	1.8592E-14
7696	1.8582E-14
7698	1.8572E-14
7700	1.8528E-14
7702	1.8519E-14
7704	1.8492E-14
7706	1.8483E-14
7708	1.8473E-14
7710	1.8463E-14
7712	1.8454E-14
7714	1.8444E-14
7716	1.8435E-14
7718	1.8391E-14
7720	1.8382E-14
7722	1.8372E-14
7724	1.8329E-14
7726	1.8286E-14
7728	1.8276E-14
7730	1.825E-14
7732	1.8241E-14
7734	1.8231E-14
7736	1.8188E-14
7738	1.8179E-14
7740	1.8169E-14
7742	1.816E-14
7744	1.8151E-14
7746	1.8141E-14
7748	1.8132E-14
7750	1.8122E-14
7752	1.8113E-14
7754	1.8104E-14
7756	1.8061E-14
7758	1.8052E-14
7760	1.8042E-14
7762	1.8033E-14
7764	1.8024E-14
7766	1.8015E-14
7768	1.8005E-14
7770	1.7996E-14
7772	1.7937E-14
7774	1.7928E-14
7776	1.7919E-14
7778	1.791E-14
7780	1.7867E-14
7782	1.7858E-14
7784	1.7849E-14
7786	1.7807E-14
7788	1.7798E-14
7790	1.7789E-14
7792	1.778E-14
7794	1.7722E-14
7796	1.7712E-14
7798	1.7703E-14
7800	1.7694E-14
7802	1.7653E-14
7804	1.7644E-14
7806	1.7635E-14
7808	1.7625E-14
7810	1.7584E-14
7812	1.7559E-14
7814	1.755E-14
7816	1.7541E-14
7818	1.7532E-14
7820	1.7523E-14
7822	1.7482E-14
7824	1.7473E-14
7826	1.7464E-14
7828	1.7455E-14
7830	1.7446E-14
7832	1.7405E-14
7834	1.7396E-14
7836	1.7387E-14
7838	1.7378E-14
7840	1.7338E-14
7842	1.7329E-14
7844	1.7304E-14
7846	1.7295E-14
7848	1.7255E-14
7850	1.7246E-14
7852	1.7205E-14
7854	1.7196E-14
7856	1.7156E-14
7858	1.7132E-14
7860	1.7123E-14
7862	1.7083E-14
7864	1.7074E-14
7866	1.7034E-14
7868	1.7025E-14
7870	1.7017E-14
7872	1.6961E-14
7874	1.6952E-14
7876	1.6944E-14
7878	1.6935E-14
7880	1.6927E-14
7882	1.6887E-14
7884	1.6878E-14
7886	1.687E-14
7888	1.683E-14
7890	1.6822E-14
7892	1.6813E-14
7894	1.6805E-14
7896	1.6796E-14
7898	1.6788E-14
7900	1.6779E-14
7902	1.6771E-14
7904	1.6762E-14
7906	1.6754E-14
7908	1.6699E-14
7910	1.669E-14
7912	1.6682E-14
7914	1.6674E-14
7916	1.6665E-14
7918	1.6657E-14
7920	1.6648E-14
7922	1.664E-14
7924	1.6632E-14
7926	1.6623E-14
7928	1.6615E-14
7930	1.6606E-14
7932	1.6598E-14
7934	1.659E-14
7936	1.6581E-14
7938	1.6573E-14
7940	1.6534E-14
7942	1.6495E-14
7944	1.6472E-14
7946	1.6464E-14
7948	1.6425E-14
7950	1.6417E-14
7952	1.6378E-14
7954	1.637E-14
7956	1.6362E-14
7958	1.6354E-14
7960	1.6345E-14
7962	1.6337E-14
7964	1.6329E-14
7966	1.6321E-14
7968	1.6313E-14
7970	1.6274E-14
7972	1.6251E-14
7974	1.6243E-14
7976	1.6235E-14
7978	1.6197E-14
7980	1.6159E-14
7982	1.6151E-14
7984	1.6098E-14
7986	1.609E-14
7988	1.6053E-14
7990	1.6045E-14
7992	1.6037E-14
7994	1.5999E-14
7996	1.5991E-14
7998	1.5983E-14
8000	1.5975E-14
8002	1.5967E-14
8004	1.5959E-14
8006	1.5951E-14
8008	1.5943E-14
8010	1.5935E-14
8012	1.5927E-14
8014	1.5919E-14
8016	1.5911E-14
8018	1.5903E-14
8020	1.5895E-14
8022	1.5917E-14
8024	1.5909E-14
8026	1.5901E-14
8028	1.5893E-14
8030	1.5885E-14
8032	1.5877E-14
8034	1.5869E-14
8036	1.5861E-14
8038	1.5853E-14
8040	1.5846E-14
8042	1.5838E-14
8044	1.583E-14
8046	1.5822E-14
8048	1.5814E-14
8050	1.5777E-14
8052	1.5769E-14
8054	1.5762E-14
8056	1.571E-14
8058	1.5702E-14
8060	1.5666E-14
8062	1.5629E-14
8064	1.5621E-14
8066	1.5614E-14
8068	1.5563E-14
8070	1.5555E-14
8072	1.5519E-14
8074	1.5511E-14
8076	1.5503E-14
8078	1.5496E-14
8080	1.546E-14
8082	1.5438E-14
8084	1.543E-14
8086	1.5394E-14
8088	1.5386E-14
8090	1.5379E-14
8092	1.5343E-14
8094	1.5335E-14
8096	1.53E-14
8098	1.5278E-14
8100	1.527E-14
8102	1.5235E-14
8104	1.5227E-14
8106	1.522E-14
8108	1.5184E-14
8110	1.5177E-14
8112	1.5169E-14
8114	1.5162E-14
8116	1.5154E-14
8118	1.5147E-14
8120	1.5139E-14
8122	1.5132E-14
8124	1.5055E-14
8126	1.4978E-14
8128	1.4902E-14
8130	1.4868E-14
8132	1.4833E-14
8134	1.4785E-14
8136	1.4777E-14
8138	1.4743E-14
8140	1.4709E-14
8142	1.4701E-14
8144	1.4694E-14
8146	1.466E-14
8148	1.4653E-14
8150	1.4632E-14
8152	1.4625E-14
8154	1.4618E-14
8156	1.4611E-14
8158	1.4603E-14
8160	1.461E-14
8162	1.4629E-14
8164	1.4622E-14
8166	1.4669E-14
8168	1.4675E-14
8170	1.4695E-14
8172	1.4688E-14
8174	1.4708E-14
8176	1.4701E-14
8178	1.4694E-14
8180	1.4659E-14
8182	1.4652E-14
8184	1.4618E-14
8186	1.4597E-14
8188	1.459E-14
8190	1.4583E-14
8192	1.4576E-14
8194	1.4582E-14
8196	1.4575E-14
8198	1.4595E-14
8200	1.4588E-14
8202	1.4581E-14
8204	1.4574E-14
8206	1.4567E-14
8208	1.4519E-14
8210	1.4459E-14
8212	1.4412E-14
8214	1.4352E-14
8216	1.4279E-14
8218	1.4246E-14
8220	1.4173E-14
8222	1.4141E-14
8224	1.4121E-14
8226	1.4127E-14
8228	1.4172E-14
8230	1.4204E-14
8232	1.425E-14
8234	1.4309E-14
8236	1.4368E-14
8238	1.4387E-14
8240	1.4354E-14
8242	1.4347E-14
8244	1.43E-14
8246	1.4241E-14
8248	1.4195E-14
8250	1.4136E-14
8252	1.409E-14
8254	1.4057E-14
8256	1.4024E-14
8258	1.4017E-14
8260	1.3998E-14
8262	1.4004E-14
8264	1.3997E-14
8266	1.4016E-14
8268	1.4009E-14
8270	1.3977E-14
8272	1.3957E-14
8274	1.395E-14
8276	1.3944E-14
8278	1.395E-14
8280	1.3969E-14
8282	1.3962E-14
8284	1.3955E-14
8286	1.3974E-14
8288	1.3942E-14
8290	1.3935E-14
8292	1.3928E-14
8294	1.3922E-14
8296	1.3915E-14
8298	1.3908E-14
8300	1.3902E-14
8302	1.3895E-14
8304	1.3888E-14
8306	1.3856E-14
8308	1.3837E-14
8310	1.383E-14
8312	1.3823E-14
8314	1.3791E-14
8316	1.3785E-14
8318	1.3778E-14
8320	1.3797E-14
8322	1.379E-14
8324	1.3783E-14
8326	1.3789E-14
8328	1.3808E-14
8330	1.3776E-14
8332	1.377E-14
8334	1.3763E-14
8336	1.3744E-14
8338	1.3737E-14
8340	1.3731E-14
8342	1.3699E-14
8344	1.3692E-14
8346	1.3686E-14
8348	1.3654E-14
8350	1.3672E-14
8352	1.3666E-14
8354	1.3659E-14
8356	1.3653E-14
8358	1.3646E-14
8360	1.3665E-14
8362	1.3658E-14
8364	1.3664E-14
8366	1.3658E-14
8368	1.3639E-14
8370	1.3632E-14
8372	1.3626E-14
8374	1.3594E-14
8376	1.3588E-14
8378	1.3581E-14
8380	1.3575E-14
8382	1.3568E-14
8384	1.3562E-14
8386	1.3555E-14
8388	1.3549E-14
8390	1.3542E-14
8392	1.3536E-14
8394	1.353E-14
8396	1.3498E-14
8398	1.3492E-14
8400	1.3461E-14
8402	1.3442E-14
8404	1.3411E-14
8406	1.338E-14
8408	1.3349E-14
8410	1.333E-14
8412	1.3299E-14
8414	1.3293E-14
8416	1.3262E-14
8418	1.3256E-14
8420	1.3249E-14
8422	1.3243E-14
8424	1.3237E-14
8426	1.3231E-14
8428	1.3224E-14
8430	1.3242E-14
8432	1.3236E-14
8434	1.3254E-14
8436	1.3248E-14
8438	1.3242E-14
8440	1.3235E-14
8442	1.3229E-14
8444	1.3198E-14
8446	1.3192E-14
8448	1.3186E-14
8450	1.318E-14
8452	1.3149E-14
8454	1.3143E-14
8456	1.3137E-14
8458	1.3131E-14
8460	1.3124E-14
8462	1.3082E-14
8464	1.3076E-14
8466	1.307E-14
8468	1.3039E-14
8470	1.3033E-14
8472	1.3027E-14
8474	1.3021E-14
8476	1.3039E-14
8478	1.3033E-14
8480	1.3027E-14
8482	1.302E-14
8484	1.305E-14
8486	1.3044E-14
8488	1.3038E-14
8490	1.3032E-14
8492	1.3026E-14
8494	1.2984E-14
8496	1.2954E-14
8498	1.2924E-14
8500	1.2918E-14
8502	1.2876E-14
8504	1.2822E-14
8506	1.2805E-14
8508	1.2799E-14
8510	1.2793E-14
8512	1.2787E-14
8514	1.2781E-14
8516	1.2775E-14
8518	1.2804E-14
8520	1.2857E-14
8522	1.2851E-14
8524	1.2928E-14
8526	1.297E-14
8528	1.3023E-14
8530	1.3077E-14
8532	1.312E-14
8534	1.315E-14
8536	1.3168E-14
8538	1.3198E-14
8540	1.3192E-14
8542	1.3125E-14
8544	1.3059E-14
8546	1.2993E-14
8548	1.2903E-14
8550	1.2814E-14
8552	1.2726E-14
8554	1.2661E-14
8556	1.2574E-14
8558	1.2522E-14
8560	1.2459E-14
8562	1.243E-14
8564	1.239E-14
8566	1.2361E-14
8568	1.2333E-14
8570	1.2293E-14
8572	1.2265E-14
8574	1.2259E-14
8576	1.2219E-14
8578	1.2214E-14
8580	1.2186E-14
8582	1.218E-14
8584	1.2174E-14
8586	1.2169E-14
8588	1.2163E-14
8590	1.2157E-14
8592	1.2174E-14
8594	1.2168E-14
8596	1.2163E-14
8598	1.2157E-14
8600	1.2151E-14
8602	1.2123E-14
8604	1.2118E-14
8606	1.209E-14
8608	1.2062E-14
8610	1.2056E-14
8612	1.204E-14
8614	1.2034E-14
8616	1.2028E-14
8618	1.2023E-14
8620	1.2017E-14
8622	1.2012E-14
8624	1.2006E-14
8626	1.2001E-14
8628	1.2028E-14
8630	1.2045E-14
8632	1.2039E-14
8634	1.2056E-14
8636	1.2061E-14
8638	1.2078E-14
8640	1.2095E-14
8642	1.2089E-14
8644	1.2117E-14
8646	1.2134E-14
8648	1.2184E-14
8650	1.2201E-14
8652	1.2218E-14
8654	1.2246E-14
8656	1.2263E-14
8658	1.2234E-14
8660	1.2229E-14
8662	1.2223E-14
8664	1.2161E-14
8666	1.2133E-14
8668	1.2072E-14
8670	1.2011E-14
8672	1.195E-14
8674	1.1901E-14
8676	1.1841E-14
8678	1.1781E-14
8680	1.1732E-14
8682	1.1694E-14
8684	1.1635E-14
8686	1.1587E-14
8688	1.1529E-14
8690	1.147E-14
8692	1.1423E-14
8694	1.1386E-14
8696	1.1339E-14
8698	1.1282E-14
8700	1.1256E-14
8702	1.124E-14
8704	1.1235E-14
8706	1.123E-14
8708	1.1256E-14
8710	1.1251E-14
8712	1.1266E-14
8714	1.1313E-14
8716	1.1329E-14
8718	1.1376E-14
8720	1.1402E-14
8722	1.146E-14
8724	1.1487E-14
8726	1.1502E-14
8728	1.1529E-14
8730	1.1545E-14
8732	1.1561E-14
8734	1.1556E-14
8736	1.155E-14
8738	1.1545E-14
8740	1.154E-14
8742	1.1513E-14
8744	1.1508E-14
8746	1.1471E-14
8748	1.1466E-14
8750	1.1439E-14
8752	1.1413E-14
8754	1.1387E-14
8756	1.1371E-14
8758	1.1366E-14
8760	1.134E-14
8762	1.1314E-14
8764	1.1288E-14
8766	1.1272E-14
8768	1.1226E-14
8770	1.119E-14
8772	1.1164E-14
8774	1.1138E-14
8776	1.1103E-14
8778	1.1077E-14
8780	1.1052E-14
8782	1.1037E-14
8784	1.1032E-14
8786	1.1026E-14
8788	1.1032E-14
8790	1.1047E-14
8792	1.1093E-14
8794	1.1108E-14
8796	1.1124E-14
8798	1.1149E-14
8800	1.1186E-14
8802	1.1211E-14
8804	1.1206E-14
8806	1.1222E-14
8808	1.1217E-14
8810	1.1212E-14
8812	1.1186E-14
8814	1.1181E-14
8816	1.1176E-14
8818	1.114E-14
8820	1.1135E-14
8822	1.1109E-14
8824	1.1084E-14
8826	1.1048E-14
8828	1.1023E-14
8830	1.0998E-14
8832	1.0962E-14
8834	1.0957E-14
8836	1.0952E-14
8838	1.0927E-14
8840	1.0943E-14
8842	1.0968E-14
8844	1.0963E-14
8846	1.0998E-14
8848	1.1024E-14
8850	1.1039E-14
8852	1.1034E-14
8854	1.1029E-14
8856	1.1024E-14
8858	1.0999E-14
8860	1.0943E-14
8862	1.0918E-14
8864	1.0863E-14
8866	1.0809E-14
8868	1.0754E-14
8870	1.071E-14
8872	1.0675E-14
8874	1.0631E-14
8876	1.0597E-14
8878	1.0592E-14
8880	1.0588E-14
8882	1.0612E-14
8884	1.0627E-14
8886	1.0642E-14
8888	1.0666E-14
8890	1.0681E-14
8892	1.0696E-14
8894	1.0701E-14
8896	1.0716E-14
8898	1.0711E-14
8900	1.0726E-14
8902	1.0721E-14
8904	1.0736E-14
8906	1.0731E-14
8908	1.0727E-14
8910	1.0722E-14
8912	1.0697E-14
8914	1.0673E-14
8916	1.0638E-14
8918	1.0614E-14
8920	1.057E-14
8922	1.0537E-14
8924	1.0512E-14
8926	1.0479E-14
8928	1.0436E-14
8930	1.0402E-14
8932	1.0359E-14
8934	1.0345E-14
8936	1.0302E-14
8938	1.0269E-14
8940	1.0227E-14
8942	1.0175E-14
8944	1.0124E-14
8946	1.0082E-14
8948	1.0032E-14
8950	9.981E-15
8952	9.9399E-15
8954	9.908E-15
8956	9.8854E-15
8958	9.8809E-15
8960	9.8765E-15
8962	9.8449E-15
8964	9.8405E-15
8966	9.8361E-15
8968	9.8317E-15
8970	9.8273E-15
8972	9.8229E-15
8974	9.8457E-15
8976	9.8413E-15
8978	9.837E-15
8980	9.8507E-15
8982	9.8645E-15
8984	9.8692E-15
8986	9.883E-15
8988	9.8968E-15
8990	9.9198E-15
8992	9.9519E-15
8994	9.9751E-15
8996	1.0007E-14
8998	1.0003E-14
9000	9.9985E-15
9002	1.0022E-14
9004	1.0017E-14
9006	1.0013E-14
9008	1.0008E-14
9010	1.0004E-14
9012	9.9995E-15
9014	9.9951E-15
9016	9.963E-15
9018	9.9403E-15
9020	9.9176E-15
9022	9.8859E-15
9024	9.8633E-15
9026	9.8408E-15
9028	9.8093E-15
9030	9.7689E-15
9032	9.7376E-15
9034	9.6886E-15
9036	9.622E-15
9038	9.556E-15
9040	9.5167E-15
9042	9.4861E-15
9044	9.4645E-15
9046	9.4342E-15
9048	9.4301E-15
9050	9.4259E-15
9052	9.4044E-15
9054	9.3829E-15
9056	9.3788E-15
9058	9.3488E-15
9060	9.3446E-15
9062	9.3405E-15
9064	9.3364E-15
9066	9.3323E-15
9068	9.3282E-15
9070	9.3499E-15
9072	9.3457E-15
9074	9.3589E-15
9076	9.3547E-15
9078	9.3678E-15
9080	9.3637E-15
9082	9.3596E-15
9084	9.3641E-15
9086	9.3772E-15
9088	9.3904E-15
9090	9.4036E-15
9092	9.3994E-15
9094	9.4213E-15
9096	9.4345E-15
9098	9.4304E-15
9100	9.4436E-15
9102	9.4481E-15
9104	9.444E-15
9106	9.4572E-15
9108	9.4531E-15
9110	9.4663E-15
9112	9.4622E-15
9114	9.4406E-15
9116	9.4105E-15
9118	9.389E-15
9120	9.3849E-15
9122	9.3808E-15
9124	9.394E-15
9126	9.3899E-15
9128	9.3857E-15
9130	9.3903E-15
9132	9.4035E-15
9134	9.3993E-15
9136	9.4125E-15
9138	9.4345E-15
9140	9.4304E-15
9142	9.4436E-15
9144	9.4221E-15
9146	9.392E-15
9148	9.3706E-15
9150	9.3665E-15
9152	9.3452E-15
9154	9.3325E-15
9156	9.337E-15
9158	9.3501E-15
9160	9.3461E-15
9162	9.3162E-15
9164	9.295E-15
9166	9.2738E-15
9168	9.2528E-15
9170	9.2402E-15
9172	9.2191E-15
9174	9.2407E-15
9176	9.2707E-15
9178	9.2838E-15
9180	9.3054E-15
9182	9.3443E-15
9184	9.3574E-15
9186	9.3706E-15
9188	9.3665E-15
9190	9.3884E-15
9192	9.3843E-15
9194	9.3802E-15
9196	9.3761E-15
9198	9.372E-15
9200	9.3679E-15
