3200	1.5043E-15
3201	1.4978E-15
3202	1.4831E-15
3203	1.4822E-15
3204	1.5088E-15
3205	1.5232E-15
3206	1.5014E-15
3207	1.4826E-15
3208	1.5009E-15
3209	1.5194E-15
3210	1.5567E-15
3211	1.592E-15
3212	1.6371E-15
3213	1.685E-15
3214	1.6839E-15
3215	1.6552E-15
3216	1.6345E-15
3217	1.623E-15
3218	1.622E-15
3219	1.6451E-15
3220	1.6577E-15
3221	1.643E-15
3222	1.6284E-15
3223	1.6319E-15
3224	1.6369E-15
3225	1.6239E-15
3226	1.608E-15
3227	1.6115E-15
3228	1.6179E-15
3229	1.6214E-15
3230	1.6234E-15
3231	1.6119E-15
3232	1.5918E-15
3233	1.5762E-15
3234	1.5752E-15
3235	1.5786E-15
3236	1.5981E-15
3237	1.6119E-15
3238	1.6005E-15
3239	1.5907E-15
3240	1.5825E-15
3241	1.5728E-15
3242	1.5559E-15
3243	1.5351E-15
3244	1.5469E-15
3245	1.5834E-15
3246	1.5897E-15
3247	1.5756E-15
3248	1.5617E-15
3249	1.555E-15
3250	1.5483E-15
3251	1.5332E-15
3252	1.5224E-15
3253	1.5186E-15
3254	1.5163E-15
3255	1.5196E-15
3256	1.5242E-15
3257	1.5346E-15
3258	1.5464E-15
3259	1.5313E-15
3260	1.5024E-15
3261	1.4768E-15
3262	1.4556E-15
3263	1.4467E-15
3264	1.4633E-15
3265	1.4732E-15
3266	1.4534E-15
3267	1.4339E-15
3268	1.437E-15
3269	1.4374E-15
3270	1.4768E-15
3271	1.5201E-15
3272	1.5205E-15
3273	1.5126E-15
3274	1.5117E-15
3275	1.5149E-15
3276	1.5294E-15
3277	1.5584E-15
3278	1.5762E-15
3279	1.5665E-15
3280	1.5613E-15
3281	1.5893E-15
3282	1.6149E-15
3283	1.5845E-15
3284	1.556E-15
3285	1.5565E-15
3286	1.5613E-15
3287	1.5475E-15
3288	1.5267E-15
3289	1.516E-15
3290	1.5123E-15
3291	1.5114E-15
3292	1.5132E-15
3293	1.5081E-15
3294	1.4934E-15
3295	1.4788E-15
3296	1.4861E-15
3297	1.4907E-15
3298	1.4857E-15
3299	1.4807E-15
3300	1.4948E-15
3301	1.5147E-15
3302	1.5013E-15
3303	1.4771E-15
3304	1.4748E-15
3305	1.4876E-15
3306	1.4963E-15
3307	1.5009E-15
3308	1.5055E-15
3309	1.5046E-15
3310	1.4982E-15
3311	1.4686E-15
3312	1.4369E-15
3313	1.4763E-15
3314	1.5154E-15
3315	1.5214E-15
3316	1.5219E-15
3317	1.4974E-15
3318	1.4624E-15
3319	1.4521E-15
3320	1.4606E-15
3321	1.4692E-15
3322	1.4792E-15
3323	1.492E-15
3324	1.5007E-15
3325	1.5095E-15
3326	1.5086E-15
3327	1.5119E-15
3328	1.5013E-15
3329	1.4893E-15
3330	1.4939E-15
3331	1.4986E-15
3332	1.5018E-15
3333	1.5009E-15
3334	1.5195E-15
3335	1.5582E-15
3336	1.5819E-15
3337	1.5765E-15
3338	1.5655E-15
3339	1.5402E-15
3340	1.5196E-15
3341	1.5299E-15
3342	1.5417E-15
3343	1.5694E-15
3344	1.5962E-15
3345	1.5792E-15
3346	1.5494E-15
3347	1.5371E-15
3348	1.532E-15
3349	1.5296E-15
3350	1.5301E-15
3351	1.5236E-15
3352	1.5032E-15
3353	1.4899E-15
3354	1.5069E-15
3355	1.5242E-15
3356	1.5289E-15
3357	1.5336E-15
3358	1.5412E-15
3359	1.5503E-15
3360	1.5451E-15
3361	1.5342E-15
3362	1.5575E-15
3363	1.6017E-15
3364	1.629E-15
3365	1.637E-15
3366	1.6451E-15
3367	1.6456E-15
3368	1.6401E-15
3369	1.6182E-15
3370	1.5979E-15
3371	1.6073E-15
3372	1.6153E-15
3373	1.6039E-15
3374	1.5839E-15
3375	1.5801E-15
3376	1.5762E-15
3377	1.584E-15
3378	1.5992E-15
3379	1.5997E-15
3380	1.5812E-15
3381	1.5701E-15
3382	1.5706E-15
3383	1.5697E-15
3384	1.5573E-15
3385	1.5421E-15
3386	1.5369E-15
3387	1.5303E-15
3388	1.5294E-15
3389	1.5299E-15
3390	1.5375E-15
3391	1.5466E-15
3392	1.5471E-15
3393	1.5391E-15
3394	1.5339E-15
3395	1.5387E-15
3396	1.542E-15
3397	1.5525E-15
3398	1.5645E-15
3399	1.5737E-15
3400	1.5829E-15
3401	1.5776E-15
3402	1.568E-15
3403	1.557E-15
3404	1.5447E-15
3405	1.5481E-15
3406	1.5571E-15
3407	1.5634E-15
3408	1.5654E-15
3409	1.5616E-15
3410	1.5535E-15
3411	1.5483E-15
3412	1.5517E-15
3413	1.5565E-15
3414	1.5399E-15
3415	1.5249E-15
3416	1.5381E-15
3417	1.5572E-15
3418	1.5562E-15
3419	1.5468E-15
3420	1.5444E-15
3421	1.5407E-15
3422	1.5327E-15
3423	1.5178E-15
3424	1.5127E-15
3425	1.5258E-15
3426	1.539E-15
3427	1.5297E-15
3428	1.5231E-15
3429	1.5363E-15
3430	1.5511E-15
3431	1.536E-15
3432	1.5154E-15
3433	1.5089E-15
3434	1.5095E-15
3435	1.5155E-15
3436	1.5259E-15
3437	1.5292E-15
3438	1.5143E-15
3439	1.512E-15
3440	1.5336E-15
3441	1.5554E-15
3442	1.5488E-15
3443	1.5408E-15
3444	1.5685E-15
3445	1.5982E-15
3446	1.5973E-15
3447	1.5891E-15
3448	1.5779E-15
3449	1.564E-15
3450	1.5631E-15
3451	1.5723E-15
3452	1.5859E-15
3453	1.5952E-15
3454	1.6091E-15
3455	1.629E-15
3456	1.6447E-15
3457	1.6392E-15
3458	1.6352E-15
3459	1.6252E-15
3460	1.6139E-15
3461	1.5982E-15
3462	1.5782E-15
3463	1.5773E-15
3464	1.591E-15
3465	1.5959E-15
3466	1.5877E-15
3467	1.5824E-15
3468	1.5829E-15
3469	1.582E-15
3470	1.5608E-15
3471	1.5428E-15
3472	1.5533E-15
3473	1.5668E-15
3474	1.5601E-15
3475	1.5506E-15
3476	1.5555E-15
3477	1.5733E-15
3478	1.5782E-15
3479	1.5715E-15
3480	1.5706E-15
3481	1.5798E-15
3482	1.5848E-15
3483	1.5926E-15
3484	1.5961E-15
3485	1.5762E-15
3486	1.5566E-15
3487	1.5343E-15
3488	1.5124E-15
3489	1.5004E-15
3490	1.4968E-15
3491	1.521E-15
3492	1.5656E-15
3493	1.5835E-15
3494	1.558E-15
3495	1.5358E-15
3496	1.5124E-15
3497	1.4922E-15
3498	1.5038E-15
3499	1.514E-15
3500	1.5229E-15
3501	1.5333E-15
3502	1.5353E-15
3503	1.5316E-15
3504	1.5577E-15
3505	1.5975E-15
3506	1.5981E-15
3507	1.5666E-15
3508	1.5614E-15
3509	1.6042E-15
3510	1.6391E-15
3511	1.6503E-15
3512	1.66E-15
3513	1.6423E-15
3514	1.6249E-15
3515	1.6195E-15
3516	1.6156E-15
3517	1.6146E-15
3518	1.6122E-15
3519	1.6113E-15
3520	1.606E-15
3521	1.6051E-15
3522	1.6041E-15
3523	1.6018E-15
3524	1.595E-15
3525	1.5911E-15
3526	1.6049E-15
3527	1.6189E-15
3528	1.5913E-15
3529	1.5628E-15
3530	1.5663E-15
3531	1.5755E-15
3532	1.5775E-15
3533	1.5737E-15
3534	1.5729E-15
3535	1.572E-15
3536	1.5711E-15
3537	1.5702E-15
3538	1.5693E-15
3539	1.5612E-15
3540	1.5517E-15
3541	1.5494E-15
3542	1.5457E-15
3543	1.5434E-15
3544	1.5397E-15
3545	1.5275E-15
3546	1.5141E-15
3547	1.5104E-15
3548	1.511E-15
3549	1.5157E-15
3550	1.5274E-15
3551	1.5322E-15
3552	1.5271E-15
3553	1.5221E-15
3554	1.5296E-15
3555	1.5344E-15
3556	1.5392E-15
3557	1.5454E-15
3558	1.5517E-15
3559	1.5609E-15
3560	1.5657E-15
3561	1.5721E-15
3562	1.5669E-15
3563	1.5516E-15
3564	1.5465E-15
3565	1.5513E-15
3566	1.559E-15
3567	1.5582E-15
3568	1.5573E-15
3569	1.565E-15
3570	1.5699E-15
3571	1.5561E-15
3572	1.5424E-15
3573	1.5529E-15
3574	1.5679E-15
3575	1.5815E-15
3576	1.5864E-15
3577	1.5856E-15
3578	1.5745E-15
3579	1.5664E-15
3580	1.5554E-15
3581	1.5474E-15
3582	1.5695E-15
3583	1.5905E-15
3584	1.5823E-15
3585	1.5712E-15
3586	1.5776E-15
3587	1.5913E-15
3588	1.5948E-15
3589	1.594E-15
3590	1.5887E-15
3591	1.5732E-15
3592	1.5709E-15
3593	1.586E-15
3594	1.5954E-15
3595	1.5886E-15
3596	1.5834E-15
3597	1.5767E-15
3598	1.5714E-15
3599	1.5851E-15
3600	1.6003E-15
3601	1.6039E-15
3602	1.5986E-15
3603	1.5962E-15
3604	1.5924E-15
3605	1.59E-15
3606	1.5833E-15
3607	1.5824E-15
3608	1.5918E-15
3609	1.5983E-15
3610	1.5959E-15
3611	1.5906E-15
3612	1.5897E-15
3613	1.5845E-15
3614	1.5778E-15
3615	1.5668E-15
3616	1.5659E-15
3617	1.5737E-15
3618	1.5845E-15
3619	1.5997E-15
3620	1.6077E-15
3621	1.6009E-15
3622	1.5912E-15
3623	1.5845E-15
3624	1.5778E-15
3625	1.5783E-15
3626	1.5804E-15
3627	1.5708E-15
3628	1.5599E-15
3629	1.5604E-15
3630	1.5682E-15
3631	1.5775E-15
3632	1.5824E-15
3633	1.5947E-15
3634	1.6116E-15
3635	1.6151E-15
3636	1.579E-15
3637	1.5479E-15
3638	1.5527E-15
3639	1.559E-15
3640	1.5654E-15
3641	1.5746E-15
3642	1.5883E-15
3643	1.6021E-15
3644	1.6027E-15
3645	1.596E-15
3646	1.5907E-15
3647	1.5898E-15
3648	1.5817E-15
3649	1.5534E-15
3650	1.5369E-15
3651	1.5603E-15
3652	1.584E-15
3653	1.5934E-15
3654	1.6028E-15
3655	1.6064E-15
3656	1.607E-15
3657	1.5899E-15
3658	1.5701E-15
3659	1.5592E-15
3660	1.554E-15
3661	1.5517E-15
3662	1.5509E-15
3663	1.55E-15
3664	1.5492E-15
3665	1.5484E-15
3666	1.5432E-15
3667	1.541E-15
3668	1.5444E-15
3669	1.5464E-15
3670	1.5541E-15
3671	1.5633E-15
3672	1.5683E-15
3673	1.5717E-15
3674	1.5651E-15
3675	1.5485E-15
3676	1.5434E-15
3677	1.5698E-15
3678	1.5937E-15
3679	1.5869E-15
3680	1.5803E-15
3681	1.5707E-15
3682	1.5626E-15
3683	1.5575E-15
3684	1.5566E-15
3685	1.5601E-15
3686	1.565E-15
3687	1.5699E-15
3688	1.5734E-15
3689	1.5798E-15
3690	1.5921E-15
3691	1.6015E-15
3692	1.5948E-15
3693	1.5895E-15
3694	1.5828E-15
3695	1.5747E-15
3696	1.5782E-15
3697	1.5861E-15
3698	1.5794E-15
3699	1.5655E-15
3700	1.5632E-15
3701	1.5681E-15
3702	1.5716E-15
3703	1.5708E-15
3704	1.5699E-15
3705	1.5633E-15
3706	1.5582E-15
3707	1.5717E-15
3708	1.5854E-15
3709	1.5758E-15
3710	1.5663E-15
3711	1.5611E-15
3712	1.5589E-15
3713	1.5623E-15
3714	1.5716E-15
3715	1.5765E-15
3716	1.5786E-15
3717	1.5734E-15
3718	1.5553E-15
3719	1.543E-15
3720	1.5522E-15
3721	1.5657E-15
3722	1.5735E-15
3723	1.5799E-15
3724	1.5849E-15
3725	1.5884E-15
3726	1.5832E-15
3727	1.5707E-15
3728	1.5699E-15
3729	1.5792E-15
3730	1.59E-15
3731	1.6083E-15
3732	1.6223E-15
3733	1.6081E-15
3734	1.5954E-15
3735	1.5799E-15
3736	1.5689E-15
3737	1.5724E-15
3738	1.5803E-15
3739	1.5868E-15
3740	1.5962E-15
3741	1.6042E-15
3742	1.6151E-15
3743	1.6084E-15
3744	1.5767E-15
3745	1.5514E-15
3746	1.5649E-15
3747	1.58E-15
3748	1.5777E-15
3749	1.5739E-15
3750	1.5804E-15
3751	1.5868E-15
3752	1.5948E-15
3753	1.6042E-15
3754	1.6093E-15
3755	1.6099E-15
3756	1.612E-15
3757	1.6126E-15
3758	1.6162E-15
3759	1.6169E-15
3760	1.619E-15
3761	1.6137E-15
3762	1.6069E-15
3763	1.6016E-15
3764	1.5949E-15
3765	1.5896E-15
3766	1.58E-15
3767	1.5777E-15
3768	1.5754E-15
3769	1.5717E-15
3770	1.5694E-15
3771	1.57E-15
3772	1.5793E-15
3773	1.5887E-15
3774	1.5806E-15
3775	1.571E-15
3776	1.5804E-15
3777	1.5883E-15
3778	1.6007E-15
3779	1.6146E-15
3780	1.6167E-15
3781	1.607E-15
3782	1.6002E-15
3783	1.5964E-15
3784	1.5956E-15
3785	1.5991E-15
3786	1.6012E-15
3787	1.5828E-15
3788	1.5646E-15
3789	1.571E-15
3790	1.5789E-15
3791	1.5795E-15
3792	1.5816E-15
3793	1.5851E-15
3794	1.5872E-15
3795	1.5907E-15
3796	1.5943E-15
3797	1.5979E-15
3798	1.6029E-15
3799	1.6109E-15
3800	1.616E-15
3801	1.6048E-15
3802	1.6099E-15
3803	1.6135E-15
3804	1.6082E-15
3805	1.6014E-15
3806	1.6006E-15
3807	1.5998E-15
3808	1.6048E-15
3809	1.6144E-15
3810	1.6239E-15
3811	1.6291E-15
3812	1.6312E-15
3813	1.6259E-15
3814	1.6205E-15
3815	1.6197E-15
3816	1.6173E-15
3817	1.6225E-15
3818	1.6321E-15
3819	1.6358E-15
3820	1.6409E-15
3821	1.6386E-15
3822	1.6332E-15
3823	1.6278E-15
3824	1.6255E-15
3825	1.6172E-15
3826	1.6059E-15
3827	1.5992E-15
3828	1.6028E-15
3829	1.6108E-15
3830	1.6115E-15
3831	1.6106E-15
3832	1.6083E-15
3833	1.603E-15
3834	1.5963E-15
3835	1.5852E-15
3836	1.58E-15
3837	1.5792E-15
3838	1.5842E-15
3839	1.5995E-15
3840	1.6149E-15
3841	1.629E-15
3842	1.6433E-15
3843	1.6364E-15
3844	1.631E-15
3845	1.6301E-15
3846	1.6293E-15
3847	1.6375E-15
3848	1.6487E-15
3849	1.6585E-15
3850	1.6684E-15
3851	1.6737E-15
3852	1.6805E-15
3853	1.6828E-15
3854	1.6865E-15
3855	1.6888E-15
3856	1.6832E-15
3857	1.6762E-15
3858	1.6722E-15
3859	1.6714E-15
3860	1.6751E-15
3861	1.6851E-15
3862	1.6827E-15
3863	1.671E-15
3864	1.6594E-15
3865	1.6448E-15
3866	1.6334E-15
3867	1.6371E-15
3868	1.6423E-15
3869	1.652E-15
3870	1.6649E-15
3871	1.6702E-15
3872	1.674E-15
3873	1.67E-15
3874	1.6615E-15
3875	1.65E-15
3876	1.6355E-15
3877	1.6227E-15
3878	1.6114E-15
3879	1.6017E-15
3880	1.6023E-15
3881	1.6015E-15
3882	1.5933E-15
3883	1.5837E-15
3884	1.5713E-15
3885	1.5561E-15
3886	1.5567E-15
3887	1.5646E-15
3888	1.5753E-15
3889	1.592E-15
3890	1.6074E-15
3891	1.6214E-15
3892	1.6326E-15
3893	1.6348E-15
3894	1.6354E-15
3895	1.6436E-15
3896	1.6504E-15
3897	1.6526E-15
3898	1.6517E-15
3899	1.6478E-15
3900	1.6455E-15
3901	1.6446E-15
3902	1.6453E-15
3903	1.6445E-15
3904	1.6376E-15
3905	1.6352E-15
3906	1.6314E-15
3907	1.6306E-15
3908	1.6403E-15
3909	1.6485E-15
3910	1.6537E-15
3911	1.6575E-15
3912	1.6627E-15
3913	1.6665E-15
3914	1.6718E-15
3915	1.6802E-15
3916	1.6855E-15
3917	1.694E-15
3918	1.6963E-15
3919	1.6938E-15
3920	1.6914E-15
3921	1.6859E-15
3922	1.6804E-15
3923	1.6687E-15
3924	1.6587E-15
3925	1.6472E-15
3926	1.6358E-15
3927	1.6395E-15
3928	1.6507E-15
3929	1.6606E-15
3930	1.6735E-15
3931	1.6789E-15
3932	1.678E-15
3933	1.6772E-15
3934	1.6717E-15
3935	1.6693E-15
3936	1.6684E-15
3937	1.6676E-15
3938	1.6637E-15
3939	1.6628E-15
3940	1.6605E-15
3941	1.6535E-15
3942	1.6542E-15
3943	1.6579E-15
3944	1.6617E-15
3945	1.6624E-15
3946	1.6646E-15
3947	1.6683E-15
3948	1.6706E-15
3949	1.6774E-15
3950	1.6828E-15
3951	1.6835E-15
3952	1.6873E-15
3953	1.6771E-15
3954	1.664E-15
3955	1.6525E-15
3956	1.6425E-15
3957	1.6356E-15
3958	1.6243E-15
3959	1.6145E-15
3960	1.6063E-15
3961	1.5967E-15
3962	1.5914E-15
3963	1.5877E-15
3964	1.5782E-15
3965	1.5672E-15
3966	1.5607E-15
3967	1.5513E-15
3968	1.5448E-15
3969	1.5398E-15
3970	1.5348E-15
3971	1.5283E-15
3972	1.5178E-15
3973	1.5072E-15
3974	1.4982E-15
3975	1.5071E-15
3976	1.5189E-15
3977	1.5322E-15
3978	1.5456E-15
3979	1.5577E-15
3980	1.5713E-15
3981	1.5806E-15
3982	1.5886E-15
3983	1.5893E-15
3984	1.5841E-15
3985	1.5818E-15
3986	1.581E-15
3987	1.5803E-15
3988	1.5941E-15
3989	1.608E-15
3990	1.6132E-15
3991	1.6198E-15
3992	1.6325E-15
3993	1.6437E-15
3994	1.652E-15
3995	1.6572E-15
3996	1.6564E-15
3997	1.6495E-15
3998	1.6426E-15
3999	1.6267E-15
4000	1.6155E-15
4001	1.6311E-15
4002	1.6454E-15
4003	1.6491E-15
4004	1.6498E-15
4005	1.6536E-15
4006	1.6588E-15
4007	1.661E-15
4008	1.6602E-15
4009	1.6548E-15
4010	1.6403E-15
4011	1.6335E-15
4012	1.6387E-15
4013	1.647E-15
4014	1.6401E-15
4015	1.6347E-15
4016	1.6294E-15
4017	1.6241E-15
4018	1.6278E-15
4019	1.633E-15
4020	1.6367E-15
4021	1.6359E-15
4022	1.6351E-15
4023	1.6373E-15
4024	1.638E-15
4025	1.6477E-15
4026	1.6576E-15
4027	1.6583E-15
4028	1.6605E-15
4029	1.6551E-15
4030	1.6482E-15
4031	1.6413E-15
4032	1.633E-15
4033	1.6292E-15
4034	1.6254E-15
4035	1.6245E-15
4036	1.6297E-15
4037	1.6364E-15
4038	1.6311E-15
4039	1.6303E-15
4040	1.634E-15
4041	1.6347E-15
4042	1.6354E-15
4043	1.6376E-15
4044	1.6368E-15
4045	1.636E-15
4046	1.6458E-15
4047	1.6632E-15
4048	1.6763E-15
4049	1.6754E-15
4050	1.6746E-15
4051	1.6738E-15
4052	1.6729E-15
4053	1.6629E-15
4054	1.656E-15
4055	1.6552E-15
4056	1.6559E-15
4057	1.6535E-15
4058	1.6512E-15
4059	1.6519E-15
4060	1.6572E-15
4061	1.664E-15
4062	1.6693E-15
4063	1.6747E-15
4064	1.6785E-15
4065	1.6823E-15
4066	1.6846E-15
4067	1.6915E-15
4068	1.6876E-15
4069	1.6867E-15
4070	1.6906E-15
4071	1.696E-15
4072	1.7014E-15
4073	1.71E-15
4074	1.7091E-15
4075	1.702E-15
4076	1.6965E-15
4077	1.691E-15
4078	1.6839E-15
4079	1.6785E-15
4080	1.6715E-15
4081	1.6661E-15
4082	1.6591E-15
4083	1.6492E-15
4084	1.6408E-15
4085	1.6354E-15
4086	1.6316E-15
4087	1.6293E-15
4088	1.6226E-15
4089	1.6113E-15
4090	1.5973E-15
4091	1.5833E-15
4092	1.5724E-15
4093	1.5615E-15
4094	1.5521E-15
4095	1.5471E-15
4096	1.5307E-15
4097	1.5146E-15
4098	1.5055E-15
4099	1.5034E-15
4100	1.5082E-15
4101	1.5242E-15
4102	1.5319E-15
4103	1.5213E-15
4104	1.5108E-15
4105	1.4962E-15
4106	1.4859E-15
4107	1.503E-15
4108	1.526E-15
4109	1.5565E-15
4110	1.592E-15
4111	1.6193E-15
4112	1.6365E-15
4113	1.6448E-15
4114	1.6394E-15
4115	1.6326E-15
4116	1.6333E-15
4117	1.6325E-15
4118	1.6362E-15
4119	1.6415E-15
4120	1.6559E-15
4121	1.6704E-15
4122	1.6742E-15
4123	1.6734E-15
4124	1.6633E-15
4125	1.6519E-15
4126	1.6405E-15
4127	1.6321E-15
4128	1.6313E-15
4129	1.6487E-15
4130	1.6677E-15
4131	1.6731E-15
4132	1.6815E-15
4133	1.6776E-15
4134	1.6752E-15
4135	1.6683E-15
4136	1.6583E-15
4137	1.6483E-15
4138	1.6415E-15
4139	1.6362E-15
4140	1.6339E-15
4141	1.6331E-15
4142	1.6383E-15
4143	1.6421E-15
4144	1.6458E-15
4145	1.6511E-15
4146	1.6549E-15
4147	1.6602E-15
4148	1.6609E-15
4149	1.6631E-15
4150	1.6593E-15
4151	1.657E-15
4152	1.6562E-15
4153	1.6646E-15
4154	1.6714E-15
4155	1.6799E-15
4156	1.6899E-15
4157	1.6845E-15
4158	1.6836E-15
4159	1.6767E-15
4160	1.6712E-15
4161	1.6597E-15
4162	1.6437E-15
4163	1.6368E-15
4164	1.6361E-15
4165	1.6353E-15
4166	1.6285E-15
4167	1.6232E-15
4168	1.6165E-15
4169	1.6112E-15
4170	1.6164E-15
4171	1.6186E-15
4172	1.6313E-15
4173	1.6456E-15
4174	1.6539E-15
4175	1.6577E-15
4176	1.6539E-15
4177	1.6485E-15
4178	1.6462E-15
4179	1.65E-15
4180	1.6537E-15
4181	1.6591E-15
4182	1.6644E-15
4183	1.6728E-15
4184	1.6782E-15
4185	1.6774E-15
4186	1.675E-15
4187	1.665E-15
4188	1.6505E-15
4189	1.6436E-15
4190	1.6413E-15
4191	1.6405E-15
4192	1.6443E-15
4193	1.6465E-15
4194	1.6549E-15
4195	1.6587E-15
4196	1.6594E-15
4197	1.6617E-15
4198	1.6517E-15
4199	1.6403E-15
4200	1.6335E-15
4201	1.6282E-15
4202	1.6275E-15
4203	1.6267E-15
4204	1.6259E-15
4205	1.6266E-15
4206	1.6289E-15
4207	1.6386E-15
4208	1.6439E-15
4209	1.6431E-15
4210	1.6423E-15
4211	1.6461E-15
4212	1.6514E-15
4213	1.6551E-15
4214	1.6605E-15
4215	1.6597E-15
4216	1.6543E-15
4217	1.6505E-15
4218	1.6467E-15
4219	1.6444E-15
4220	1.6451E-15
4221	1.6489E-15
4222	1.6527E-15
4223	1.6534E-15
4224	1.6557E-15
4225	1.6564E-15
4226	1.6556E-15
4227	1.6548E-15
4228	1.6541E-15
4229	1.6533E-15
4230	1.6525E-15
4231	1.6517E-15
4232	1.6509E-15
4233	1.6456E-15
4234	1.6388E-15
4235	1.6395E-15
4236	1.6418E-15
4237	1.638E-15
4238	1.6357E-15
4239	1.6349E-15
4240	1.6296E-15
4241	1.6274E-15
4242	1.6221E-15
4243	1.6213E-15
4244	1.6296E-15
4245	1.6348E-15
4246	1.6386E-15
4247	1.6408E-15
4248	1.6385E-15
4249	1.6362E-15
4250	1.6325E-15
4251	1.6272E-15
4252	1.6249E-15
4253	1.6242E-15
4254	1.6279E-15
4255	1.6331E-15
4256	1.6339E-15
4257	1.6361E-15
4258	1.6323E-15
4259	1.6256E-15
4260	1.6188E-15
4261	1.6181E-15
4262	1.6188E-15
4263	1.627E-15
4264	1.6323E-15
4265	1.6315E-15
4266	1.6292E-15
4267	1.624E-15
4268	1.6187E-15
4269	1.6135E-15
4270	1.6128E-15
4271	1.615E-15
4272	1.6202E-15
4273	1.6284E-15
4274	1.6291E-15
4275	1.6328E-15
4276	1.6291E-15
4277	1.6253E-15
4278	1.6246E-15
4279	1.6253E-15
4280	1.626E-15
4281	1.6283E-15
4282	1.6275E-15
4283	1.6223E-15
4284	1.62E-15
4285	1.6267E-15
4286	1.635E-15
4287	1.6357E-15
4288	1.638E-15
4289	1.6387E-15
4290	1.6395E-15
4291	1.6372E-15
4292	1.6319E-15
4293	1.6297E-15
4294	1.6229E-15
4295	1.6177E-15
4296	1.611E-15
4297	1.6058E-15
4298	1.6021E-15
4299	1.5999E-15
4300	1.6036E-15
4301	1.6043E-15
4302	1.608E-15
4303	1.6117E-15
4304	1.608E-15
4305	1.6057E-15
4306	1.6006E-15
4307	1.5998E-15
4308	1.5991E-15
4309	1.5983E-15
4310	1.602E-15
4311	1.5998E-15
4312	1.5961E-15
4313	1.5954E-15
4314	1.5946E-15
4315	1.5968E-15
4316	1.5976E-15
4317	1.5968E-15
4318	1.5975E-15
4319	1.5997E-15
4320	1.599E-15
4321	1.5983E-15
4322	1.5931E-15
4323	1.5865E-15
4324	1.5713E-15
4325	1.5561E-15
4326	1.5454E-15
4327	1.5306E-15
4328	1.52E-15
4329	1.5081E-15
4330	1.4978E-15
4331	1.4834E-15
4332	1.4691E-15
4333	1.4536E-15
4334	1.4356E-15
4335	1.4244E-15
4336	1.412E-15
4337	1.4114E-15
4338	1.4107E-15
4339	1.4101E-15
4340	1.4094E-15
4341	1.4036E-15
4342	1.3978E-15
4343	1.3933E-15
4344	1.3914E-15
4345	1.3946E-15
4346	1.4081E-15
4347	1.4205E-15
4348	1.4303E-15
4349	1.4403E-15
4350	1.4502E-15
4351	1.4563E-15
4352	1.4704E-15
4353	1.4875E-15
4354	1.5005E-15
4355	1.5165E-15
4356	1.5298E-15
4357	1.5376E-15
4358	1.5454E-15
4359	1.5447E-15
4360	1.5454E-15
4361	1.5447E-15
4362	1.5483E-15
4363	1.559E-15
4364	1.5713E-15
4365	1.5706E-15
4366	1.5669E-15
4367	1.5691E-15
4368	1.5713E-15
4369	1.5807E-15
4370	1.599E-15
4371	1.6086E-15
4372	1.6124E-15
4373	1.6131E-15
4374	1.6094E-15
4375	1.6057E-15
4376	1.5932E-15
4377	1.5793E-15
4378	1.5771E-15
4379	1.5808E-15
4380	1.5801E-15
4381	1.575E-15
4382	1.5743E-15
4383	1.575E-15
4384	1.5786E-15
4385	1.5881E-15
4386	1.5977E-15
4387	1.6072E-15
4388	1.6154E-15
4389	1.6162E-15
4390	1.6154E-15
4391	1.6088E-15
4392	1.5977E-15
4393	1.5955E-15
4394	1.5977E-15
4395	1.6014E-15
4396	1.6096E-15
4397	1.6103E-15
4398	1.6037E-15
4399	1.597E-15
4400	1.5963E-15
4401	1.5956E-15
4402	1.5963E-15
4403	1.5956E-15
4404	1.5993E-15
4405	1.6E-15
4406	1.6023E-15
4407	1.5986E-15
4408	1.5979E-15
4409	1.6001E-15
4410	1.6008E-15
4411	1.5986E-15
4412	1.595E-15
4413	1.5942E-15
4414	1.5921E-15
4415	1.5928E-15
4416	1.5921E-15
4417	1.5958E-15
4418	1.5994E-15
4419	1.5987E-15
4420	1.5965E-15
4421	1.5929E-15
4422	1.5878E-15
4423	1.5856E-15
4424	1.5907E-15
4425	1.5959E-15
4426	1.5996E-15
4427	1.6033E-15
4428	1.6025E-15
4429	1.6003E-15
4430	1.5996E-15
4431	1.5989E-15
4432	1.5982E-15
4433	1.5974E-15
4434	1.5938E-15
4435	1.5872E-15
4436	1.5821E-15
4437	1.577E-15
4438	1.5734E-15
4439	1.5742E-15
4440	1.5778E-15
4441	1.5786E-15
4442	1.5822E-15
4443	1.583E-15
4444	1.5852E-15
4445	1.5859E-15
4446	1.5881E-15
4447	1.5889E-15
4448	1.5882E-15
4449	1.586E-15
4450	1.5809E-15
4451	1.5744E-15
4452	1.5751E-15
4453	1.5758E-15
4454	1.5737E-15
4455	1.5715E-15
4456	1.5636E-15
4457	1.5572E-15
4458	1.5493E-15
4459	1.5444E-15
4460	1.5408E-15
4461	1.5444E-15
4462	1.548E-15
4463	1.5659E-15
4464	1.5812E-15
4465	1.5819E-15
4466	1.5812E-15
4467	1.5761E-15
4468	1.5725E-15
4469	1.5631E-15
4470	1.5538E-15
4471	1.5503E-15
4472	1.5524E-15
4473	1.556E-15
4474	1.564E-15
4475	1.569E-15
4476	1.5597E-15
4477	1.5533E-15
4478	1.5426E-15
4479	1.5348E-15
4480	1.5313E-15
4481	1.5306E-15
4482	1.5328E-15
4483	1.5377E-15
4484	1.5427E-15
4485	1.5463E-15
4486	1.547E-15
4487	1.5492E-15
4488	1.5485E-15
4489	1.5492E-15
4490	1.5486E-15
4491	1.5464E-15
4492	1.5429E-15
4493	1.538E-15
4494	1.5345E-15
4495	1.5352E-15
4496	1.5388E-15
4497	1.5437E-15
4498	1.5488E-15
4499	1.5566E-15
4500	1.5574E-15
4501	1.5596E-15
4502	1.5503E-15
4503	1.5453E-15
4504	1.5446E-15
4505	1.5439E-15
4506	1.5433E-15
4507	1.5426E-15
4508	1.5447E-15
4509	1.544E-15
4510	1.5448E-15
4511	1.5541E-15
4512	1.562E-15
4513	1.5541E-15
4514	1.5506E-15
4515	1.5499E-15
4516	1.5464E-15
4517	1.5514E-15
4518	1.5579E-15
4519	1.5586E-15
4520	1.5579E-15
4521	1.5572E-15
4522	1.5551E-15
4523	1.5501E-15
4524	1.5466E-15
4525	1.5431E-15
4526	1.5353E-15
4527	1.5318E-15
4528	1.5311E-15
4529	1.5319E-15
4530	1.5368E-15
4531	1.5447E-15
4532	1.5497E-15
4533	1.5533E-15
4534	1.5526E-15
4535	1.5519E-15
4536	1.5484E-15
4537	1.5463E-15
4538	1.5456E-15
4539	1.5506E-15
4540	1.5556E-15
4541	1.555E-15
4542	1.5543E-15
4543	1.5579E-15
4544	1.5629E-15
4545	1.5623E-15
4546	1.5601E-15
4547	1.5552E-15
4548	1.5473E-15
4549	1.5395E-15
4550	1.5417E-15
4551	1.5453E-15
4552	1.546E-15
4553	1.5496E-15
4554	1.5547E-15
4555	1.5554E-15
4556	1.5519E-15
4557	1.5441E-15
4558	1.5377E-15
4559	1.5356E-15
4560	1.5321E-15
4561	1.5357E-15
4562	1.5393E-15
4563	1.5343E-15
4564	1.5323E-15
4565	1.5316E-15
4566	1.5309E-15
4567	1.5316E-15
4568	1.5338E-15
4569	1.536E-15
4570	1.5395E-15
4571	1.5417E-15
4572	1.541E-15
4573	1.5375E-15
4574	1.5326E-15
4575	1.5305E-15
4576	1.5313E-15
4577	1.5334E-15
4578	1.5327E-15
4579	1.5321E-15
4580	1.5314E-15
4581	1.5322E-15
4582	1.5301E-15
4583	1.5238E-15
4584	1.5161E-15
4585	1.5099E-15
4586	1.5078E-15
4587	1.5072E-15
4588	1.5079E-15
4589	1.5156E-15
4590	1.5205E-15
4591	1.5255E-15
4592	1.5304E-15
4593	1.5298E-15
4594	1.5291E-15
4595	1.5284E-15
4596	1.5278E-15
4597	1.5271E-15
4598	1.5264E-15
4599	1.5286E-15
4600	1.5293E-15
4601	1.5329E-15
4602	1.5337E-15
4603	1.5358E-15
4604	1.5323E-15
4605	1.5302E-15
4606	1.5282E-15
4607	1.5247E-15
4608	1.5198E-15
4609	1.5136E-15
4610	1.5115E-15
4611	1.5165E-15
4612	1.52E-15
4613	1.5193E-15
4614	1.5187E-15
4615	1.518E-15
4616	1.5146E-15
4617	1.5125E-15
4618	1.5077E-15
4619	1.5056E-15
4620	1.505E-15
4621	1.5043E-15
4622	1.5093E-15
4623	1.5128E-15
4624	1.5177E-15
4625	1.5212E-15
4626	1.522E-15
4627	1.5255E-15
4628	1.5193E-15
4629	1.5144E-15
4630	1.5082E-15
4631	1.5034E-15
4632	1.5027E-15
4633	1.5021E-15
4634	1.5056E-15
4635	1.5105E-15
4636	1.5182E-15
4637	1.5218E-15
4638	1.5239E-15
4639	1.5219E-15
4640	1.5212E-15
4641	1.5163E-15
4642	1.5115E-15
4643	1.5108E-15
4644	1.5144E-15
4645	1.5095E-15
4646	1.5034E-15
4647	1.4972E-15
4648	1.4869E-15
4649	1.4781E-15
4650	1.4761E-15
4651	1.4714E-15
4652	1.4762E-15
4653	1.481E-15
4654	1.479E-15
4655	1.4743E-15
4656	1.4777E-15
4657	1.4853E-15
4658	1.4901E-15
4659	1.4909E-15
4660	1.4943E-15
4661	1.4937E-15
4662	1.4931E-15
4663	1.4883E-15
4664	1.4863E-15
4665	1.4802E-15
4666	1.4728E-15
4667	1.4708E-15
4668	1.4701E-15
4669	1.4655E-15
4670	1.4594E-15
4671	1.4535E-15
4672	1.4488E-15
4673	1.4469E-15
4674	1.4462E-15
4675	1.4456E-15
4676	1.441E-15
4677	1.4364E-15
4678	1.4266E-15
4679	1.4445E-15
4680	1.4399E-15
4681	1.434E-15
4682	1.4294E-15
4683	1.4314E-15
4684	1.4321E-15
4685	1.4315E-15
4686	1.4322E-15
4687	1.4343E-15
4688	1.435E-15
4689	1.4383E-15
4690	1.4417E-15
4691	1.4464E-15
4692	1.4498E-15
4693	1.4545E-15
4694	1.4552E-15
4695	1.4573E-15
4696	1.4567E-15
4697	1.4561E-15
4698	1.4568E-15
4699	1.4588E-15
4700	1.4582E-15
4702	1.4583E-15
4704	1.4611E-15
4706	1.4612E-15
4708	1.464E-15
4710	1.4668E-15
4712	1.4696E-15
4714	1.4697E-15
4716	1.4726E-15
4718	1.4713E-15
4720	1.466E-15
4722	1.4607E-15
4724	1.4555E-15
4726	1.4529E-15
4728	1.4463E-15
4730	1.4451E-15
4732	1.4492E-15
4734	1.452E-15
4736	1.4561E-15
4738	1.4643E-15
4740	1.4725E-15
4742	1.4767E-15
4744	1.4782E-15
4746	1.4769E-15
4748	1.473E-15
4750	1.4704E-15
4752	1.4651E-15
4754	1.4625E-15
4756	1.4613E-15
4758	1.4574E-15
4760	1.4562E-15
4762	1.459E-15
4764	1.4618E-15
4766	1.4659E-15
4768	1.4674E-15
4770	1.4675E-15
4772	1.4676E-15
4774	1.4664E-15
4776	1.4652E-15
4778	1.4667E-15
4780	1.4654E-15
4782	1.4656E-15
4784	1.467E-15
4786	1.4658E-15
4788	1.4646E-15
4790	1.4634E-15
4792	1.4621E-15
4794	1.4582E-15
4796	1.4597E-15
4798	1.4598E-15
4800	1.4626E-15
4802	1.4628E-15
4804	1.4656E-15
4806	1.4684E-15
4808	1.4686E-15
4810	1.4673E-15
4812	1.4648E-15
4814	1.4636E-15
4816	1.4623E-15
4818	1.4584E-15
4820	1.4559E-15
4822	1.4547E-15
4824	1.4535E-15
4826	1.4523E-15
4828	1.4524E-15
4830	1.4539E-15
4832	1.4527E-15
4834	1.4475E-15
4836	1.4409E-15
4838	1.4358E-15
4840	1.4254E-15
4842	1.4151E-15
4844	1.4035E-15
4846	1.3895E-15
4848	1.3756E-15
4850	1.3619E-15
4852	1.3508E-15
4854	1.3385E-15
4856	1.3288E-15
4858	1.3265E-15
4860	1.3217E-15
4862	1.317E-15
4864	1.3184E-15
4866	1.3173E-15
4868	1.3186E-15
4870	1.3248E-15
4872	1.3323E-15
4874	1.3411E-15
4876	1.3574E-15
4878	1.3726E-15
4880	1.388E-15
4882	1.401E-15
4884	1.4167E-15
4886	1.4273E-15
4888	1.4353E-15
4890	1.4448E-15
4892	1.4503E-15
4894	1.4544E-15
4896	1.4613E-15
4898	1.4641E-15
4900	1.4643E-15
4902	1.4658E-15
4904	1.466E-15
4906	1.4648E-15
4908	1.4649E-15
4910	1.4664E-15
4912	1.4666E-15
4914	1.4694E-15
4916	1.4696E-15
4918	1.4684E-15
4920	1.4672E-15
4922	1.466E-15
4924	1.4635E-15
4926	1.4623E-15
4928	1.4611E-15
4930	1.4599E-15
4932	1.4587E-15
4934	1.4575E-15
4936	1.455E-15
4938	1.4538E-15
4940	1.454E-15
4942	1.4568E-15
4944	1.4597E-15
4946	1.4612E-15
4948	1.4668E-15
4950	1.471E-15
4952	1.4739E-15
4954	1.474E-15
4956	1.4729E-15
4958	1.4717E-15
4960	1.4705E-15
4962	1.4679E-15
4964	1.4641E-15
4966	1.4629E-15
4968	1.4603E-15
4970	1.4592E-15
4972	1.458E-15
4974	1.4568E-15
4976	1.4557E-15
4978	1.4558E-15
4980	1.4573E-15
4982	1.4575E-15
4984	1.4563E-15
4986	1.4565E-15
4988	1.458E-15
4990	1.4582E-15
4992	1.4597E-15
4994	1.4599E-15
4996	1.4628E-15
4998	1.467E-15
5000	1.4685E-15
5002	1.4687E-15
5004	1.4716E-15
5006	1.4718E-15
5008	1.4706E-15
5010	1.4694E-15
5012	1.4682E-15
5014	1.4671E-15
5016	1.4659E-15
5018	1.4634E-15
5020	1.4595E-15
5022	1.457E-15
5024	1.4559E-15
5026	1.4547E-15
5028	1.4536E-15
5030	1.4524E-15
5032	1.4553E-15
5034	1.4554E-15
5036	1.457E-15
5038	1.4571E-15
5040	1.4573E-15
5042	1.4562E-15
5044	1.4537E-15
5046	1.4525E-15
5048	1.4514E-15
5050	1.4489E-15
5052	1.4451E-15
5054	1.4439E-15
5056	1.4468E-15
5058	1.4456E-15
5060	1.4485E-15
5062	1.4487E-15
5064	1.4476E-15
5066	1.4491E-15
5068	1.4453E-15
5070	1.4441E-15
5072	1.439E-15
5074	1.4365E-15
5076	1.4314E-15
5078	1.429E-15
5080	1.4279E-15
5082	1.4241E-15
5084	1.4256E-15
5086	1.4258E-15
5088	1.4273E-15
5090	1.4275E-15
5092	1.4304E-15
5094	1.4306E-15
5096	1.4334E-15
5098	1.4336E-15
5100	1.4351E-15
5102	1.4353E-15
5104	1.4342E-15
5106	1.433E-15
5108	1.4319E-15
5110	1.4308E-15
5112	1.4297E-15
5114	1.4272E-15
5116	1.4261E-15
5118	1.4224E-15
5120	1.4213E-15
5122	1.4228E-15
5124	1.423E-15
5126	1.4219E-15
5128	1.4247E-15
5130	1.4249E-15
5132	1.4264E-15
5134	1.4266E-15
5136	1.4295E-15
5138	1.4283E-15
5140	1.4285E-15
5142	1.4301E-15
5144	1.429E-15
5146	1.4318E-15
5148	1.432E-15
5150	1.4296E-15
5152	1.4298E-15
5154	1.43E-15
5156	1.4302E-15
5158	1.4304E-15
5160	1.4306E-15
5162	1.4308E-15
5164	1.431E-15
5166	1.4299E-15
5168	1.4301E-15
5170	1.4303E-15
5172	1.4306E-15
5174	1.4294E-15
5176	1.4297E-15
5178	1.4299E-15
5180	1.4288E-15
5182	1.429E-15
5184	1.4279E-15
5186	1.4281E-15
5188	1.427E-15
5190	1.4272E-15
5192	1.4261E-15
5194	1.4263E-15
5196	1.4252E-15
5198	1.4241E-15
5200	1.4243E-15
5202	1.4233E-15
5204	1.4222E-15
5206	1.4211E-15
5208	1.4213E-15
5210	1.4202E-15
5212	1.4152E-15
5214	1.4154E-15
5216	1.4143E-15
5218	1.4158E-15
5220	1.4148E-15
5222	1.4137E-15
5224	1.4126E-15
5226	1.4115E-15
5228	1.4104E-15
5230	1.4093E-15
5232	1.4083E-15
5234	1.4072E-15
5236	1.4061E-15
5238	1.405E-15
5240	1.404E-15
5242	1.4003E-15
5244	1.398E-15
5246	1.3969E-15
5248	1.3958E-15
5250	1.3948E-15
5252	1.395E-15
5254	1.3965E-15
5256	1.3967E-15
5258	1.3995E-15
5260	1.3985E-15
5262	1.3974E-15
5264	1.3989E-15
5266	1.3978E-15
5268	1.3942E-15
5270	1.3932E-15
5272	1.3921E-15
5274	1.391E-15
5276	1.39E-15
5278	1.3877E-15
5280	1.3866E-15
5282	1.3856E-15
5284	1.3845E-15
5286	1.3809E-15
5288	1.3799E-15
5290	1.3776E-15
5292	1.3765E-15
5294	1.3729E-15
5296	1.3707E-15
5298	1.3696E-15
5300	1.3673E-15
5302	1.3676E-15
5304	1.3665E-15
5306	1.3667E-15
5308	1.3682E-15
5310	1.3672E-15
5312	1.3662E-15
5314	1.3689E-15
5316	1.3691E-15
5318	1.3681E-15
5320	1.3709E-15
5322	1.3711E-15
5324	1.3739E-15
5326	1.3728E-15
5328	1.3718E-15
5330	1.3708E-15
5332	1.3697E-15
5334	1.3675E-15
5336	1.3639E-15
5338	1.3629E-15
5340	1.3606E-15
5342	1.3596E-15
5344	1.3586E-15
5346	1.3576E-15
5348	1.3566E-15
5350	1.3555E-15
5352	1.3545E-15
5354	1.3535E-15
5356	1.3525E-15
5358	1.3515E-15
5360	1.3505E-15
5362	1.3507E-15
5364	1.3522E-15
5366	1.3524E-15
5368	1.3514E-15
5370	1.3504E-15
5372	1.3519E-15
5374	1.3509E-15
5376	1.3474E-15
5378	1.3464E-15
5380	1.3479E-15
5382	1.3481E-15
5384	1.3471E-15
5386	1.3461E-15
5388	1.3451E-15
5390	1.3454E-15
5392	1.3444E-15
5394	1.3459E-15
5396	1.3449E-15
5398	1.3451E-15
5400	1.3441E-15
5402	1.3431E-15
5404	1.3446E-15
5406	1.3448E-15
5408	1.3438E-15
5410	1.3441E-15
5412	1.3456E-15
5414	1.3458E-15
5416	1.3448E-15
5418	1.3463E-15
5420	1.3466E-15
5422	1.3456E-15
5424	1.3433E-15
5426	1.3399E-15
5428	1.3389E-15
5430	1.3367E-15
5432	1.3332E-15
5434	1.3322E-15
5436	1.3337E-15
5438	1.3327E-15
5440	1.333E-15
5442	1.332E-15
5444	1.331E-15
5446	1.33E-15
5448	1.3315E-15
5450	1.3305E-15
5452	1.3308E-15
5454	1.331E-15
5456	1.3325E-15
5458	1.3328E-15
5460	1.3306E-15
5462	1.3296E-15
5464	1.3286E-15
5466	1.3252E-15
5468	1.3242E-15
5470	1.3233E-15
5472	1.3223E-15
5474	1.3213E-15
5476	1.3204E-15
5478	1.3218E-15
5480	1.3221E-15
5482	1.3211E-15
5484	1.3202E-15
5486	1.3216E-15
5488	1.3219E-15
5490	1.3209E-15
5492	1.32E-15
5494	1.319E-15
5496	1.3168E-15
5498	1.3134E-15
5500	1.3125E-15
5502	1.3103E-15
5504	1.307E-15
5506	1.306E-15
5508	1.3051E-15
5510	1.3041E-15
5512	1.3032E-15
5514	1.3046E-15
5516	1.3037E-15
5518	1.3027E-15
5520	1.3018E-15
5522	1.3009E-15
5524	1.3011E-15
5526	1.3002E-15
5528	1.2992E-15
5530	1.2983E-15
5532	1.2973E-15
5534	1.2964E-15
5536	1.2955E-15
5538	1.2969E-15
5540	1.2972E-15
5542	1.2974E-15
5544	1.2965E-15
5546	1.298E-15
5548	1.297E-15
5550	1.2961E-15
5552	1.2952E-15
5554	1.2942E-15
5556	1.2933E-15
5558	1.2924E-15
5560	1.2926E-15
5562	1.2941E-15
5564	1.2943E-15
5566	1.2934E-15
5568	1.2925E-15
5570	1.2916E-15
5572	1.2906E-15
5574	1.2897E-15
5576	1.2888E-15
5578	1.2878E-15
5580	1.2881E-15
5582	1.2896E-15
5584	1.2886E-15
5586	1.2877E-15
5588	1.2868E-15
5590	1.2859E-15
5592	1.2849E-15
5594	1.2817E-15
5596	1.2808E-15
5598	1.2787E-15
5600	1.2778E-15
5602	1.2757E-15
5604	1.2747E-15
5606	1.2738E-15
5608	1.2741E-15
5610	1.2732E-15
5612	1.2758E-15
5614	1.2749E-15
5616	1.274E-15
5618	1.2743E-15
5620	1.2734E-15
5622	1.2724E-15
5624	1.2715E-15
5626	1.2706E-15
5628	1.2697E-15
5630	1.2712E-15
5632	1.2703E-15
5634	1.2694E-15
5636	1.2661E-15
5638	1.2652E-15
5640	1.2643E-15
5642	1.2634E-15
5644	1.2614E-15
5646	1.2605E-15
5648	1.2596E-15
5650	1.2587E-15
5652	1.2578E-15
5654	1.2569E-15
5656	1.256E-15
5658	1.2551E-15
5660	1.2543E-15
5662	1.2534E-15
5664	1.2525E-15
5666	1.2516E-15
5668	1.2507E-15
5670	1.2498E-15
5672	1.2501E-15
5674	1.2515E-15
5676	1.2518E-15
5678	1.2509E-15
5680	1.25E-15
5682	1.2492E-15
5684	1.2483E-15
5686	1.2474E-15
5688	1.2465E-15
5690	1.2457E-15
5692	1.2448E-15
5694	1.2439E-15
5696	1.243E-15
5698	1.2433E-15
5700	1.2447E-15
5702	1.2438E-15
5704	1.243E-15
5706	1.2421E-15
5708	1.2412E-15
5710	1.2415E-15
5712	1.2406E-15
5714	1.2386E-15
5716	1.2378E-15
5718	1.238E-15
5720	1.2372E-15
5722	1.2363E-15
5724	1.2377E-15
5726	1.2369E-15
5728	1.2371E-15
5730	1.2363E-15
5732	1.2354E-15
5734	1.2345E-15
5736	1.2337E-15
5738	1.234E-15
5740	1.2331E-15
5742	1.2345E-15
5744	1.2336E-15
5746	1.2328E-15
5748	1.2319E-15
5750	1.2322E-15
5752	1.2314E-15
5754	1.2328E-15
5756	1.2319E-15
5758	1.2311E-15
5760	1.2302E-15
5762	1.2293E-15
5764	1.2285E-15
5766	1.2276E-15
5768	1.2268E-15
5770	1.2259E-15
5772	1.2262E-15
5774	1.2254E-15
5776	1.2256E-15
5778	1.2248E-15
5780	1.224E-15
5782	1.2231E-15
5784	1.2223E-15
5786	1.2203E-15
5788	1.2194E-15
5790	1.2186E-15
5792	1.2166E-15
5794	1.2158E-15
5796	1.215E-15
5798	1.2152E-15
5800	1.2144E-15
5802	1.2136E-15
5804	1.2127E-15
5806	1.213E-15
5808	1.2144E-15
5810	1.2136E-15
5812	1.2127E-15
5814	1.2119E-15
5816	1.2111E-15
5818	1.208E-15
5820	1.2072E-15
5822	1.2064E-15
5824	1.2055E-15
5826	1.2069E-15
5828	1.2061E-15
5830	1.2053E-15
5832	1.2044E-15
5834	1.2036E-15
5836	1.2028E-15
5838	1.202E-15
5840	1.2011E-15
5842	1.2003E-15
5844	1.2006E-15
5846	1.202E-15
5848	1.2023E-15
5850	1.2015E-15
5852	1.2029E-15
5854	1.2031E-15
5856	1.2034E-15
5858	1.2048E-15
5860	1.2051E-15
5862	1.2043E-15
5864	1.2035E-15
5866	1.2026E-15
5868	1.2018E-15
5870	1.201E-15
5872	1.1991E-15
5874	1.1983E-15
5876	1.1986E-15
5878	1.1977E-15
5880	1.1969E-15
5882	1.1961E-15
5884	1.1975E-15
5886	1.1978E-15
5888	1.197E-15
5890	1.1962E-15
5892	1.1953E-15
5894	1.1945E-15
5896	1.1948E-15
5898	1.194E-15
5900	1.1921E-15
5902	1.1913E-15
5904	1.1905E-15
5906	1.1897E-15
5908	1.1878E-15
5910	1.187E-15
5912	1.184E-15
5914	1.1832E-15
5916	1.1813E-15
5918	1.1816E-15
5920	1.1808E-15
5922	1.18E-15
5924	1.1792E-15
5926	1.1784E-15
5928	1.1776E-15
5930	1.179E-15
5932	1.1782E-15
5934	1.1785E-15
5936	1.1766E-15
5938	1.1758E-15
5940	1.175E-15
5942	1.1721E-15
5944	1.1713E-15
5946	1.1705E-15
5948	1.1697E-15
5950	1.1689E-15
5952	1.1681E-15
5954	1.1674E-15
5956	1.1687E-15
5958	1.169E-15
5960	1.1682E-15
5962	1.1674E-15
5964	1.1667E-15
5966	1.1659E-15
5968	1.1651E-15
5970	1.1632E-15
5972	1.1625E-15
5974	1.1617E-15
5976	1.1609E-15
5978	1.1601E-15
5980	1.1604E-15
5982	1.1597E-15
5984	1.1589E-15
5986	1.1592E-15
5988	1.1605E-15
5990	1.1598E-15
5992	1.159E-15
5994	1.1593E-15
5996	1.1585E-15
5998	1.1577E-15
6000	1.157E-15
6002	1.1562E-15
6004	1.1554E-15
6006	1.1568E-15
6008	1.1571E-15
6010	1.1563E-15
6012	1.1555E-15
6014	1.1558E-15
6016	1.1551E-15
6018	1.1564E-15
6020	1.1535E-15
6022	1.1528E-15
6024	1.1509E-15
6026	1.1502E-15
6028	1.1494E-15
6030	1.1486E-15
6032	1.1479E-15
6034	1.1471E-15
6036	1.1464E-15
6038	1.1456E-15
6040	1.1448E-15
6042	1.143E-15
6044	1.1402E-15
6046	1.1394E-15
6048	1.1387E-15
6050	1.1379E-15
6052	1.1372E-15
6054	1.1364E-15
6056	1.1378E-15
6058	1.138E-15
6060	1.1383E-15
6062	1.1397E-15
6064	1.14E-15
6066	1.1392E-15
6068	1.1406E-15
6070	1.1409E-15
6072	1.1401E-15
6074	1.1394E-15
6076	1.1386E-15
6078	1.1368E-15
6080	1.134E-15
6082	1.1333E-15
6084	1.1315E-15
6086	1.1307E-15
6088	1.13E-15
6090	1.1292E-15
6092	1.1285E-15
6094	1.1288E-15
6096	1.1281E-15
6098	1.1294E-15
6100	1.1297E-15
6102	1.129E-15
6104	1.1282E-15
6106	1.1285E-15
6108	1.1278E-15
6110	1.1291E-15
6112	1.1284E-15
6114	1.1276E-15
6116	1.1269E-15
6118	1.1262E-15
6120	1.1234E-15
6122	1.1226E-15
6124	1.124E-15
6126	1.1232E-15
6128	1.1246E-15
6130	1.1238E-15
6132	1.1252E-15
6134	1.1244E-15
6136	1.1237E-15
6138	1.123E-15
6140	1.1222E-15
6142	1.1215E-15
6144	1.1228E-15
6146	1.1221E-15
6148	1.1214E-15
6150	1.1217E-15
6152	1.123E-15
6154	1.1223E-15
6156	1.1216E-15
6158	1.1229E-15
6160	1.1222E-15
6162	1.1194E-15
6164	1.1186E-15
6166	1.1159E-15
6168	1.1141E-15
6170	1.1134E-15
6172	1.1127E-15
6174	1.113E-15
6176	1.1123E-15
6178	1.1136E-15
6180	1.1129E-15
6182	1.1121E-15
6184	1.1114E-15
6186	1.1087E-15
6188	1.1069E-15
6190	1.1062E-15
6192	1.1065E-15
6194	1.1058E-15
6196	1.1051E-15
6198	1.1044E-15
6200	1.1037E-15
6202	1.1019E-15
6204	1.1012E-15
6206	1.1005E-15
6208	1.0998E-15
6210	1.0971E-15
6212	1.0964E-15
6214	1.0957E-15
6216	1.097E-15
6218	1.0963E-15
6220	1.0956E-15
6222	1.0959E-15
6224	1.0952E-15
6226	1.0945E-15
6228	1.0928E-15
6230	1.0921E-15
6232	1.0914E-15
6234	1.0907E-15
6236	1.09E-15
6238	1.0893E-15
6240	1.0886E-15
6242	1.0879E-15
6244	1.0872E-15
6246	1.0865E-15
6248	1.0858E-15
6250	1.0851E-15
6252	1.0844E-15
6254	1.0837E-15
6256	1.083E-15
6258	1.0823E-15
6260	1.0826E-15
6262	1.0819E-15
6264	1.0812E-15
6266	1.0805E-15
6268	1.0798E-15
6270	1.0782E-15
6272	1.0775E-15
6274	1.0748E-15
6276	1.0741E-15
6278	1.0734E-15
6280	1.0728E-15
6282	1.0721E-15
6284	1.0714E-15
6286	1.0707E-15
6288	1.072E-15
6290	1.0743E-15
6292	1.0736E-15
6294	1.0729E-15
6296	1.0722E-15
6298	1.0716E-15
6300	1.0689E-15
6302	1.0672E-15
6304	1.0666E-15
6306	1.0659E-15
6308	1.0652E-15
6310	1.0626E-15
6312	1.0619E-15
6314	1.0632E-15
6316	1.0625E-15
6318	1.0618E-15
6320	1.0612E-15
6322	1.0605E-15
6324	1.0598E-15
6326	1.0592E-15
6328	1.0595E-15
6330	1.0607E-15
6332	1.062E-15
6334	1.0633E-15
6336	1.0626E-15
6338	1.063E-15
6340	1.0642E-15
6342	1.0616E-15
6344	1.06E-15
6346	1.0593E-15
6348	1.0567E-15
6350	1.0541E-15
6352	1.0534E-15
6354	1.0527E-15
6356	1.0521E-15
6358	1.0514E-15
6360	1.0527E-15
6362	1.052E-15
6364	1.0533E-15
6366	1.0536E-15
6368	1.0549E-15
6370	1.0542E-15
6372	1.0536E-15
6374	1.0529E-15
6376	1.0523E-15
6378	1.0516E-15
6380	1.0509E-15
6382	1.0503E-15
6384	1.0496E-15
6386	1.049E-15
6388	1.0483E-15
6390	1.0496E-15
6392	1.0489E-15
6394	1.0483E-15
6396	1.0476E-15
6398	1.045E-15
6400	1.0444E-15
6402	1.0457E-15
6404	1.045E-15
6406	1.0443E-15
6408	1.0456E-15
6410	1.045E-15
6412	1.0453E-15
6414	1.0446E-15
6416	1.044E-15
6418	1.0433E-15
6420	1.0427E-15
6422	1.042E-15
6424	1.0414E-15
6426	1.0398E-15
6428	1.0391E-15
6430	1.0366E-15
6432	1.0359E-15
6434	1.0353E-15
6436	1.0346E-15
6438	1.0359E-15
6440	1.0362E-15
6442	1.0356E-15
6444	1.0349E-15
6446	1.0362E-15
6448	1.0355E-15
6450	1.0368E-15
6452	1.0362E-15
6454	1.0355E-15
6456	1.0349E-15
6458	1.0343E-15
6460	1.0317E-15
6462	1.0311E-15
6464	1.0285E-15
6466	1.0251E-15
6468	1.0225E-15
6470	1.02E-15
6472	1.0185E-15
6474	1.016E-15
6476	1.0153E-15
6478	1.0128E-15
6480	1.0122E-15
6482	1.0116E-15
6484	1.011E-15
6486	1.0103E-15
6488	1.0116E-15
6490	1.011E-15
6492	1.0122E-15
6494	1.0116E-15
6496	1.0109E-15
6498	1.0103E-15
6500	1.0078E-15
6502	1.0054E-15
6504	1.002E-15
6506	9.9768E-16
6508	9.9249E-16
6510	9.8823E-16
6512	9.8218E-16
6514	9.7797E-16
6516	9.7198E-16
6518	9.6782E-16
6520	9.6367E-16
6522	9.5777E-16
6524	9.5454E-16
6526	9.5308E-16
6528	9.4899E-16
6530	9.484E-16
6532	9.4608E-16
6534	9.4463E-16
6536	9.4058E-16
6538	9.3396E-16
6540	9.2996E-16
6542	9.1917E-16
6544	9.0935E-16
6546	8.9964E-16
6548	8.8757E-16
6550	8.7325E-16
6552	8.6074E-16
6554	8.453E-16
6556	8.3089E-16
6558	8.1522E-16
6560	8.0355E-16
6562	7.9131E-16
6564	7.7998E-16
6566	7.745E-16
6568	7.7189E-16
6570	7.6858E-16
6572	7.7308E-16
6574	7.8048E-16
6576	7.8795E-16
6578	7.9916E-16
6580	8.1203E-16
6582	8.251E-16
6584	8.3915E-16
6586	8.5266E-16
6588	8.6639E-16
6590	8.7953E-16
6592	8.904E-16
6594	9.0141E-16
6596	9.092E-16
6598	9.1537E-16
6600	9.2243E-16
6602	9.2612E-16
6604	9.2984E-16
6606	9.327E-16
6608	9.3558E-16
6610	9.3846E-16
6612	9.4049E-16
6614	9.4339E-16
6616	9.4804E-16
6618	9.5097E-16
6620	9.539E-16
6622	9.5597E-16
6624	9.5891E-16
6626	9.6187E-16
6628	9.6306E-16
6630	9.6514E-16
6632	9.6812E-16
6634	9.6932E-16
6636	9.6964E-16
6638	9.7084E-16
6640	9.7025E-16
6642	9.7145E-16
6644	9.7087E-16
6646	9.7029E-16
6648	9.697E-16
6650	9.6912E-16
6652	9.6854E-16
6654	9.6795E-16
6656	9.6737E-16
6658	9.6679E-16
6660	9.6443E-16
6662	9.6385E-16
6664	9.6328E-16
6666	9.627E-16
6668	9.6212E-16
6670	9.6154E-16
6672	9.6274E-16
6674	9.6216E-16
6676	9.6336E-16
6678	9.6367E-16
6680	9.6486E-16
6682	9.6607E-16
6684	9.6727E-16
6686	9.6758E-16
6688	9.6879E-16
6690	9.6821E-16
6692	9.6941E-16
6694	9.6883E-16
6696	9.6825E-16
6698	9.6857E-16
6700	9.6799E-16
6702	9.6741E-16
6704	9.6684E-16
6706	9.6626E-16
6708	9.6568E-16
6710	9.6511E-16
6712	9.6364E-16
6714	9.613E-16
6716	9.6073E-16
6718	9.5839E-16
6720	9.5694E-16
6722	9.5461E-16
6724	9.5404E-16
6726	9.5171E-16
6728	9.5114E-16
6730	9.5058E-16
6732	9.5002E-16
6734	9.4945E-16
6736	9.4889E-16
6738	9.4832E-16
6740	9.4776E-16
6742	9.472E-16
6744	9.4839E-16
6746	9.4783E-16
6748	9.4901E-16
6750	9.4932E-16
6752	9.4876E-16
6754	9.4994E-16
6756	9.4938E-16
6758	9.5057E-16
6760	9.5088E-16
6762	9.5032E-16
6764	9.5151E-16
6766	9.5095E-16
6768	9.4864E-16
6770	9.472E-16
6772	9.449E-16
6774	9.4434E-16
6776	9.4205E-16
6778	9.415E-16
6780	9.4094E-16
6782	9.4039E-16
6784	9.4156E-16
6786	9.4101E-16
6788	9.4219E-16
6790	9.4163E-16
6792	9.4107E-16
6794	9.4139E-16
6796	9.4257E-16
6798	9.4201E-16
6800	9.4146E-16
6802	9.4091E-16
6804	9.4035E-16
6806	9.3807E-16
6808	9.3752E-16
6810	9.3611E-16
6812	9.3556E-16
6814	9.3329E-16
6816	9.3274E-16
6818	9.3219E-16
6820	9.2993E-16
6822	9.2939E-16
6824	9.2884E-16
6826	9.283E-16
6828	9.2947E-16
6830	9.2892E-16
6832	9.2838E-16
6834	9.2954E-16
6836	9.29E-16
6838	9.2931E-16
6840	9.2877E-16
6842	9.2994E-16
6844	9.2939E-16
6846	9.2374E-16
6848	9.232E-16
6850	9.2181E-16
6852	9.2127E-16
6854	9.2073E-16
6856	9.2019E-16
6858	9.1966E-16
6860	9.1912E-16
6862	9.1859E-16
6864	9.172E-16
6866	9.1667E-16
6868	9.1614E-16
6870	9.156E-16
6872	9.1507E-16
6874	9.1454E-16
6876	9.1401E-16
6878	9.1347E-16
6880	9.1294E-16
6882	9.1241E-16
6884	9.1188E-16
6886	9.1135E-16
6888	9.1082E-16
6890	9.103E-16
6892	9.0977E-16
6894	9.0924E-16
6896	9.0871E-16
6898	9.0819E-16
6900	9.0766E-16
6902	9.0713E-16
6904	9.0661E-16
6906	9.0608E-16
6908	9.0556E-16
6910	9.0503E-16
6912	9.0451E-16
6914	9.0399E-16
6916	9.0346E-16
6918	9.0294E-16
6920	9.0325E-16
6922	9.0273E-16
6924	9.0221E-16
6926	9.0169E-16
6928	9.0117E-16
6930	9.0065E-16
6932	9.0096E-16
6934	9.0044E-16
6936	8.9992E-16
6938	8.994E-16
6940	8.9888E-16
6942	8.9919E-16
6944	8.9867E-16
6946	8.9815E-16
6948	8.9764E-16
6950	8.9795E-16
6952	8.9496E-16
6954	8.9362E-16
6956	8.9393E-16
6958	8.9341E-16
6960	8.9454E-16
6962	8.9403E-16
6964	8.9516E-16
6966	8.9465E-16
6968	8.9661E-16
6970	8.9609E-16
6972	8.9723E-16
6974	8.9837E-16
6976	8.9869E-16
6978	8.9983E-16
6980	8.9931E-16
6982	9.0045E-16
6984	8.9994E-16
6986	8.9777E-16
6988	8.9561E-16
6990	8.9426E-16
6992	8.921E-16
6994	8.8996E-16
6996	8.8699E-16
6998	8.8649E-16
7000	8.8435E-16
7002	8.8222E-16
7004	8.8172E-16
7006	8.8121E-16
7008	8.8071E-16
7010	8.8021E-16
7012	8.8133E-16
7014	8.8082E-16
7016	8.8032E-16
7018	8.8144E-16
7020	8.8094E-16
7022	8.8125E-16
7024	8.8237E-16
7026	8.8349E-16
7028	8.8299E-16
7030	8.8249E-16
7032	8.8199E-16
7034	8.8148E-16
7036	8.8098E-16
7038	8.8048E-16
7040	8.7998E-16
7042	8.7786E-16
7044	8.7737E-16
7046	8.7687E-16
7048	8.7637E-16
7050	8.7426E-16
7052	8.7377E-16
7054	8.7488E-16
7056	8.7439E-16
7058	8.755E-16
7060	8.7662E-16
7062	8.7612E-16
7064	8.7644E-16
7066	8.7756E-16
7068	8.7706E-16
7070	8.7818E-16
7072	8.7768E-16
7074	8.7718E-16
7076	8.7669E-16
7078	8.7619E-16
7080	8.7409E-16
7082	8.7359E-16
7084	8.731E-16
7086	8.71E-16
7088	8.7051E-16
7090	8.7162E-16
7092	8.7274E-16
7094	8.7225E-16
7096	8.7336E-16
7098	8.7367E-16
7100	8.7479E-16
7102	8.743E-16
7104	8.7541E-16
7106	8.7492E-16
7108	8.7443E-16
7110	8.7394E-16
7112	8.7344E-16
7114	8.7295E-16
7116	8.7246E-16
7118	8.7197E-16
7120	8.7148E-16
7122	8.7099E-16
7124	8.705E-16
7126	8.6842E-16
7128	8.6793E-16
7130	8.6585E-16
7132	8.6456E-16
7134	8.6249E-16
7136	8.6201E-16
7138	8.5994E-16
7140	8.5946E-16
7142	8.5898E-16
7144	8.6008E-16
7146	8.596E-16
7148	8.5912E-16
7150	8.5706E-16
7152	8.5658E-16
7154	8.5452E-16
7156	8.5326E-16
7158	8.5278E-16
7160	8.5073E-16
7162	8.5026E-16
7164	8.5135E-16
7166	8.5088E-16
7168	8.504E-16
7170	8.4993E-16
7172	8.4945E-16
7174	8.4741E-16
7176	8.4694E-16
7178	8.4491E-16
7180	8.4444E-16
7182	8.4242E-16
7184	8.4118E-16
7186	8.4071E-16
7188	8.4024E-16
7190	8.3977E-16
7192	8.3931E-16
7194	8.3884E-16
7196	8.3837E-16
7198	8.3791E-16
7200	8.359E-16
7202	8.3544E-16
7204	8.3498E-16
7206	8.3451E-16
7208	8.3558E-16
7210	8.3512E-16
7212	8.3697E-16
7214	8.365E-16
7216	8.3604E-16
7218	8.3558E-16
7220	8.3511E-16
7222	8.3465E-16
7224	8.3419E-16
7226	8.3373E-16
7228	8.3326E-16
7230	8.328E-16
7232	8.3234E-16
7234	8.3188E-16
7236	8.3142E-16
7238	8.3096E-16
7240	8.3051E-16
7242	8.2852E-16
7244	8.273E-16
7246	8.2684E-16
7248	8.2639E-16
7250	8.2593E-16
7252	8.2396E-16
7254	8.235E-16
7256	8.2154E-16
7258	8.2108E-16
7260	8.2063E-16
7262	8.2018E-16
7264	8.1973E-16
7266	8.2078E-16
7268	8.2033E-16
7270	8.2139E-16
7272	8.2094E-16
7274	8.2125E-16
7276	8.2231E-16
7278	8.2186E-16
7280	8.2292E-16
7282	8.2246E-16
7284	8.2201E-16
7286	8.2156E-16
7288	8.2111E-16
7290	8.2066E-16
7292	8.187E-16
7294	8.1675E-16
7296	8.1555E-16
7298	8.136E-16
7300	8.1166E-16
7302	8.1122E-16
7304	8.1077E-16
7306	8.1033E-16
7308	8.0989E-16
7310	8.087E-16
7312	8.0677E-16
7314	8.0633E-16
7316	8.0589E-16
7318	8.0545E-16
7320	8.0501E-16
7322	8.0605E-16
7324	8.0635E-16
7326	8.074E-16
7328	8.0696E-16
7330	8.08E-16
7332	8.0756E-16
7334	8.0935E-16
7336	8.0891E-16
7338	8.0996E-16
7340	8.0952E-16
7342	8.1057E-16
7344	8.1088E-16
7346	8.1044E-16
7348	8.1149E-16
7350	8.1105E-16
7352	8.0912E-16
7354	8.0793E-16
7356	8.06E-16
7358	8.0408E-16
7360	8.0217E-16
7362	8.0099E-16
7364	8.0056E-16
7366	8.0012E-16
7368	7.9822E-16
7370	7.9925E-16
7372	7.9882E-16
7374	7.9839E-16
7376	7.9869E-16
7378	7.9973E-16
7380	8.0077E-16
7382	8.0181E-16
7384	8.0212E-16
7386	8.0316E-16
7388	8.0421E-16
7390	8.0525E-16
7392	8.0556E-16
7394	8.0661E-16
7396	8.0765E-16
7398	8.0945E-16
7400	8.1051E-16
7402	8.1007E-16
7404	8.1113E-16
7406	8.1069E-16
7408	8.1025E-16
7410	8.0981E-16
7412	8.0789E-16
7414	8.0596E-16
7416	8.0479E-16
7418	8.0139E-16
7420	7.9875E-16
7422	7.9685E-16
7424	7.9496E-16
7426	7.9307E-16
7428	7.9191E-16
7430	7.9148E-16
7432	7.9106E-16
7434	7.9063E-16
7436	7.9021E-16
7438	7.8978E-16
7440	7.9009E-16
7442	7.8966E-16
7444	7.8924E-16
7446	7.8882E-16
7448	7.8985E-16
7450	7.8942E-16
7452	7.9045E-16
7454	7.9003E-16
7456	7.9106E-16
7458	7.9282E-16
7460	7.9385E-16
7462	7.9343E-16
7464	7.93E-16
7466	7.9258E-16
7468	7.907E-16
7470	7.8882E-16
7472	7.8767E-16
7474	7.858E-16
7476	7.8538E-16
7478	7.8352E-16
7480	7.8166E-16
7482	7.8052E-16
7484	7.7867E-16
7486	7.7825E-16
7488	7.7783E-16
7490	7.7599E-16
7492	7.7558E-16
7494	7.7516E-16
7496	7.7475E-16
7498	7.7433E-16
7500	7.725E-16
7502	7.7351E-16
7504	7.731E-16
7506	7.7411E-16
7508	7.7512E-16
7510	7.7543E-16
7512	7.7644E-16
7514	7.7746E-16
7516	7.7705E-16
7518	7.7663E-16
7520	7.7622E-16
7522	7.7724E-16
7524	7.7682E-16
7526	7.7641E-16
7528	7.76E-16
7530	7.7559E-16
7532	7.7517E-16
7534	7.7476E-16
7536	7.7507E-16
7538	7.7465E-16
7540	7.7353E-16
7542	7.7312E-16
7544	7.7271E-16
7546	7.7088E-16
7548	7.7047E-16
7550	7.7219E-16
7552	7.7178E-16
7554	7.7138E-16
7556	7.7097E-16
7558	7.7056E-16
7560	7.7015E-16
7562	7.6974E-16
7564	7.6934E-16
7566	7.6893E-16
7568	7.6853E-16
7570	7.6812E-16
7572	7.6771E-16
7574	7.6731E-16
7576	7.669E-16
7578	7.665E-16
7580	7.6609E-16
7582	7.6569E-16
7584	7.6529E-16
7586	7.6488E-16
7588	7.6448E-16
7590	7.6337E-16
7592	7.6297E-16
7594	7.6257E-16
7596	7.6217E-16
7598	7.6177E-16
7600	7.6136E-16
7602	7.6096E-16
7604	7.6056E-16
7606	7.6016E-16
7608	7.5976E-16
7610	7.5936E-16
7612	7.5897E-16
7614	7.5857E-16
7616	7.5817E-16
7618	7.5708E-16
7620	7.5668E-16
7622	7.5628E-16
7624	7.5588E-16
7626	7.5549E-16
7628	7.5509E-16
7630	7.547E-16
7632	7.543E-16
7634	7.539E-16
7636	7.5282E-16
7638	7.5242E-16
7640	7.5203E-16
7642	7.5163E-16
7644	7.5124E-16
7646	7.5085E-16
7648	7.4977E-16
7650	7.4938E-16
7652	7.4898E-16
7654	7.4859E-16
7656	7.482E-16
7658	7.4781E-16
7660	7.4673E-16
7662	7.4634E-16
7664	7.4595E-16
7666	7.4556E-16
7668	7.4517E-16
7670	7.441E-16
7672	7.4371E-16
7674	7.4332E-16
7676	7.4293E-16
7678	7.4255E-16
7680	7.4148E-16
7682	7.411E-16
7684	7.4071E-16
7686	7.4032E-16
7688	7.3925E-16
7690	7.3887E-16
7692	7.3917E-16
7694	7.3878E-16
7696	7.384E-16
7698	7.3733E-16
7700	7.3695E-16
7702	7.3521E-16
7704	7.3483E-16
7706	7.331E-16
7708	7.3272E-16
7710	7.3234E-16
7712	7.3196E-16
7714	7.3158E-16
7716	7.3255E-16
7718	7.3217E-16
7720	7.3314E-16
7722	7.3276E-16
7724	7.3238E-16
7726	7.32E-16
7728	7.3027E-16
7730	7.2855E-16
7732	7.2617E-16
7734	7.2579E-16
7736	7.2408E-16
7738	7.2238E-16
7740	7.22E-16
7742	7.2296E-16
7744	7.2392E-16
7746	7.2421E-16
7748	7.2517E-16
7750	7.2613E-16
7752	7.271E-16
7754	7.2672E-16
7756	7.2702E-16
7758	7.2597E-16
7760	7.2426E-16
7762	7.2256E-16
7764	7.2086E-16
7766	7.185E-16
7768	7.1681E-16
7770	7.1578E-16
7772	7.1409E-16
7774	7.1373E-16
7776	7.1336E-16
7778	7.1299E-16
7780	7.1263E-16
7782	7.1226E-16
7784	7.119E-16
7786	7.1153E-16
7788	7.0985E-16
7790	7.0949E-16
7792	7.0782E-16
7794	7.0746E-16
7796	7.0644E-16
7798	7.0478E-16
7800	7.0442E-16
7802	7.0406E-16
7804	7.024E-16
7806	7.0204E-16
7808	7.0168E-16
7810	7.0132E-16
7812	7.0097E-16
7814	7.019E-16
7816	7.0154E-16
7818	7.0247E-16
7820	7.0276E-16
7822	7.0369E-16
7824	7.0464E-16
7826	7.0622E-16
7828	7.0586E-16
7830	7.055E-16
7832	7.0644E-16
7834	7.0608E-16
7836	7.0572E-16
7838	7.0536E-16
7840	7.05E-16
7842	7.0464E-16
7844	7.0428E-16
7846	7.0392E-16
7848	7.0486E-16
7850	7.032E-16
7852	7.0285E-16
7854	7.012E-16
7856	7.0084E-16
7858	6.9984E-16
7860	6.982E-16
7862	6.9784E-16
7864	6.962E-16
7866	6.9456E-16
7868	6.9229E-16
7870	6.8876E-16
7872	6.8715E-16
7874	6.8553E-16
7876	6.8392E-16
7878	6.8295E-16
7880	6.8323E-16
7882	6.854E-16
7884	6.8632E-16
7886	6.8787E-16
7888	6.8879E-16
7890	6.9034E-16
7892	6.9126E-16
7894	6.9092E-16
7896	6.9184E-16
7898	6.9149E-16
7900	6.8987E-16
7902	6.8952E-16
7904	6.879E-16
7906	6.8566E-16
7908	6.8279E-16
7910	6.8181E-16
7912	6.8147E-16
7914	6.7987E-16
7916	6.7953E-16
7918	6.8044E-16
7920	6.8009E-16
7922	6.8038E-16
7924	6.8254E-16
7926	6.8346E-16
7928	6.8374E-16
7930	6.8466E-16
7932	6.8431E-16
7934	6.8523E-16
7936	6.8489E-16
7938	6.8328E-16
7940	6.8293E-16
7942	6.8259E-16
7944	6.8225E-16
7946	6.819E-16
7948	6.8282E-16
7950	6.8248E-16
7952	6.8339E-16
7954	6.8368E-16
7956	6.8459E-16
7958	6.8425E-16
7960	6.839E-16
7962	6.8356E-16
7964	6.8322E-16
7966	6.8162E-16
7968	6.794E-16
7970	6.778E-16
7972	6.7746E-16
7974	6.7712E-16
7976	6.7678E-16
7978	6.7644E-16
7980	6.761E-16
7982	6.7576E-16
7984	6.7543E-16
7986	6.7509E-16
7988	6.7475E-16
7990	6.7441E-16
7992	6.7407E-16
7994	6.7374E-16
7996	6.734E-16
7998	6.7306E-16
8000	6.7149E-16
8002	6.7115E-16
8004	6.6897E-16
8006	6.674E-16
8008	6.6707E-16
8010	6.6674E-16
8012	6.6518E-16
8014	6.6607E-16
8016	6.6574E-16
8018	6.6663E-16
8020	6.6753E-16
8022	6.6781E-16
8024	6.6871E-16
8026	6.6961E-16
8028	6.7113E-16
8030	6.7327E-16
8032	6.7355E-16
8034	6.7446E-16
8036	6.7537E-16
8038	6.7628E-16
8040	6.7469E-16
8042	6.7436E-16
8044	6.7278E-16
8046	6.7121E-16
8048	6.7026E-16
8050	6.687E-16
8052	6.6836E-16
8054	6.668E-16
8056	6.6647E-16
8058	6.6553E-16
8060	6.6398E-16
8062	6.6365E-16
8064	6.6332E-16
8066	6.6299E-16
8068	6.6266E-16
8070	6.6355E-16
8072	6.6383E-16
8074	6.635E-16
8076	6.6318E-16
8078	6.6285E-16
8080	6.6252E-16
8082	6.6219E-16
8084	6.6004E-16
8086	6.5971E-16
8088	6.5817E-16
8090	6.5784E-16
8092	6.5752E-16
8094	6.5719E-16
8096	6.5566E-16
8098	6.5534E-16
8100	6.5622E-16
8102	6.559E-16
8104	6.5678E-16
8106	6.5767E-16
8108	6.5795E-16
8110	6.5884E-16
8112	6.5851E-16
8114	6.594E-16
8116	6.5908E-16
8118	6.5875E-16
8120	6.5843E-16
8122	6.5871E-16
8124	6.5839E-16
8126	6.5806E-16
8128	6.5895E-16
8130	6.5742E-16
8132	6.5649E-16
8134	6.5496E-16
8136	6.5463E-16
8138	6.5311E-16
8140	6.5219E-16
8142	6.5067E-16
8144	6.5035E-16
8146	6.5003E-16
8148	6.4851E-16
8150	6.4939E-16
8152	6.4907E-16
8154	6.4875E-16
8156	6.4963E-16
8158	6.4931E-16
8160	6.4959E-16
8162	6.4927E-16
8164	6.4896E-16
8166	6.4864E-16
8168	6.4832E-16
8170	6.48E-16
8172	6.4769E-16
8174	6.4558E-16
8176	6.4527E-16
8178	6.4376E-16
8180	6.4345E-16
8182	6.4195E-16
8184	6.4164E-16
8186	6.4132E-16
8188	6.4101E-16
8190	6.407E-16
8192	6.4156E-16
8194	6.4244E-16
8196	6.4212E-16
8198	6.4359E-16
8200	6.4446E-16
8202	6.4414E-16
8204	6.4383E-16
8206	6.4351E-16
8208	6.432E-16
8210	6.4289E-16
8212	6.4257E-16
8214	6.4226E-16
8216	6.4077E-16
8218	6.3869E-16
8220	6.372E-16
8222	6.3396E-16
8224	6.3074E-16
8226	6.2812E-16
8228	6.2608E-16
8230	6.2463E-16
8232	6.2318E-16
8234	6.2287E-16
8236	6.2372E-16
8238	6.2456E-16
8240	6.2599E-16
8242	6.2799E-16
8244	6.3059E-16
8246	6.3202E-16
8248	6.3172E-16
8250	6.3257E-16
8252	6.3227E-16
8254	6.3196E-16
8256	6.3049E-16
8258	6.2961E-16
8260	6.2815E-16
8262	6.2669E-16
8264	6.2523E-16
8266	6.2435E-16
8268	6.229E-16
8270	6.2145E-16
8272	6.2115E-16
8274	6.1914E-16
8276	6.1884E-16
8278	6.174E-16
8280	6.1711E-16
8282	6.1567E-16
8284	6.1424E-16
8286	6.1281E-16
8288	6.1196E-16
8290	6.111E-16
8292	6.0968E-16
8294	6.077E-16
8296	6.0685E-16
8298	6.0656E-16
8300	6.0571E-16
8302	6.0431E-16
8304	6.0401E-16
8306	6.0372E-16
8308	6.051E-16
8310	6.0537E-16
8312	6.0675E-16
8314	6.0757E-16
8316	6.0785E-16
8318	6.0811E-16
8320	6.0726E-16
8322	6.0697E-16
8324	6.0612E-16
8326	6.0639E-16
8328	6.0609E-16
8330	6.058E-16
8332	6.0718E-16
8334	6.0689E-16
8336	6.0772E-16
8338	6.0743E-16
8340	6.0714E-16
8342	6.0685E-16
8344	6.0544E-16
8346	6.0515E-16
8348	6.0375E-16
8350	6.029E-16
8352	6.0095E-16
8354	5.9901E-16
8356	5.9652E-16
8358	5.9404E-16
8360	5.9157E-16
8362	5.8966E-16
8364	5.8775E-16
8366	5.8692E-16
8368	5.8719E-16
8370	5.8853E-16
8372	5.8988E-16
8374	5.9177E-16
8376	5.9477E-16
8378	5.9723E-16
8380	5.986E-16
8382	5.9996E-16
8384	6.0078E-16
8386	6.005E-16
8388	6.0021E-16
8390	5.9993E-16
8392	5.9964E-16
8394	5.9935E-16
8396	5.9907E-16
8398	5.9878E-16
8400	5.985E-16
8402	5.9821E-16
8404	5.9793E-16
8406	5.9544E-16
8408	5.9297E-16
8410	5.9214E-16
8412	5.9023E-16
8414	5.8995E-16
8416	5.8913E-16
8418	5.8939E-16
8420	5.8911E-16
8422	5.8937E-16
8424	5.9018E-16
8426	5.9044E-16
8428	5.9125E-16
8430	5.9152E-16
8432	5.9178E-16
8434	5.9259E-16
8436	5.923E-16
8438	5.9312E-16
8440	5.9284E-16
8442	5.9146E-16
8444	5.9118E-16
8446	5.909E-16
8448	5.8954E-16
8450	5.8872E-16
8452	5.8844E-16
8454	5.8816E-16
8456	5.8788E-16
8458	5.8761E-16
8460	5.8786E-16
8462	5.8867E-16
8464	5.8839E-16
8466	5.892E-16
8468	5.911E-16
8470	5.9136E-16
8472	5.9326E-16
8474	5.9408E-16
8476	5.9544E-16
8478	5.9626E-16
8480	5.9598E-16
8482	5.9679E-16
8484	5.9706E-16
8486	5.9678E-16
8488	5.965E-16
8490	5.9622E-16
8492	5.9594E-16
8494	5.9566E-16
8496	5.9538E-16
8498	5.9619E-16
8500	5.9701E-16
8502	5.9783E-16
8504	5.981E-16
8506	6.0002E-16
8508	5.9974E-16
8510	5.9946E-16
8512	5.9918E-16
8514	5.978E-16
8516	5.9642E-16
8518	5.9559E-16
8520	5.9421E-16
8522	5.9284E-16
8524	5.9256E-16
8526	5.9228E-16
8528	5.931E-16
8530	5.9391E-16
8532	5.9528E-16
8534	5.9774E-16
8536	5.9967E-16
8538	6.0105E-16
8540	6.0187E-16
8542	6.0159E-16
8544	6.0131E-16
8546	5.9992E-16
8548	5.9799E-16
8550	5.9551E-16
8552	5.925E-16
8554	5.895E-16
8556	5.8651E-16
8558	5.8409E-16
8560	5.822E-16
8562	5.7979E-16
8564	5.7952E-16
8566	5.7818E-16
8568	5.7738E-16
8570	5.7711E-16
8572	5.7684E-16
8574	5.7657E-16
8576	5.7683E-16
8578	5.7763E-16
8580	5.7736E-16
8582	5.7709E-16
8584	5.7788E-16
8586	5.7761E-16
8588	5.7735E-16
8590	5.7601E-16
8592	5.7574E-16
8594	5.7442E-16
8596	5.7362E-16
8598	5.723E-16
8600	5.7098E-16
8602	5.7072E-16
8604	5.694E-16
8606	5.6914E-16
8608	5.6731E-16
8610	5.6652E-16
8612	5.6521E-16
8614	5.6339E-16
8616	5.621E-16
8618	5.608E-16
8620	5.6002E-16
8622	5.5822E-16
8624	5.595E-16
8626	5.5976E-16
8628	5.6105E-16
8630	5.613E-16
8632	5.626E-16
8634	5.6337E-16
8636	5.6363E-16
8638	5.6337E-16
8640	5.6311E-16
8642	5.644E-16
8644	5.6623E-16
8646	5.6701E-16
8648	5.6936E-16
8650	5.7173E-16
8652	5.741E-16
8654	5.7489E-16
8656	5.7569E-16
8658	5.7648E-16
8660	5.7675E-16
8662	5.7648E-16
8664	5.7568E-16
8666	5.7436E-16
8668	5.7304E-16
8670	5.7172E-16
8672	5.6988E-16
8674	5.6857E-16
8676	5.6673E-16
8678	5.6439E-16
8680	5.6258E-16
8682	5.6025E-16
8684	5.5793E-16
8686	5.5562E-16
8688	5.5332E-16
8690	5.5104E-16
8692	5.4775E-16
8694	5.4548E-16
8696	5.4173E-16
8698	5.3701E-16
8700	5.3282E-16
8702	5.2769E-16
8704	5.2214E-16
8706	5.1711E-16
8708	5.1213E-16
8710	5.1331E-16
8712	5.145E-16
8714	5.1569E-16
8716	5.207E-16
8718	5.2527E-16
8720	5.3038E-16
8722	5.3062E-16
8724	5.3136E-16
8726	5.3161E-16
8728	5.3234E-16
8730	5.3259E-16
8732	5.3284E-16
8734	5.3407E-16
8736	5.353E-16
8738	5.3554E-16
8740	5.353E-16
8742	5.3505E-16
8744	5.3481E-16
8746	5.3456E-16
8748	5.3432E-16
8750	5.3408E-16
8752	5.3482E-16
8754	5.3458E-16
8756	5.3482E-16
8758	5.3606E-16
8760	5.3581E-16
8762	5.3705E-16
8764	5.368E-16
8766	5.3607E-16
8768	5.3484E-16
8770	5.3263E-16
8772	5.2896E-16
8774	5.2678E-16
8776	5.2219E-16
8778	5.1812E-16
8780	5.1503E-16
8782	5.1007E-16
8784	5.061E-16
8786	5.0215E-16
8788	4.9962E-16
8790	4.9894E-16
8792	4.9871E-16
8794	5.0032E-16
8796	5.0472E-16
8798	5.0963E-16
8800	5.1411E-16
8802	5.1863E-16
8804	5.2368E-16
8806	5.2731E-16
8808	5.2999E-16
8810	5.3268E-16
8812	5.3441E-16
8814	5.3564E-16
8816	5.3589E-16
8818	5.3664E-16
8820	5.3541E-16
8822	5.3467E-16
8824	5.3295E-16
8826	5.3124E-16
8828	5.2905E-16
8830	5.2686E-16
8832	5.2517E-16
8834	5.23E-16
8836	5.2133E-16
8838	5.1965E-16
8840	5.1751E-16
8842	5.1632E-16
8844	5.1609E-16
8846	5.168E-16
8848	5.1657E-16
8850	5.1872E-16
8852	5.2136E-16
8854	5.2257E-16
8856	5.2233E-16
8858	5.221E-16
8860	5.2186E-16
8862	5.1684E-16
8864	5.1187E-16
8866	5.0695E-16
8868	4.9977E-16
8870	4.9314E-16
8872	4.8661E-16
8874	4.806E-16
8876	4.7554E-16
8878	4.7097E-16
8880	4.673E-16
8882	4.6323E-16
8884	4.5963E-16
8886	4.5857E-16
8888	4.5795E-16
8890	4.5774E-16
8892	4.6049E-16
8894	4.6412E-16
8896	4.6734E-16
8898	4.7188E-16
8900	4.7735E-16
8902	4.82E-16
8904	4.8624E-16
8906	4.9097E-16
8908	4.9529E-16
8910	4.9781E-16
8912	4.9989E-16
8914	5.015E-16
8916	5.0267E-16
8918	5.0383E-16
8920	5.0361E-16
8922	5.0384E-16
8924	5.0316E-16
8926	5.0293E-16
8928	5.0271E-16
8930	5.0201E-16
8932	5.0087E-16
8934	5.0064E-16
8936	5.0042E-16
8938	5.0111E-16
8940	4.9997E-16
8942	4.9929E-16
8944	4.9814E-16
8946	4.9747E-16
8948	4.9587E-16
8950	4.9519E-16
8952	4.9361E-16
8954	4.9157E-16
8956	4.9E-16
8958	4.8843E-16
8960	4.8776E-16
8962	4.8664E-16
8964	4.8732E-16
8966	4.8845E-16
8968	4.8913E-16
8970	4.9118E-16
8972	4.9322E-16
8974	4.9482E-16
8976	4.9688E-16
8978	4.9712E-16
8980	4.9827E-16
8982	4.9851E-16
8984	4.9783E-16
8986	4.9761E-16
8988	4.9647E-16
8990	4.9625E-16
8992	4.9603E-16
8994	4.9581E-16
8996	4.9696E-16
8998	4.9811E-16
9000	4.9835E-16
9002	4.9905E-16
9004	4.9929E-16
9006	4.9999E-16
9008	4.9976E-16
9010	5E-16
9012	4.9978E-16
9014	4.9772E-16
9016	4.9658E-16
9018	4.9545E-16
9020	4.925E-16
9022	4.8912E-16
9024	4.8621E-16
9026	4.8555E-16
9028	4.8399E-16
9030	4.8378E-16
9032	4.8357E-16
9034	4.8335E-16
9036	4.8314E-16
9038	4.8292E-16
9040	4.8271E-16
9042	4.825E-16
9044	4.8228E-16
9046	4.8207E-16
9048	4.8141E-16
9050	4.812E-16
9052	4.801E-16
9054	4.7945E-16
9056	4.7791E-16
9058	4.7638E-16
9060	4.7529E-16
9062	4.729E-16
9064	4.7096E-16
9066	4.6902E-16
9068	4.6752E-16
9070	4.6559E-16
9072	4.641E-16
9074	4.639E-16
9076	4.6498E-16
9078	4.652E-16
9080	4.6628E-16
9082	4.678E-16
9084	4.6975E-16
9086	4.6997E-16
9088	4.6934E-16
9090	4.6913E-16
9092	4.6806E-16
9094	4.6614E-16
9096	4.6465E-16
9098	4.6444E-16
9100	4.6424E-16
9102	4.6403E-16
9104	4.6511E-16
9106	4.6533E-16
9108	4.6642E-16
9110	4.6707E-16
9112	4.6687E-16
9114	4.658E-16
9116	4.656E-16
9118	4.6368E-16
9120	4.6178E-16
9122	4.603E-16
9124	4.5883E-16
9126	4.5694E-16
9128	4.5548E-16
9130	4.5528E-16
9132	4.5508E-16
9134	4.553E-16
9136	4.5636E-16
9138	4.5742E-16
9140	4.5849E-16
9142	4.5829E-16
9144	4.5724E-16
9146	4.5662E-16
9148	4.5475E-16
9150	4.5329E-16
9152	4.5143E-16
9154	4.4999E-16
9156	4.4937E-16
9158	4.4794E-16
9160	4.4898E-16
9162	4.492E-16
9164	4.4942E-16
9166	4.4922E-16
9168	4.4861E-16
9170	4.4842E-16
9172	4.4698E-16
9174	4.4638E-16
9176	4.4495E-16
9178	4.4353E-16
9180	4.4293E-16
9182	4.4152E-16
9184	4.4132E-16
9186	4.4113E-16
9188	4.4094E-16
9190	4.4197E-16
9192	4.4218E-16
9194	4.4321E-16
9196	4.4302E-16
9198	4.4323E-16
9200	4.4304E-16
