3200	2.005E-15
3201	2.1021E-15
3202	2.1696E-15
3203	2.1484E-15
3204	2.1176E-15
3205	1.9933E-15
3206	1.8797E-15
3207	1.9981E-15
3208	2.1279E-15
3209	2.1882E-15
3210	2.2439E-15
3211	2.2077E-15
3212	2.1502E-15
3213	2.1488E-15
3214	2.1793E-15
3215	2.2103E-15
3216	2.2418E-15
3217	2.2404E-15
3218	2.176E-15
3219	2.0979E-15
3220	1.962E-15
3221	1.8623E-15
3222	1.9741E-15
3223	2.0946E-15
3224	2.0419E-15
3225	1.9887E-15
3226	1.9929E-15
3227	2.0046E-15
3228	2.0425E-15
3229	2.0868E-15
3230	2.0569E-15
3231	1.974E-15
3232	1.9655E-15
3233	2.0343E-15
3234	2.1054E-15
3235	2.1791E-15
3236	2.208E-15
3237	2.0746E-15
3238	1.9655E-15
3239	2.0417E-15
3240	2.121E-15
3241	2.1871E-15
3242	2.2552E-15
3243	2.2622E-15
3244	2.2608E-15
3245	2.2594E-15
3246	2.2642E-15
3247	2.3134E-15
3248	2.3988E-15
3249	2.4262E-15
3250	2.3717E-15
3251	2.3463E-15
3252	2.3907E-15
3253	2.4202E-15
3254	2.412E-15
3255	2.4039E-15
3256	2.3848E-15
3257	2.3658E-15
3258	2.2873E-15
3259	2.2093E-15
3260	2.274E-15
3261	2.3797E-15
3262	2.3892E-15
3263	2.3442E-15
3264	2.3106E-15
3265	2.2754E-15
3266	2.2824E-15
3267	2.3514E-15
3268	2.3958E-15
3269	2.3878E-15
3270	2.3863E-15
3271	2.4247E-15
3272	2.4615E-15
3273	2.3085E-15
3274	2.169E-15
3275	2.2325E-15
3276	2.332E-15
3277	2.4158E-15
3278	2.5004E-15
3279	2.5011E-15
3280	2.4517E-15
3281	2.4322E-15
3282	2.4465E-15
3283	2.4631E-15
3284	2.4981E-15
3285	2.4966E-15
3286	2.3718E-15
3287	2.2595E-15
3288	2.221E-15
3289	2.1792E-15
3290	2.2596E-15
3291	2.343E-15
3292	2.3415E-15
3293	2.3229E-15
3294	2.3538E-15
3295	2.4094E-15
3296	2.428E-15
3297	2.4265E-15
3298	2.4317E-15
3299	2.446E-15
3300	2.4199E-15
3301	2.3074E-15
3302	2.2083E-15
3303	2.1311E-15
3304	2.0622E-15
3305	2.0974E-15
3306	2.1371E-15
3307	2.218E-15
3308	2.3104E-15
3309	2.3541E-15
3310	2.3832E-15
3311	2.4038E-15
3312	2.4268E-15
3313	2.4727E-15
3314	2.5428E-15
3315	2.5226E-15
3316	2.3528E-15
3317	2.2539E-15
3318	2.3242E-15
3319	2.3856E-15
3320	2.3623E-15
3321	2.3393E-15
3322	2.366E-15
3323	2.3953E-15
3324	2.2735E-15
3325	2.1322E-15
3326	2.0979E-15
3327	2.1024E-15
3328	2.2411E-15
3329	2.4969E-15
3330	2.5938E-15
3331	2.4619E-15
3332	2.4022E-15
3333	2.4794E-15
3334	2.538E-15
3335	2.5017E-15
3336	2.4681E-15
3337	2.384E-15
3338	2.307E-15
3339	2.3855E-15
3340	2.4804E-15
3341	2.454E-15
3342	2.3901E-15
3343	2.4353E-15
3344	2.5509E-15
3345	2.6087E-15
3346	2.6168E-15
3347	2.6128E-15
3348	2.5873E-15
3349	2.555E-15
3350	2.5022E-15
3351	2.4528E-15
3352	2.4356E-15
3353	2.4208E-15
3354	2.4552E-15
3355	2.4948E-15
3356	2.4614E-15
3357	2.415E-15
3358	2.4047E-15
3359	2.4143E-15
3360	2.3798E-15
3361	2.3093E-15
3362	2.2931E-15
3363	2.3516E-15
3364	2.3917E-15
3365	2.3881E-15
3366	2.3779E-15
3367	2.3224E-15
3368	2.2661E-15
3369	2.3196E-15
3370	2.3679E-15
3371	2.4083E-15
3372	2.4403E-15
3373	2.4911E-15
3374	2.5429E-15
3375	2.5484E-15
3376	2.5213E-15
3377	2.5036E-15
3378	2.5021E-15
3379	2.4914E-15
3380	2.4603E-15
3381	2.4431E-15
3382	2.4801E-15
3383	2.5178E-15
3384	2.507E-15
3385	2.494E-15
3386	2.472E-15
3387	2.4479E-15
3388	2.4397E-15
3389	2.4382E-15
3390	2.4078E-15
3391	2.3668E-15
3392	2.3785E-15
3393	2.4415E-15
3394	2.4785E-15
3395	2.4748E-15
3396	2.4665E-15
3397	2.4651E-15
3398	2.4659E-15
3399	2.5126E-15
3400	2.5578E-15
3401	2.5027E-15
3402	2.442E-15
3403	2.4271E-15
3404	2.419E-15
3405	2.4087E-15
3406	2.3918E-15
3407	2.3663E-15
3408	2.3282E-15
3409	2.3097E-15
3410	2.3105E-15
3411	2.3092E-15
3412	2.3142E-15
3413	2.3214E-15
3414	2.3545E-15
3415	2.388E-15
3416	2.3604E-15
3417	2.3288E-15
3418	2.349E-15
3419	2.3802E-15
3420	2.3354E-15
3421	2.2642E-15
3422	2.2943E-15
3423	2.4122E-15
3424	2.4806E-15
3425	2.4723E-15
3426	2.4709E-15
3427	2.4762E-15
3428	2.468E-15
3429	2.3817E-15
3430	2.3005E-15
3431	2.3419E-15
3432	2.3775E-15
3433	2.3937E-15
3434	2.4078E-15
3435	2.402E-15
3436	2.3851E-15
3437	2.3252E-15
3438	2.2377E-15
3439	2.1997E-15
3440	2.2146E-15
3441	2.2607E-15
3442	2.3856E-15
3443	2.5012E-15
3444	2.5275E-15
3445	2.5541E-15
3446	2.5061E-15
3447	2.4566E-15
3448	2.3993E-15
3449	2.339E-15
3450	2.3921E-15
3451	2.4919E-15
3452	2.5461E-15
3453	2.5635E-15
3454	2.5667E-15
3455	2.5511E-15
3456	2.5239E-15
3457	2.4719E-15
3458	2.4253E-15
3459	2.4172E-15
3460	2.4136E-15
3461	2.4821E-15
3462	2.5478E-15
3463	2.5557E-15
3464	2.559E-15
3465	2.5131E-15
3466	2.459E-15
3467	2.4128E-15
3468	2.3805E-15
3469	2.3945E-15
3470	2.4738E-15
3471	2.5276E-15
3472	2.5169E-15
3473	2.5131E-15
3474	2.5279E-15
3475	2.5451E-15
3476	2.6513E-15
3477	2.7594E-15
3478	2.705E-15
3479	2.6297E-15
3480	2.5874E-15
3481	2.5528E-15
3482	2.5279E-15
3483	2.5033E-15
3484	2.4973E-15
3485	2.5073E-15
3486	2.5291E-15
3487	2.5675E-15
3488	2.5994E-15
3489	2.5575E-15
3490	2.5163E-15
3491	2.5265E-15
3492	2.5297E-15
3493	2.5051E-15
3494	2.4784E-15
3495	2.5394E-15
3496	2.6283E-15
3497	2.6609E-15
3498	2.652E-15
3499	2.6505E-15
3500	2.6466E-15
3501	2.6378E-15
3502	2.6314E-15
3503	2.6299E-15
3504	2.6674E-15
3505	2.7005E-15
3506	2.699E-15
3507	2.6949E-15
3508	2.6394E-15
3509	2.585E-15
3510	2.5575E-15
3511	2.5396E-15
3512	2.501E-15
3513	2.4562E-15
3514	2.4234E-15
3515	2.4086E-15
3516	2.4251E-15
3517	2.5239E-15
3518	2.5979E-15
3519	2.5538E-15
3520	2.5034E-15
3521	2.5532E-15
3522	2.6064E-15
3523	2.6632E-15
3524	2.7236E-15
3525	2.7372E-15
3526	2.7306E-15
3527	2.719E-15
3528	2.7075E-15
3529	2.7134E-15
3530	2.7471E-15
3531	2.7837E-15
3532	2.8183E-15
3533	2.8427E-15
3534	2.8021E-15
3535	2.7596E-15
3536	2.7302E-15
3537	2.7036E-15
3538	2.7372E-15
3539	2.7865E-15
3540	2.767E-15
3541	2.7175E-15
3542	2.711E-15
3543	2.737E-15
3544	2.7304E-15
3545	2.6915E-15
3546	2.6628E-15
3547	2.6613E-15
3548	2.6598E-15
3549	2.6534E-15
3550	2.6495E-15
3551	2.6117E-15
3552	2.572E-15
3553	2.58E-15
3554	2.5953E-15
3555	2.5914E-15
3556	2.5733E-15
3557	2.5719E-15
3558	2.5871E-15
3559	2.569E-15
3560	2.5045E-15
3561	2.4619E-15
3562	2.4765E-15
3563	2.4911E-15
3564	2.4989E-15
3565	2.5044E-15
3566	2.4618E-15
3567	2.4155E-15
3568	2.3987E-15
3569	2.3907E-15
3570	2.4204E-15
3571	2.4731E-15
3572	2.4854E-15
3573	2.4522E-15
3574	2.4351E-15
3575	2.4517E-15
3576	2.4594E-15
3577	2.4422E-15
3578	2.4229E-15
3579	2.3599E-15
3580	2.2943E-15
3581	2.2909E-15
3582	2.2896E-15
3583	2.3852E-15
3584	2.5124E-15
3585	2.5885E-15
3586	2.6206E-15
3587	2.6458E-15
3588	2.6516E-15
3589	2.6673E-15
3590	2.7004E-15
3591	2.7239E-15
3592	2.7124E-15
3593	2.7034E-15
3594	2.747E-15
3595	2.7966E-15
3596	2.7516E-15
3597	2.6974E-15
3598	2.6638E-15
3599	2.6452E-15
3600	2.6098E-15
3601	2.5679E-15
3602	2.55E-15
3603	2.5556E-15
3604	2.5707E-15
3605	2.6098E-15
3606	2.6422E-15
3607	2.6578E-15
3608	2.6735E-15
3609	2.6622E-15
3610	2.6461E-15
3611	2.6519E-15
3612	2.6676E-15
3613	2.6662E-15
3614	2.65E-15
3615	2.6632E-15
3616	2.6963E-15
3617	2.7272E-15
3618	2.7459E-15
3619	2.7469E-15
3620	2.6903E-15
3621	2.6446E-15
3622	2.6603E-15
3623	2.6711E-15
3624	2.7017E-15
3625	2.7353E-15
3626	2.7237E-15
3627	2.7047E-15
3628	2.7132E-15
3629	2.7444E-15
3630	2.753E-15
3631	2.7439E-15
3632	2.7424E-15
3633	2.7688E-15
3634	2.7929E-15
3635	2.7811E-15
3636	2.7719E-15
3637	2.7374E-15
3638	2.7058E-15
3639	2.7495E-15
3640	2.8094E-15
3641	2.8627E-15
3642	2.9251E-15
3643	2.9235E-15
3644	2.8765E-15
3645	2.8381E-15
3646	2.8183E-15
3647	2.8064E-15
3648	2.836E-15
3649	2.866E-15
3650	2.8697E-15
3651	2.8814E-15
3652	2.8455E-15
3653	2.8101E-15
3654	2.8137E-15
3655	2.8304E-15
3656	2.8603E-15
3657	2.9038E-15
3658	2.9291E-15
3659	2.9383E-15
3660	2.9259E-15
3661	2.8762E-15
3662	2.8326E-15
3663	2.831E-15
3664	2.8295E-15
3665	2.8253E-15
3666	2.8238E-15
3667	2.7861E-15
3668	2.7489E-15
3669	2.7576E-15
3670	2.779E-15
3671	2.8083E-15
3672	2.8432E-15
3673	2.8575E-15
3674	2.8506E-15
3675	2.8438E-15
3676	2.824E-15
3677	2.8147E-15
3678	2.8523E-15
3679	2.8957E-15
3680	2.8676E-15
3681	2.8451E-15
3682	2.8252E-15
3683	2.8133E-15
3684	2.817E-15
3685	2.831E-15
3686	2.8662E-15
3687	2.9179E-15
3688	2.9433E-15
3689	2.9336E-15
3690	2.9132E-15
3691	2.8584E-15
3692	2.8099E-15
3693	2.8449E-15
3694	2.8802E-15
3695	2.8628E-15
3696	2.8403E-15
3697	2.8127E-15
3698	2.7828E-15
3699	2.7813E-15
3700	2.7901E-15
3701	2.7963E-15
3702	2.8025E-15
3703	2.8113E-15
3704	2.8358E-15
3705	2.8474E-15
3706	2.8249E-15
3707	2.7975E-15
3708	2.796E-15
3709	2.7868E-15
3710	2.7496E-15
3711	2.7104E-15
3712	2.6817E-15
3713	2.6581E-15
3714	2.6372E-15
3715	2.6116E-15
3716	2.603E-15
3717	2.6088E-15
3718	2.617E-15
3719	2.6325E-15
3720	2.6456E-15
3721	2.6224E-15
3722	2.6042E-15
3723	2.5765E-15
3724	2.5422E-15
3725	2.5268E-15
3726	2.5161E-15
3727	2.4734E-15
3728	2.4092E-15
3729	2.377E-15
3730	2.3692E-15
3731	2.3679E-15
3732	2.382E-15
3733	2.3895E-15
3734	2.3882E-15
3735	2.3913E-15
3736	2.448E-15
3737	2.5083E-15
3738	2.4839E-15
3739	2.4508E-15
3740	2.4248E-15
3741	2.4013E-15
3742	2.4066E-15
3743	2.4366E-15
3744	2.4533E-15
3745	2.4588E-15
3746	2.4802E-15
3747	2.5601E-15
3748	2.6353E-15
3749	2.6145E-15
3750	2.5963E-15
3751	2.6359E-15
3752	2.6785E-15
3753	2.7044E-15
3754	2.7304E-15
3755	2.7517E-15
3756	2.7757E-15
3757	2.7666E-15
3758	2.7221E-15
3759	2.7007E-15
3760	2.7293E-15
3761	2.7607E-15
3762	2.7924E-15
3763	2.8194E-15
3764	2.8361E-15
3765	2.8556E-15
3766	2.8646E-15
3767	2.8763E-15
3768	2.904E-15
3769	2.9401E-15
3770	2.9822E-15
3771	3.0277E-15
3772	3.0597E-15
3773	3.0637E-15
3774	3.0762E-15
3775	3.0859E-15
3776	3.0985E-15
3777	3.1112E-15
3778	3.1239E-15
3779	3.0794E-15
3780	3.0328E-15
3781	3.0117E-15
3782	2.9962E-15
3783	2.9892E-15
3784	2.9931E-15
3785	2.9777E-15
3786	2.9353E-15
3787	2.9042E-15
3788	2.892E-15
3789	2.8799E-15
3790	2.8863E-15
3791	2.8901E-15
3792	2.9207E-15
3793	2.9462E-15
3794	2.9582E-15
3795	2.9566E-15
3796	2.9415E-15
3797	2.9157E-15
3798	2.9141E-15
3799	2.9395E-15
3800	3.0793E-15
3801	3.0919E-15
3802	3.1045E-15
3803	3.1029E-15
3804	3.1013E-15
3805	3.0599E-15
3806	2.9915E-15
3807	2.9652E-15
3808	2.9828E-15
3809	3.0061E-15
3810	3.0239E-15
3811	3.0363E-15
3812	2.9684E-15
3813	2.8939E-15
3814	2.8712E-15
3815	2.8512E-15
3816	2.8132E-15
3817	2.7757E-15
3818	2.7488E-15
3819	2.7222E-15
3820	2.6934E-15
3821	2.6771E-15
3822	2.6585E-15
3823	2.6134E-15
3824	2.5762E-15
3825	2.5466E-15
3826	2.5173E-15
3827	2.5229E-15
3828	2.5309E-15
3829	2.5719E-15
3830	2.6111E-15
3831	2.6266E-15
3832	2.6349E-15
3833	2.6726E-15
3834	2.7159E-15
3835	2.7573E-15
3836	2.784E-15
3837	2.8186E-15
3838	2.838E-15
3839	2.8522E-15
3840	2.9064E-15
3841	2.9698E-15
3842	3.0514E-15
3843	3.1324E-15
3844	3.1656E-15
3845	3.1844E-15
3846	3.1945E-15
3847	3.1928E-15
3848	3.1912E-15
3849	3.1836E-15
3850	3.182E-15
3851	3.1862E-15
3852	3.1875E-15
3853	3.1976E-15
3854	3.2166E-15
3855	3.1884E-15
3856	3.1663E-15
3857	3.1617E-15
3858	3.1601E-15
3859	3.1818E-15
3860	3.2214E-15
3861	3.2406E-15
3862	3.2538E-15
3863	3.2582E-15
3864	3.2355E-15
3865	3.2131E-15
3866	3.1966E-15
3867	3.1833E-15
3868	3.1934E-15
3869	3.1976E-15
3870	3.1901E-15
3871	3.1825E-15
3872	3.1926E-15
3873	3.2116E-15
3874	3.2189E-15
3875	3.2024E-15
3876	3.1743E-15
3877	3.132E-15
3878	3.0875E-15
3879	3.0268E-15
3880	2.9727E-15
3881	2.9331E-15
3882	2.8994E-15
3883	2.8873E-15
3884	2.8805E-15
3885	2.879E-15
3886	2.8881E-15
3887	2.8946E-15
3888	2.9092E-15
3889	2.9292E-15
3890	2.9575E-15
3891	2.9833E-15
3892	3.0205E-15
3893	3.0525E-15
3894	3.065E-15
3895	3.0804E-15
3896	3.0817E-15
3897	3.0772E-15
3898	3.07E-15
3899	3.0628E-15
3900	3.0867E-15
3901	3.1251E-15
3902	3.167E-15
3903	3.1976E-15
3904	3.2107E-15
3905	3.2091E-15
3906	3.2074E-15
3907	3.1764E-15
3908	3.1486E-15
3909	3.1557E-15
3910	3.1598E-15
3911	3.1293E-15
3912	3.1019E-15
3913	3.086E-15
3914	3.0788E-15
3915	3.0378E-15
3916	2.9781E-15
3917	2.9168E-15
3918	2.8411E-15
3919	2.7674E-15
3920	2.6931E-15
3921	2.6087E-15
3922	2.49E-15
3923	2.3658E-15
3924	2.2603E-15
3925	2.1614E-15
3926	2.086E-15
3927	2.0263E-15
3928	2.0122E-15
3929	2.0242E-15
3930	2.0532E-15
3931	2.0923E-15
3932	2.1518E-15
3933	2.2729E-15
3934	2.3875E-15
3935	2.5126E-15
3936	2.6443E-15
3937	2.7472E-15
3938	2.8436E-15
3939	2.911E-15
3940	2.9664E-15
3941	3.0172E-15
3942	3.0548E-15
3943	3.0872E-15
3944	3.1056E-15
3945	3.1299E-15
3946	3.1283E-15
3947	3.121E-15
3948	3.1251E-15
3949	3.1322E-15
3950	3.1421E-15
3951	3.1492E-15
3952	3.139E-15
3953	3.1201E-15
3954	3.0616E-15
3955	2.9876E-15
3956	2.9101E-15
3957	2.8112E-15
3958	2.7056E-15
3959	2.6088E-15
3960	2.5225E-15
3961	2.4412E-15
3962	2.3713E-15
3963	2.3376E-15
3964	2.3086E-15
3965	2.331E-15
3966	2.3819E-15
3967	2.4745E-15
3968	2.5851E-15
3969	2.708E-15
3970	2.8343E-15
3971	2.9446E-15
3972	3.0367E-15
3973	3.126E-15
3974	3.1795E-15
3975	3.2281E-15
3976	3.2834E-15
3977	3.3459E-15
3978	3.397E-15
3979	3.4457E-15
3980	3.4662E-15
3981	3.4741E-15
3982	3.4851E-15
3983	3.4898E-15
3984	3.4688E-15
3985	3.4671E-15
3986	3.4781E-15
3987	3.5215E-15
3988	3.5589E-15
3989	3.5735E-15
3990	3.5849E-15
3991	3.593E-15
3992	3.5978E-15
3993	3.596E-15
3994	3.581E-15
3995	3.5792E-15
3996	3.5774E-15
3997	3.5658E-15
3998	3.5574E-15
3999	3.572E-15
4000	3.5834E-15
4001	3.5883E-15
4002	3.603E-15
4003	3.6245E-15
4004	3.6495E-15
4005	3.6713E-15
4006	3.6898E-15
4007	3.6981E-15
4008	3.7133E-15
4009	3.7252E-15
4010	3.7336E-15
4011	3.7386E-15
4012	3.7437E-15
4013	3.7349E-15
4014	3.7159E-15
4015	3.7004E-15
4016	3.6816E-15
4017	3.673E-15
4018	3.6677E-15
4019	3.6592E-15
4020	3.6574E-15
4021	3.6623E-15
4022	3.647E-15
4023	3.6218E-15
4024	3.6033E-15
4025	3.5949E-15
4026	3.6097E-15
4027	3.6279E-15
4028	3.6261E-15
4029	3.6277E-15
4030	3.6392E-15
4031	3.661E-15
4032	3.6524E-15
4033	3.6338E-15
4034	3.6153E-15
4035	3.6002E-15
4036	3.5885E-15
4037	3.5736E-15
4038	3.5718E-15
4039	3.5766E-15
4040	3.5913E-15
4041	3.5896E-15
4042	3.5878E-15
4043	3.586E-15
4044	3.5842E-15
4045	3.599E-15
4046	3.6205E-15
4047	3.6254E-15
4048	3.6236E-15
4049	3.6318E-15
4050	3.63E-15
4051	3.6282E-15
4052	3.6398E-15
4053	3.6447E-15
4054	3.6665E-15
4055	3.6884E-15
4056	3.69E-15
4057	3.6848E-15
4058	3.6525E-15
4059	3.6206E-15
4060	3.6022E-15
4061	3.5938E-15
4062	3.6053E-15
4063	3.6302E-15
4064	3.6519E-15
4065	3.64E-15
4066	3.6382E-15
4067	3.6431E-15
4068	3.6447E-15
4069	3.6496E-15
4070	3.6545E-15
4071	3.6696E-15
4072	3.6847E-15
4073	3.6999E-15
4074	3.7186E-15
4075	3.7339E-15
4076	3.7321E-15
4077	3.7406E-15
4078	3.7629E-15
4079	3.775E-15
4080	3.7836E-15
4081	3.7817E-15
4082	3.7938E-15
4083	3.8094E-15
4084	3.8006E-15
4085	3.7743E-15
4086	3.7379E-15
4087	3.7052E-15
4088	3.6796E-15
4089	3.6441E-15
4090	3.6289E-15
4091	3.6271E-15
4092	3.6153E-15
4093	3.5903E-15
4094	3.5655E-15
4095	3.5474E-15
4096	3.5392E-15
4097	3.5374E-15
4098	3.5455E-15
4099	3.5733E-15
4100	3.5781E-15
4101	3.5929E-15
4102	3.621E-15
4103	3.6427E-15
4104	3.6644E-15
4105	3.6795E-15
4106	3.6947E-15
4107	3.7168E-15
4108	3.739E-15
4109	3.7545E-15
4110	3.7769E-15
4111	3.789E-15
4112	3.7802E-15
4113	3.7783E-15
4114	3.7765E-15
4115	3.7747E-15
4116	3.7833E-15
4117	3.7954E-15
4118	3.8111E-15
4119	3.7987E-15
4120	3.7759E-15
4121	3.7568E-15
4122	3.7446E-15
4123	3.729E-15
4124	3.7341E-15
4125	3.7254E-15
4126	3.7133E-15
4127	3.7115E-15
4128	3.7029E-15
4129	3.7011E-15
4130	3.7232E-15
4131	3.7283E-15
4132	3.7196E-15
4133	3.7041E-15
4134	3.682E-15
4135	3.6599E-15
4136	3.6649E-15
4137	3.6631E-15
4138	3.6681E-15
4139	3.6731E-15
4140	3.6713E-15
4141	3.6729E-15
4142	3.6711E-15
4143	3.6694E-15
4144	3.6743E-15
4145	3.6895E-15
4146	3.7014E-15
4147	3.7235E-15
4148	3.7458E-15
4149	3.7717E-15
4150	3.7942E-15
4151	3.7924E-15
4152	3.7906E-15
4153	3.7783E-15
4154	3.7695E-15
4155	3.7747E-15
4156	3.7729E-15
4157	3.771E-15
4158	3.7692E-15
4159	3.7605E-15
4160	3.7587E-15
4161	3.7638E-15
4162	3.7863E-15
4163	3.8125E-15
4164	3.8107E-15
4165	3.7983E-15
4166	3.779E-15
4167	3.753E-15
4168	3.7339E-15
4169	3.7253E-15
4170	3.7166E-15
4171	3.7285E-15
4172	3.7371E-15
4173	3.7525E-15
4174	3.775E-15
4175	3.7801E-15
4176	3.7888E-15
4177	3.787E-15
4178	3.7747E-15
4179	3.7556E-15
4180	3.7538E-15
4181	3.7451E-15
4182	3.7364E-15
4183	3.7277E-15
4184	3.7328E-15
4185	3.7379E-15
4186	3.7465E-15
4187	3.7447E-15
4188	3.7394E-15
4189	3.7376E-15
4190	3.7359E-15
4191	3.7444E-15
4192	3.7495E-15
4193	3.7408E-15
4194	3.7287E-15
4195	3.727E-15
4196	3.7355E-15
4197	3.7475E-15
4198	3.7561E-15
4199	3.7716E-15
4200	3.7768E-15
4201	3.768E-15
4202	3.7628E-15
4203	3.7472E-15
4204	3.7281E-15
4205	3.7195E-15
4206	3.7246E-15
4207	3.7228E-15
4208	3.7211E-15
4209	3.7193E-15
4210	3.7107E-15
4211	3.7021E-15
4212	3.7072E-15
4213	3.7122E-15
4214	3.7208E-15
4215	3.7087E-15
4216	3.7001E-15
4217	3.6882E-15
4218	3.6729E-15
4219	3.6475E-15
4220	3.6291E-15
4221	3.6407E-15
4222	3.6491E-15
4223	3.6541E-15
4224	3.6557E-15
4225	3.6607E-15
4226	3.6657E-15
4227	3.6707E-15
4228	3.6859E-15
4229	3.708E-15
4230	3.7303E-15
4231	3.7526E-15
4232	3.7543E-15
4233	3.7491E-15
4234	3.7404E-15
4235	3.7318E-15
4236	3.73E-15
4237	3.718E-15
4238	3.7162E-15
4239	3.7247E-15
4240	3.7161E-15
4241	3.711E-15
4242	3.7092E-15
4243	3.7177E-15
4244	3.7091E-15
4245	3.704E-15
4246	3.7056E-15
4247	3.7107E-15
4248	3.709E-15
4249	3.714E-15
4250	3.7123E-15
4251	3.6969E-15
4252	3.685E-15
4253	3.6663E-15
4254	3.6511E-15
4255	3.6561E-15
4256	3.6713E-15
4257	3.6763E-15
4258	3.6814E-15
4259	3.6796E-15
4260	3.6644E-15
4261	3.6458E-15
4262	3.6274E-15
4263	3.609E-15
4264	3.6007E-15
4265	3.5924E-15
4266	3.6039E-15
4267	3.6122E-15
4268	3.6105E-15
4269	3.6088E-15
4270	3.6071E-15
4271	3.6188E-15
4272	3.6204E-15
4273	3.6187E-15
4274	3.617E-15
4275	3.622E-15
4276	3.627E-15
4277	3.6253E-15
4278	3.6336E-15
4279	3.6319E-15
4280	3.6202E-15
4281	3.5952E-15
4282	3.5639E-15
4283	3.5296E-15
4284	3.5053E-15
4285	3.4875E-15
4286	3.4731E-15
4287	3.4619E-15
4288	3.4412E-15
4289	3.4207E-15
4290	3.3908E-15
4291	3.3613E-15
4292	3.3289E-15
4293	3.2847E-15
4294	3.2411E-15
4295	3.2129E-15
4296	3.2025E-15
4297	3.1863E-15
4298	3.1586E-15
4299	3.1368E-15
4300	3.1209E-15
4301	3.1195E-15
4302	3.1238E-15
4303	3.1454E-15
4304	3.176E-15
4305	3.2098E-15
4306	3.2589E-15
4307	3.3088E-15
4308	3.3687E-15
4309	3.4203E-15
4310	3.4727E-15
4311	3.5161E-15
4312	3.5765E-15
4313	3.6346E-15
4314	3.6666E-15
4315	3.6886E-15
4316	3.7039E-15
4317	3.709E-15
4318	3.7244E-15
4319	3.7295E-15
4320	3.7381E-15
4321	3.7502E-15
4322	3.7658E-15
4323	3.771E-15
4324	3.7866E-15
4325	3.8023E-15
4326	3.8006E-15
4327	3.7883E-15
4328	3.7692E-15
4329	3.7432E-15
4330	3.7106E-15
4331	3.6851E-15
4332	3.6664E-15
4333	3.6479E-15
4334	3.6395E-15
4335	3.6311E-15
4336	3.6228E-15
4337	3.6211E-15
4338	3.6328E-15
4339	3.6479E-15
4340	3.6765E-15
4341	3.6986E-15
4342	3.7312E-15
4343	3.7709E-15
4344	3.8005E-15
4345	3.8163E-15
4346	3.8286E-15
4347	3.8269E-15
4348	3.8286E-15
4349	3.841E-15
4350	3.8569E-15
4351	3.8552E-15
4352	3.8605E-15
4353	3.8694E-15
4354	3.8819E-15
4355	3.873E-15
4356	3.8641E-15
4357	3.8623E-15
4358	3.8534E-15
4359	3.8516E-15
4360	3.857E-15
4361	3.8446E-15
4362	3.8287E-15
4363	3.8234E-15
4364	3.8252E-15
4365	3.8234E-15
4366	3.8217E-15
4367	3.8199E-15
4368	3.8323E-15
4369	3.8305E-15
4370	3.8217E-15
4371	3.8024E-15
4372	3.7937E-15
4373	3.785E-15
4374	3.7798E-15
4375	3.7641E-15
4376	3.7624E-15
4377	3.7676E-15
4378	3.7659E-15
4379	3.7711E-15
4380	3.7625E-15
4381	3.7538E-15
4382	3.7521E-15
4383	3.7573E-15
4384	3.7799E-15
4385	3.7956E-15
4386	3.8184E-15
4387	3.8414E-15
4388	3.8467E-15
4389	3.8485E-15
4390	3.8609E-15
4391	3.877E-15
4392	3.8752E-15
4393	3.8734E-15
4394	3.8788E-15
4395	3.8806E-15
4396	3.886E-15
4397	3.8843E-15
4398	3.8896E-15
4399	3.8951E-15
4400	3.8933E-15
4401	3.8951E-15
4402	3.8933E-15
4403	3.8987E-15
4404	3.8969E-15
4405	3.9096E-15
4406	3.9258E-15
4407	3.9421E-15
4408	3.9585E-15
4409	3.9641E-15
4410	3.9805E-15
4411	3.9934E-15
4412	3.9953E-15
4413	4.0082E-15
4414	4.0249E-15
4415	4.0379E-15
4416	4.0398E-15
4417	4.038E-15
4418	4.0362E-15
4419	4.0232E-15
4420	4.014E-15
4421	4.0196E-15
4422	4.0289E-15
4423	4.0419E-15
4424	4.0513E-15
4425	4.0308E-15
4426	4.0216E-15
4427	4.0272E-15
4428	4.0402E-15
4429	4.0421E-15
4430	4.0477E-15
4431	4.0534E-15
4432	4.0628E-15
4433	4.0535E-15
4434	4.0404E-15
4435	4.0386E-15
4436	4.0368E-15
4437	4.0424E-15
4438	4.0443E-15
4439	4.0499E-15
4440	4.0407E-15
4441	4.0351E-15
4442	4.0333E-15
4443	4.0315E-15
4444	4.0408E-15
4445	4.0465E-15
4446	4.0521E-15
4447	4.0503E-15
4448	4.0485E-15
4449	4.0318E-15
4450	4.0188E-15
4451	4.0023E-15
4452	3.9968E-15
4453	3.9987E-15
4454	4.0042E-15
4455	4.0098E-15
4456	4.008E-15
4457	4.0099E-15
4458	4.0229E-15
4459	4.0397E-15
4460	4.0565E-15
4461	4.0696E-15
4462	4.0753E-15
4463	4.0848E-15
4464	4.098E-15
4465	4.1E-15
4466	4.0868E-15
4467	4.0775E-15
4468	4.0681E-15
4469	4.0476E-15
4470	4.0458E-15
4471	4.0366E-15
4472	4.0496E-15
4473	4.0665E-15
4474	4.0647E-15
4475	4.0554E-15
4476	4.0424E-15
4477	4.0258E-15
4478	4.024E-15
4479	4.0222E-15
4480	4.0204E-15
4481	4.0186E-15
4482	4.0168E-15
4483	4.0224E-15
4484	4.0354E-15
4485	4.0522E-15
4486	4.0691E-15
4487	4.0786E-15
4488	4.0843E-15
4489	4.0825E-15
4490	4.0694E-15
4491	4.0676E-15
4492	4.0845E-15
4493	4.094E-15
4494	4.0922E-15
4495	4.0866E-15
4496	4.0848E-15
4497	4.0829E-15
4498	4.0661E-15
4499	4.0531E-15
4500	4.0364E-15
4501	4.0235E-15
4502	4.0143E-15
4503	4.031E-15
4504	4.0441E-15
4505	4.0535E-15
4506	4.0666E-15
4507	4.0648E-15
4508	4.0556E-15
4509	4.0538E-15
4510	4.0707E-15
4511	4.0689E-15
4512	4.0596E-15
4513	4.0578E-15
4514	4.0523E-15
4515	4.0505E-15
4516	4.0599E-15
4517	4.073E-15
4518	4.075E-15
4519	4.0732E-15
4520	4.0676E-15
4521	4.0509E-15
4522	4.0491E-15
4523	4.0622E-15
4524	4.0717E-15
4525	4.0699E-15
4526	4.0681E-15
4527	4.0551E-15
4528	4.0458E-15
4529	4.0552E-15
4530	4.0684E-15
4531	4.0929E-15
4532	4.1024E-15
4533	4.1082E-15
4534	4.1064E-15
4535	4.1159E-15
4536	4.1293E-15
4537	4.1085E-15
4538	4.0803E-15
4539	4.0635E-15
4540	4.0692E-15
4541	4.0749E-15
4542	4.0769E-15
4543	4.0901E-15
4544	4.0883E-15
4545	4.079E-15
4546	4.0847E-15
4547	4.0942E-15
4548	4.0924E-15
4549	4.0868E-15
4550	4.0851E-15
4551	4.087E-15
4552	4.0928E-15
4553	4.091E-15
4554	4.0967E-15
4555	4.1025E-15
4556	4.1007E-15
4557	4.1026E-15
4558	4.116E-15
4559	4.1142E-15
4560	4.1124E-15
4561	4.103E-15
4562	4.0899E-15
4563	4.0881E-15
4564	4.0788E-15
4565	4.0695E-15
4566	4.0752E-15
4567	4.0734E-15
4568	4.0829E-15
4569	4.1037E-15
4570	4.1057E-15
4571	4.1115E-15
4572	4.0908E-15
4573	4.0627E-15
4574	4.0535E-15
4575	4.0517E-15
4576	4.0499E-15
4577	4.0744E-15
4578	4.0876E-15
4579	4.0708E-15
4580	4.0615E-15
4581	4.0747E-15
4582	4.0918E-15
4583	4.09E-15
4584	4.0957E-15
4585	4.0864E-15
4586	4.0846E-15
4587	4.1017E-15
4588	4.1264E-15
4589	4.1322E-15
4590	4.1115E-15
4591	4.1021E-15
4592	4.1003E-15
4593	4.1061E-15
4594	4.1232E-15
4595	4.129E-15
4596	4.1196E-15
4597	4.1179E-15
4598	4.1085E-15
4599	4.0954E-15
4600	4.0936E-15
4601	4.0918E-15
4602	4.09E-15
4603	4.0807E-15
4604	4.0865E-15
4605	4.0847E-15
4606	4.0829E-15
4607	4.1E-15
4608	4.1171E-15
4609	4.1078E-15
4610	4.1022E-15
4611	4.0741E-15
4612	4.0536E-15
4613	4.0519E-15
4614	4.0538E-15
4615	4.0708E-15
4616	4.0916E-15
4617	4.1011E-15
4618	4.0993E-15
4619	4.0976E-15
4620	4.0958E-15
4621	4.0865E-15
4622	4.0847E-15
4623	4.0905E-15
4624	4.0962E-15
4625	4.1134E-15
4626	4.1192E-15
4627	4.1174E-15
4628	4.108E-15
4629	4.1063E-15
4630	4.0932E-15
4631	4.0914E-15
4632	4.0896E-15
4633	4.0879E-15
4634	4.0861E-15
4635	4.1032E-15
4636	4.1203E-15
4637	4.1262E-15
4638	4.1358E-15
4639	4.134E-15
4640	4.1322E-15
4641	4.1304E-15
4642	4.1173E-15
4643	4.1079E-15
4644	4.1137E-15
4645	4.1196E-15
4646	4.1216E-15
4647	4.1198E-15
4648	4.118E-15
4649	4.1162E-15
4650	4.1297E-15
4651	4.2279E-15
4652	4.2456E-15
4653	4.2438E-15
4654	4.2342E-15
4655	4.2285E-15
4656	4.2111E-15
4657	4.2093E-15
4658	4.2075E-15
4659	4.2057E-15
4660	4.2039E-15
4661	4.2098E-15
4662	4.2196E-15
4663	4.2178E-15
4664	4.2044E-15
4665	4.2026E-15
4666	4.2008E-15
4667	4.2106E-15
4668	4.2166E-15
4669	4.2225E-15
4670	4.2129E-15
4671	4.2111E-15
4672	4.2171E-15
4673	4.2348E-15
4674	4.2408E-15
4675	4.2507E-15
4676	4.2488E-15
4677	4.2392E-15
4678	4.2257E-15
4679	4.1968E-15
4680	4.1757E-15
4681	4.2009E-15
4682	4.2263E-15
4683	4.2557E-15
4684	4.2814E-15
4685	4.2521E-15
4686	4.2191E-15
4687	4.1902E-15
4688	4.1691E-15
4689	4.1674E-15
4690	4.1848E-15
4691	4.183E-15
4692	4.1544E-15
4693	4.1335E-15
4694	4.109E-15
4695	4.0959E-15
4696	4.1206E-15
4697	4.1455E-15
4698	4.1706E-15
4699	4.1957E-15
4700	4.1785E-15
4702	4.1101E-15
4704	4.118E-15
4706	4.1145E-15
4708	4.1186E-15
4710	4.1151E-15
4712	4.1192E-15
4714	4.1157E-15
4716	4.1046E-15
4718	4.1011E-15
4720	4.1052E-15
4722	4.1017E-15
4724	4.1058E-15
4726	4.1061E-15
4728	4.1027E-15
4730	4.0954E-15
4732	4.092E-15
4734	4.081E-15
4736	4.0775E-15
4738	4.0741E-15
4740	4.0782E-15
4742	4.0785E-15
4744	4.0825E-15
4746	4.0904E-15
4748	4.102E-15
4750	4.1061E-15
4752	4.114E-15
4754	4.1257E-15
4756	4.1261E-15
4758	4.1302E-15
4760	4.1343E-15
4762	4.1309E-15
4764	4.135E-15
4766	4.1353E-15
4768	4.1395E-15
4770	4.1436E-15
4772	4.144E-15
4774	4.1482E-15
4776	4.1523E-15
4778	4.1565E-15
4780	4.153E-15
4782	4.1419E-15
4784	4.1384E-15
4786	4.1274E-15
4788	4.1239E-15
4790	4.1205E-15
4792	4.1171E-15
4794	4.1212E-15
4796	4.1178E-15
4798	4.1219E-15
4800	4.1223E-15
4802	4.1264E-15
4804	4.1306E-15
4806	4.1272E-15
4808	4.1313E-15
4810	4.1317E-15
4812	4.1359E-15
4814	4.1401E-15
4816	4.1366E-15
4818	4.1332E-15
4820	4.1298E-15
4822	4.1188E-15
4824	4.104E-15
4826	4.093E-15
4828	4.0972E-15
4830	4.0976E-15
4832	4.1017E-15
4834	4.1135E-15
4836	4.1214E-15
4838	4.1332E-15
4840	4.1336E-15
4842	4.1302E-15
4844	4.1268E-15
4846	4.112E-15
4848	4.101E-15
4850	4.0864E-15
4852	4.068E-15
4854	4.0459E-15
4856	4.0277E-15
4858	4.0244E-15
4860	4.0285E-15
4862	4.0326E-15
4864	4.0479E-15
4866	4.0708E-15
4868	4.0937E-15
4870	4.1244E-15
4872	4.1515E-15
4874	4.1826E-15
4876	4.2062E-15
4878	4.23E-15
4880	4.2538E-15
4882	4.2503E-15
4884	4.2469E-15
4886	4.2356E-15
4888	4.2321E-15
4890	4.217E-15
4892	4.2135E-15
4894	4.2024E-15
4896	4.1989E-15
4898	4.1955E-15
4900	4.1921E-15
4902	4.1886E-15
4904	4.1775E-15
4906	4.1741E-15
4908	4.1631E-15
4910	4.1597E-15
4912	4.1563E-15
4914	4.1605E-15
4916	4.1572E-15
4918	4.1538E-15
4920	4.1504E-15
4922	4.147E-15
4924	4.1437E-15
4926	4.1479E-15
4928	4.1446E-15
4930	4.1488E-15
4932	4.1455E-15
4934	4.1459E-15
4936	4.1502E-15
4938	4.1621E-15
4940	4.1626E-15
4942	4.1669E-15
4944	4.1636E-15
4946	4.1602E-15
4948	4.1645E-15
4950	4.1611E-15
4952	4.1654E-15
4954	4.1659E-15
4956	4.1702E-15
4958	4.1745E-15
4960	4.1712E-15
4962	4.1678E-15
4964	4.1644E-15
4966	4.1534E-15
4968	4.1501E-15
4970	4.1468E-15
4972	4.1434E-15
4974	4.1401E-15
4976	4.1368E-15
4978	4.141E-15
4980	4.1377E-15
4982	4.1459E-15
4984	4.1425E-15
4986	4.1468E-15
4988	4.1511E-15
4990	4.1593E-15
4992	4.1636E-15
4994	4.168E-15
4996	4.1646E-15
4998	4.1613E-15
5000	4.1618E-15
5002	4.1585E-15
5004	4.1628E-15
5006	4.1595E-15
5008	4.1562E-15
5010	4.1605E-15
5012	4.1572E-15
5014	4.1654E-15
5016	4.1697E-15
5018	4.1741E-15
5020	4.1707E-15
5022	4.1674E-15
5024	4.1641E-15
5026	4.1608E-15
5028	4.1575E-15
5030	4.1542E-15
5032	4.1509E-15
5034	4.1476E-15
5036	4.1443E-15
5038	4.1486E-15
5040	4.1491E-15
5042	4.1459E-15
5044	4.1426E-15
5046	4.1469E-15
5048	4.1513E-15
5050	4.148E-15
5052	4.1485E-15
5054	4.1529E-15
5056	4.1573E-15
5058	4.154E-15
5060	4.1583E-15
5062	4.155E-15
5064	4.1556E-15
5066	4.16E-15
5068	4.1567E-15
5070	4.1534E-15
5072	4.1501E-15
5074	4.1469E-15
5076	4.1436E-15
5078	4.1403E-15
5080	4.1447E-15
5082	4.1491E-15
5084	4.1458E-15
5086	4.154E-15
5088	4.1507E-15
5090	4.1551E-15
5092	4.1519E-15
5094	4.1486E-15
5096	4.153E-15
5098	4.1421E-15
5100	4.1389E-15
5102	4.1356E-15
5104	4.14E-15
5106	4.1405E-15
5108	4.1449E-15
5110	4.1493E-15
5112	4.1537E-15
5114	4.1543E-15
5116	4.1587E-15
5118	4.1555E-15
5120	4.1522E-15
5122	4.149E-15
5124	4.1534E-15
5126	4.1502E-15
5128	4.1393E-15
5130	4.136E-15
5132	4.1328E-15
5134	4.1296E-15
5136	4.1188E-15
5138	4.1156E-15
5140	4.1124E-15
5142	4.1092E-15
5144	4.106E-15
5146	4.1028E-15
5148	4.0996E-15
5150	4.0964E-15
5152	4.0932E-15
5154	4.0863E-15
5156	4.0831E-15
5158	4.0725E-15
5160	4.0618E-15
5162	4.0512E-15
5164	4.0481E-15
5166	4.0412E-15
5168	4.0381E-15
5170	4.035E-15
5172	4.0318E-15
5174	4.0324E-15
5176	4.0368E-15
5178	4.0411E-15
5180	4.0491E-15
5182	4.0609E-15
5184	4.0765E-15
5186	4.0922E-15
5188	4.1041E-15
5190	4.1123E-15
5192	4.1243E-15
5194	4.1325E-15
5196	4.137E-15
5198	4.1414E-15
5200	4.142E-15
5202	4.1388E-15
5204	4.1357E-15
5206	4.1401E-15
5208	4.1369E-15
5210	4.1337E-15
5212	4.1382E-15
5214	4.1388E-15
5216	4.1433E-15
5218	4.1477E-15
5220	4.1522E-15
5222	4.149E-15
5224	4.1573E-15
5226	4.1618E-15
5228	4.1663E-15
5230	4.1631E-15
5232	4.1638E-15
5234	4.1606E-15
5236	4.1536E-15
5238	4.1504E-15
5240	4.1396E-15
5242	4.1441E-15
5244	4.1409E-15
5246	4.1416E-15
5248	4.1384E-15
5250	4.1353E-15
5252	4.1397E-15
5254	4.1366E-15
5256	4.141E-15
5258	4.1379E-15
5260	4.1347E-15
5262	4.1392E-15
5264	4.1361E-15
5266	4.1367E-15
5268	4.1412E-15
5270	4.1381E-15
5272	4.1426E-15
5274	4.1509E-15
5276	4.1554E-15
5278	4.1522E-15
5280	4.1491E-15
5282	4.1536E-15
5284	4.1504E-15
5286	4.1473E-15
5288	4.148E-15
5290	4.1449E-15
5292	4.1417E-15
5294	4.1386E-15
5296	4.1355E-15
5298	4.1324E-15
5300	4.1254E-15
5302	4.1261E-15
5304	4.1306E-15
5306	4.1275E-15
5308	4.1244E-15
5310	4.1289E-15
5312	4.1258E-15
5314	4.1226E-15
5316	4.1271E-15
5318	4.124E-15
5320	4.1209E-15
5322	4.1178E-15
5324	4.1185E-15
5326	4.123E-15
5328	4.12E-15
5330	4.1244E-15
5332	4.1214E-15
5334	4.1297E-15
5336	4.1266E-15
5338	4.1311E-15
5340	4.128E-15
5342	4.1325E-15
5344	4.1294E-15
5346	4.1263E-15
5348	4.1232E-15
5350	4.1201E-15
5352	4.1171E-15
5354	4.1216E-15
5356	4.1223E-15
5358	4.1268E-15
5360	4.1313E-15
5362	4.1283E-15
5364	4.129E-15
5366	4.1335E-15
5368	4.1304E-15
5370	4.135E-15
5372	4.1319E-15
5374	4.1364E-15
5376	4.1333E-15
5378	4.1303E-15
5380	4.1272E-15
5382	4.1241E-15
5384	4.1135E-15
5386	4.1104E-15
5388	4.1074E-15
5390	4.1043E-15
5392	4.1013E-15
5394	4.1058E-15
5396	4.1028E-15
5398	4.1035E-15
5400	4.108E-15
5402	4.1126E-15
5404	4.1171E-15
5406	4.1178E-15
5408	4.1224E-15
5410	4.1269E-15
5412	4.1239E-15
5414	4.1208E-15
5416	4.1178E-15
5418	4.1147E-15
5420	4.1117E-15
5422	4.1087E-15
5424	4.1056E-15
5426	4.1026E-15
5428	4.1071E-15
5430	4.1041E-15
5432	4.1011E-15
5434	4.1019E-15
5436	4.0988E-15
5438	4.0958E-15
5440	4.1004E-15
5442	4.0973E-15
5444	4.0943E-15
5446	4.0989E-15
5448	4.0959E-15
5450	4.1004E-15
5452	4.1012E-15
5454	4.0982E-15
5456	4.1027E-15
5458	4.0997E-15
5460	4.1043E-15
5462	4.1013E-15
5464	4.102E-15
5466	4.1066E-15
5468	4.1036E-15
5470	4.1081E-15
5472	4.1051E-15
5474	4.1021E-15
5476	4.0991E-15
5478	4.1037E-15
5480	4.1007E-15
5482	4.0977E-15
5484	4.0985E-15
5486	4.0955E-15
5488	4.1001E-15
5490	4.1047E-15
5492	4.1017E-15
5494	4.1062E-15
5496	4.1032E-15
5498	4.104E-15
5500	4.1086E-15
5502	4.1056E-15
5504	4.1026E-15
5506	4.1072E-15
5508	4.1042E-15
5510	4.1012E-15
5512	4.1058E-15
5514	4.1029E-15
5516	4.0999E-15
5518	4.0969E-15
5520	4.0977E-15
5522	4.0948E-15
5524	4.0993E-15
5526	4.0964E-15
5528	4.0934E-15
5530	4.098E-15
5532	4.095E-15
5534	4.0996E-15
5536	4.1004E-15
5538	4.0975E-15
5540	4.0945E-15
5542	4.0991E-15
5544	4.0961E-15
5546	4.1007E-15
5548	4.0978E-15
5550	4.0948E-15
5552	4.0919E-15
5554	4.0889E-15
5556	4.086E-15
5558	4.083E-15
5560	4.0801E-15
5562	4.0772E-15
5564	4.078E-15
5566	4.0751E-15
5568	4.0721E-15
5570	4.0767E-15
5572	4.0738E-15
5574	4.0784E-15
5576	4.0754E-15
5578	4.08E-15
5580	4.0809E-15
5582	4.0855E-15
5584	4.0825E-15
5586	4.0871E-15
5588	4.0842E-15
5590	4.0813E-15
5592	4.0859E-15
5594	4.0867E-15
5596	4.0838E-15
5598	4.0809E-15
5600	4.078E-15
5602	4.0826E-15
5604	4.0797E-15
5606	4.0843E-15
5608	4.0814E-15
5610	4.0709E-15
5612	4.068E-15
5614	4.0651E-15
5616	4.0622E-15
5618	4.0594E-15
5620	4.0565E-15
5622	4.0536E-15
5624	4.0582E-15
5626	4.0553E-15
5628	4.0599E-15
5630	4.0607E-15
5632	4.0578E-15
5634	4.0624E-15
5636	4.0596E-15
5638	4.0641E-15
5640	4.0613E-15
5642	4.0659E-15
5644	4.0667E-15
5646	4.0639E-15
5648	4.061E-15
5650	4.0581E-15
5652	4.0552E-15
5654	4.0487E-15
5656	4.0458E-15
5658	4.0429E-15
5660	4.0438E-15
5662	4.0409E-15
5664	4.0381E-15
5666	4.0427E-15
5668	4.0398E-15
5670	4.0444E-15
5672	4.0415E-15
5674	4.0387E-15
5676	4.0359E-15
5678	4.0367E-15
5680	4.0339E-15
5682	4.0385E-15
5684	4.0356E-15
5686	4.0328E-15
5688	4.03E-15
5690	4.0271E-15
5692	4.0243E-15
5694	4.0289E-15
5696	4.0261E-15
5698	4.0232E-15
5700	4.0204E-15
5702	4.025E-15
5704	4.0222E-15
5706	4.0194E-15
5708	4.0165E-15
5710	4.0137E-15
5712	4.0109E-15
5714	4.0081E-15
5716	4.0053E-15
5718	4.0025E-15
5720	4.0034E-15
5722	4.0006E-15
5724	4.0052E-15
5726	4.0024E-15
5728	4.007E-15
5730	4.0042E-15
5732	4.0087E-15
5734	4.0096E-15
5736	4.0068E-15
5738	4.0114E-15
5740	4.0086E-15
5742	4.0132E-15
5744	4.0104E-15
5746	4.0077E-15
5748	4.0049E-15
5750	4.0021E-15
5752	3.9993E-15
5754	4.0039E-15
5756	4.0048E-15
5758	4.002E-15
5760	3.9992E-15
5762	4.0038E-15
5764	4.001E-15
5766	3.9983E-15
5768	4.0029E-15
5770	4.0001E-15
5772	3.9973E-15
5774	3.9982E-15
5776	4.0028E-15
5778	4E-15
5780	3.9973E-15
5782	3.9945E-15
5784	3.9844E-15
5786	3.9816E-15
5788	3.9752E-15
5790	3.9761E-15
5792	3.9807E-15
5794	3.978E-15
5796	3.9826E-15
5798	3.9872E-15
5800	3.9881E-15
5802	3.9927E-15
5804	3.9899E-15
5806	3.9872E-15
5808	3.9918E-15
5810	3.989E-15
5812	3.9863E-15
5814	3.9835E-15
5816	3.9882E-15
5818	3.9854E-15
5820	3.9827E-15
5822	3.9799E-15
5824	3.9772E-15
5826	3.9745E-15
5828	3.9717E-15
5830	3.969E-15
5832	3.9699E-15
5834	3.9746E-15
5836	3.9718E-15
5838	3.9764E-15
5840	3.981E-15
5842	3.982E-15
5844	3.9792E-15
5846	3.9838E-15
5848	3.9811E-15
5850	3.9784E-15
5852	3.9757E-15
5854	3.973E-15
5856	3.9702E-15
5858	3.9675E-15
5860	3.9648E-15
5862	3.9621E-15
5864	3.9594E-15
5866	3.9494E-15
5868	3.9467E-15
5870	3.9441E-15
5872	3.9414E-15
5874	3.9387E-15
5876	3.936E-15
5878	3.9333E-15
5880	3.9379E-15
5882	3.9352E-15
5884	3.9325E-15
5886	3.9299E-15
5888	3.9272E-15
5890	3.9245E-15
5892	3.9291E-15
5894	3.9264E-15
5896	3.931E-15
5898	3.932E-15
5900	3.9293E-15
5902	3.9339E-15
5904	3.9312E-15
5906	3.9358E-15
5908	3.9331E-15
5910	3.9341E-15
5912	3.9314E-15
5914	3.9288E-15
5916	3.9334E-15
5918	3.9235E-15
5920	3.9208E-15
5922	3.9254E-15
5924	3.9227E-15
5926	3.9201E-15
5928	3.9174E-15
5930	3.922E-15
5932	3.9194E-15
5934	3.9167E-15
5936	3.9141E-15
5938	3.9115E-15
5940	3.9088E-15
5942	3.9062E-15
5944	3.9108E-15
5946	3.9081E-15
5948	3.9091E-15
5950	3.9137E-15
5952	3.9111E-15
5954	3.9156E-15
5956	3.9202E-15
5958	3.9176E-15
5960	3.9186E-15
5962	3.9232E-15
5964	3.9205E-15
5966	3.9179E-15
5968	3.9153E-15
5970	3.9199E-15
5972	3.9172E-15
5974	3.9218E-15
5976	3.9228E-15
5978	3.9202E-15
5980	3.9176E-15
5982	3.915E-15
5984	3.9123E-15
5986	3.9097E-15
5988	3.9035E-15
5990	3.9045E-15
5992	3.9019E-15
5994	3.8993E-15
5996	3.9039E-15
5998	3.9085E-15
6000	3.9059E-15
6002	3.9105E-15
6004	3.9115E-15
6006	3.9161E-15
6008	3.9135E-15
6010	3.9108E-15
6012	3.9154E-15
6014	3.9128E-15
6016	3.9102E-15
6018	3.9113E-15
6020	3.9087E-15
6022	3.9061E-15
6024	3.9035E-15
6026	3.9009E-15
6028	3.8983E-15
6030	3.8921E-15
6032	3.8931E-15
6034	3.8977E-15
6036	3.9023E-15
6038	3.8997E-15
6040	3.9043E-15
6042	3.9017E-15
6044	3.8992E-15
6046	3.8966E-15
6048	3.8976E-15
6050	3.8914E-15
6052	3.8889E-15
6054	3.8791E-15
6056	3.8766E-15
6058	3.874E-15
6060	3.8715E-15
6062	3.8689E-15
6064	3.8735E-15
6066	3.8709E-15
6068	3.8684E-15
6070	3.8694E-15
6072	3.874E-15
6074	3.8786E-15
6076	3.8831E-15
6078	3.8842E-15
6080	3.8816E-15
6082	3.8791E-15
6084	3.8837E-15
6086	3.8811E-15
6088	3.8786E-15
6090	3.876E-15
6092	3.8735E-15
6094	3.8709E-15
6096	3.8755E-15
6098	3.873E-15
6100	3.8776E-15
6102	3.8786E-15
6104	3.8761E-15
6106	3.8735E-15
6108	3.871E-15
6110	3.8685E-15
6112	3.8659E-15
6114	3.8634E-15
6116	3.8609E-15
6118	3.8584E-15
6120	3.8629E-15
6122	3.8604E-15
6124	3.8579E-15
6126	3.8625E-15
6128	3.86E-15
6130	3.8574E-15
6132	3.862E-15
6134	3.8595E-15
6136	3.857E-15
6138	3.8545E-15
6140	3.8449E-15
6142	3.8424E-15
6144	3.8328E-15
6146	3.8303E-15
6148	3.8278E-15
6150	3.8253E-15
6152	3.8299E-15
6154	3.838E-15
6156	3.8426E-15
6158	3.8401E-15
6160	3.8447E-15
6162	3.8528E-15
6164	3.8574E-15
6166	3.8549E-15
6168	3.8595E-15
6170	3.8606E-15
6172	3.8652E-15
6174	3.8627E-15
6176	3.8602E-15
6178	3.8577E-15
6180	3.8552E-15
6182	3.8527E-15
6184	3.8502E-15
6186	3.8406E-15
6188	3.8381E-15
6190	3.8356E-15
6192	3.8332E-15
6194	3.8307E-15
6196	3.8282E-15
6198	3.8328E-15
6200	3.8303E-15
6202	3.8279E-15
6204	3.8254E-15
6206	3.8229E-15
6208	3.8275E-15
6210	3.825E-15
6212	3.8226E-15
6214	3.8272E-15
6216	3.8282E-15
6218	3.8258E-15
6220	3.8233E-15
6222	3.8209E-15
6224	3.8184E-15
6226	3.816E-15
6228	3.8135E-15
6230	3.8111E-15
6232	3.8086E-15
6234	3.8062E-15
6236	3.8037E-15
6238	3.8083E-15
6240	3.8059E-15
6242	3.8034E-15
6244	3.801E-15
6246	3.7985E-15
6248	3.7961E-15
6250	3.8007E-15
6252	3.7982E-15
6254	3.7958E-15
6256	3.8004E-15
6258	3.8015E-15
6260	3.799E-15
6262	3.8036E-15
6264	3.8082E-15
6266	3.8093E-15
6268	3.8033E-15
6270	3.8009E-15
6272	3.7985E-15
6274	3.796E-15
6276	3.7867E-15
6278	3.7842E-15
6280	3.7818E-15
6282	3.7725E-15
6284	3.7701E-15
6286	3.7677E-15
6288	3.7722E-15
6290	3.7698E-15
6292	3.7674E-15
6294	3.765E-15
6296	3.7626E-15
6298	3.7602E-15
6300	3.7579E-15
6302	3.7555E-15
6304	3.76E-15
6306	3.7576E-15
6308	3.7552E-15
6310	3.7563E-15
6312	3.7609E-15
6314	3.7654E-15
6316	3.763E-15
6318	3.7676E-15
6320	3.7687E-15
6322	3.7732E-15
6324	3.7708E-15
6326	3.7754E-15
6328	3.773E-15
6330	3.7706E-15
6332	3.7682E-15
6334	3.7659E-15
6336	3.7704E-15
6338	3.768E-15
6340	3.7657E-15
6342	3.7668E-15
6344	3.7644E-15
6346	3.769E-15
6348	3.7666E-15
6350	3.7712E-15
6352	3.7688E-15
6354	3.7664E-15
6356	3.771E-15
6358	3.7686E-15
6360	3.7697E-15
6362	3.7673E-15
6364	3.765E-15
6366	3.7695E-15
6368	3.7672E-15
6370	3.7648E-15
6372	3.7624E-15
6374	3.7601E-15
6376	3.7577E-15
6378	3.7554E-15
6380	3.753E-15
6382	3.7506E-15
6384	3.7483E-15
6386	3.7459E-15
6388	3.7436E-15
6390	3.7482E-15
6392	3.7458E-15
6394	3.7435E-15
6396	3.7515E-15
6398	3.7491E-15
6400	3.7537E-15
6402	3.7514E-15
6404	3.7559E-15
6406	3.7536E-15
6408	3.7512E-15
6410	3.7489E-15
6412	3.7466E-15
6414	3.7442E-15
6416	3.7419E-15
6418	3.7396E-15
6420	3.7304E-15
6422	3.728E-15
6424	3.7257E-15
6426	3.7234E-15
6428	3.7211E-15
6430	3.7188E-15
6432	3.7233E-15
6434	3.7244E-15
6436	3.729E-15
6438	3.7335E-15
6440	3.7312E-15
6442	3.7358E-15
6444	3.7334E-15
6446	3.7346E-15
6448	3.7322E-15
6450	3.7299E-15
6452	3.7242E-15
6454	3.7219E-15
6456	3.7196E-15
6458	3.7104E-15
6460	3.7081E-15
6462	3.7058E-15
6464	3.6967E-15
6466	3.6944E-15
6468	3.6922E-15
6470	3.6899E-15
6472	3.6876E-15
6474	3.6921E-15
6476	3.6898E-15
6478	3.6876E-15
6480	3.6853E-15
6482	3.683E-15
6484	3.6875E-15
6486	3.6853E-15
6488	3.683E-15
6490	3.6807E-15
6492	3.6717E-15
6494	3.6694E-15
6496	3.6671E-15
6498	3.6649E-15
6500	3.6559E-15
6502	3.6469E-15
6504	3.6413E-15
6506	3.6324E-15
6508	3.6201E-15
6510	3.6046E-15
6512	3.5958E-15
6514	3.5837E-15
6516	3.5749E-15
6518	3.5661E-15
6520	3.5606E-15
6522	3.5584E-15
6524	3.5497E-15
6526	3.5475E-15
6528	3.5388E-15
6530	3.5367E-15
6532	3.528E-15
6534	3.5161E-15
6536	3.501E-15
6538	3.4892E-15
6540	3.4711E-15
6542	3.4467E-15
6544	3.4224E-15
6546	3.3921E-15
6548	3.3682E-15
6550	3.3415E-15
6552	3.318E-15
6554	3.3038E-15
6556	3.2866E-15
6558	3.2785E-15
6560	3.2826E-15
6562	3.2806E-15
6564	3.2937E-15
6566	3.3069E-15
6568	3.3262E-15
6570	3.3457E-15
6572	3.3715E-15
6574	3.3975E-15
6576	3.4206E-15
6578	3.4406E-15
6580	3.4671E-15
6582	3.481E-15
6584	3.4917E-15
6586	3.4993E-15
6588	3.51E-15
6590	3.5112E-15
6592	3.5155E-15
6594	3.5198E-15
6596	3.5177E-15
6598	3.5221E-15
6600	3.5232E-15
6602	3.521E-15
6604	3.5254E-15
6606	3.5297E-15
6608	3.5374E-15
6610	3.5417E-15
6612	3.5461E-15
6614	3.5538E-15
6616	3.5648E-15
6618	3.5725E-15
6620	3.5769E-15
6622	3.5813E-15
6624	3.5824E-15
6626	3.5803E-15
6628	3.5847E-15
6630	3.5826E-15
6632	3.5738E-15
6634	3.5716E-15
6636	3.5695E-15
6638	3.5673E-15
6640	3.5652E-15
6642	3.563E-15
6644	3.5609E-15
6646	3.5588E-15
6648	3.5632E-15
6650	3.561E-15
6652	3.5655E-15
6654	3.5699E-15
6656	3.571E-15
6658	3.5689E-15
6660	3.5733E-15
6662	3.5712E-15
6664	3.569E-15
6666	3.5669E-15
6668	3.5648E-15
6670	3.5626E-15
6672	3.5605E-15
6674	3.5583E-15
6676	3.5497E-15
6678	3.5475E-15
6680	3.5454E-15
6682	3.5433E-15
6684	3.5477E-15
6686	3.5456E-15
6688	3.55E-15
6690	3.5511E-15
6692	3.5556E-15
6694	3.56E-15
6696	3.5579E-15
6698	3.5623E-15
6700	3.5602E-15
6702	3.5613E-15
6704	3.5592E-15
6706	3.5571E-15
6708	3.5517E-15
6710	3.5496E-15
6712	3.5475E-15
6714	3.5388E-15
6716	3.5367E-15
6718	3.5281E-15
6720	3.526E-15
6722	3.5239E-15
6724	3.5218E-15
6726	3.5262E-15
6728	3.5241E-15
6730	3.5285E-15
6732	3.5362E-15
6734	3.5406E-15
6736	3.5483E-15
6738	3.5527E-15
6740	3.5571E-15
6742	3.5616E-15
6744	3.5628E-15
6746	3.5606E-15
6748	3.5585E-15
6750	3.5564E-15
6752	3.5543E-15
6754	3.5522E-15
6756	3.5403E-15
6758	3.5382E-15
6760	3.5296E-15
6762	3.5275E-15
6764	3.519E-15
6766	3.5169E-15
6768	3.5148E-15
6770	3.5127E-15
6772	3.5106E-15
6774	3.5086E-15
6776	3.5065E-15
6778	3.5109E-15
6780	3.5153E-15
6782	3.5197E-15
6784	3.5209E-15
6786	3.5318E-15
6788	3.5362E-15
6790	3.5374E-15
6792	3.5418E-15
6794	3.5463E-15
6796	3.5442E-15
6798	3.5519E-15
6800	3.5498E-15
6802	3.5477E-15
6804	3.5456E-15
6806	3.5435E-15
6808	3.5349E-15
6810	3.5296E-15
6812	3.5275E-15
6814	3.5255E-15
6816	3.5234E-15
6818	3.5213E-15
6820	3.5225E-15
6822	3.5204E-15
6824	3.5249E-15
6826	3.5228E-15
6828	3.5207E-15
6830	3.5252E-15
6832	3.5231E-15
6834	3.521E-15
6836	3.519E-15
6838	3.5169E-15
6840	3.5213E-15
6842	3.5193E-15
6844	3.5205E-15
6846	3.5184E-15
6848	3.5163E-15
6850	3.5176E-15
6852	3.5155E-15
6854	3.5134E-15
6856	3.5114E-15
6858	3.5126E-15
6860	3.5105E-15
6862	3.5085E-15
6864	3.5097E-15
6866	3.5076E-15
6868	3.5056E-15
6870	3.5068E-15
6872	3.5047E-15
6874	3.5027E-15
6876	3.5006E-15
6878	3.5018E-15
6880	3.4998E-15
6882	3.4978E-15
6884	3.4957E-15
6886	3.4969E-15
6888	3.4949E-15
6890	3.4929E-15
6892	3.4908E-15
6894	3.492E-15
6896	3.49E-15
6898	3.488E-15
6900	3.486E-15
6902	3.4839E-15
6904	3.4851E-15
6906	3.4831E-15
6908	3.4811E-15
6910	3.4791E-15
6912	3.4771E-15
6914	3.4783E-15
6916	3.4762E-15
6918	3.4742E-15
6920	3.4722E-15
6922	3.4702E-15
6924	3.4714E-15
6926	3.4694E-15
6928	3.4674E-15
6930	3.4654E-15
6932	3.4634E-15
6934	3.4614E-15
6936	3.4594E-15
6938	3.4606E-15
6940	3.4586E-15
6942	3.4566E-15
6944	3.4546E-15
6946	3.4526E-15
6948	3.4506E-15
6950	3.4487E-15
6952	3.4308E-15
6954	3.432E-15
6956	3.4364E-15
6958	3.4344E-15
6960	3.4388E-15
6962	3.4368E-15
6964	3.4411E-15
6966	3.4423E-15
6968	3.4404E-15
6970	3.4447E-15
6972	3.4427E-15
6974	3.4408E-15
6976	3.4451E-15
6978	3.4368E-15
6980	3.4349E-15
6982	3.4329E-15
6984	3.4246E-15
6986	3.4226E-15
6988	3.4176E-15
6990	3.4156E-15
6992	3.4136E-15
6994	3.4054E-15
6996	3.4035E-15
6998	3.4015E-15
7000	3.3996E-15
7002	3.3976E-15
7004	3.3894E-15
7006	3.3875E-15
7008	3.3856E-15
7010	3.3899E-15
7012	3.3879E-15
7014	3.386E-15
7016	3.3841E-15
7018	3.3822E-15
7020	3.3865E-15
7022	3.3876E-15
7024	3.3857E-15
7026	3.3838E-15
7028	3.3881E-15
7030	3.3924E-15
7032	3.3905E-15
7034	3.3886E-15
7036	3.3898E-15
7038	3.3878E-15
7040	3.3828E-15
7042	3.3809E-15
7044	3.3727E-15
7046	3.3708E-15
7048	3.3627E-15
7050	3.3608E-15
7052	3.3589E-15
7054	3.3632E-15
7056	3.3675E-15
7058	3.3749E-15
7060	3.3854E-15
7062	3.3866E-15
7064	3.3909E-15
7066	3.3953E-15
7068	3.3933E-15
7070	3.3914E-15
7072	3.3833E-15
7074	3.3813E-15
7076	3.3732E-15
7078	3.3682E-15
7080	3.3663E-15
7082	3.3644E-15
7084	3.3625E-15
7086	3.3606E-15
7088	3.3587E-15
7090	3.3568E-15
7092	3.3549E-15
7094	3.353E-15
7096	3.3542E-15
7098	3.3523E-15
7100	3.3566E-15
7102	3.3609E-15
7104	3.359E-15
7106	3.3633E-15
7108	3.3614E-15
7110	3.3595E-15
7112	3.367E-15
7114	3.3713E-15
7116	3.3756E-15
7118	3.3768E-15
7120	3.3811E-15
7122	3.3792E-15
7124	3.3835E-15
7126	3.3816E-15
7128	3.3798E-15
7130	3.3716E-15
7132	3.3635E-15
7134	3.3617E-15
7136	3.3567E-15
7138	3.3486E-15
7140	3.3468E-15
7142	3.3449E-15
7144	3.343E-15
7146	3.335E-15
7148	3.3331E-15
7150	3.3313E-15
7152	3.3294E-15
7154	3.3275E-15
7156	3.3257E-15
7158	3.3177E-15
7160	3.3158E-15
7162	3.3109E-15
7164	3.3091E-15
7166	3.3072E-15
7168	3.3054E-15
7170	3.2975E-15
7172	3.2956E-15
7174	3.2877E-15
7176	3.2799E-15
7178	3.278E-15
7180	3.2762E-15
7182	3.2804E-15
7184	3.2786E-15
7186	3.2828E-15
7188	3.287E-15
7190	3.2882E-15
7192	3.2925E-15
7194	3.2906E-15
7196	3.2949E-15
7198	3.3021E-15
7200	3.3064E-15
7202	3.3107E-15
7204	3.3088E-15
7206	3.3131E-15
7208	3.3143E-15
7210	3.3124E-15
7212	3.3076E-15
7214	3.3057E-15
7216	3.2978E-15
7218	3.2899E-15
7220	3.2821E-15
7222	3.2772E-15
7224	3.2694E-15
7226	3.2616E-15
7228	3.2537E-15
7230	3.2489E-15
7232	3.2412E-15
7234	3.2394E-15
7236	3.2316E-15
7238	3.2298E-15
7240	3.2281E-15
7242	3.2263E-15
7244	3.2245E-15
7246	3.2287E-15
7248	3.2269E-15
7250	3.231E-15
7252	3.2382E-15
7254	3.2424E-15
7256	3.2466E-15
7258	3.2538E-15
7260	3.258E-15
7262	3.2652E-15
7264	3.2694E-15
7266	3.2676E-15
7268	3.2718E-15
7270	3.27E-15
7272	3.2682E-15
7274	3.2664E-15
7276	3.2586E-15
7278	3.2568E-15
7280	3.2551E-15
7282	3.2533E-15
7284	3.2455E-15
7286	3.2437E-15
7288	3.2389E-15
7290	3.2312E-15
7292	3.2235E-15
7294	3.2217E-15
7296	3.22E-15
7298	3.2182E-15
7300	3.2164E-15
7302	3.2147E-15
7304	3.2129E-15
7306	3.2171E-15
7308	3.2153E-15
7310	3.2195E-15
7312	3.2207E-15
7314	3.2249E-15
7316	3.2231E-15
7318	3.2303E-15
7320	3.2344E-15
7322	3.2386E-15
7324	3.2428E-15
7326	3.25E-15
7328	3.2482E-15
7330	3.2525E-15
7332	3.2567E-15
7334	3.2549E-15
7336	3.2561E-15
7338	3.2604E-15
7340	3.2586E-15
7342	3.2568E-15
7344	3.249E-15
7346	3.2443E-15
7348	3.2425E-15
7350	3.2348E-15
7352	3.2271E-15
7354	3.2253E-15
7356	3.2176E-15
7358	3.2129E-15
7360	3.2053E-15
7362	3.2035E-15
7364	3.2018E-15
7366	3.1942E-15
7368	3.1983E-15
7370	3.1966E-15
7372	3.1948E-15
7374	3.199E-15
7376	3.2061E-15
7378	3.2103E-15
7380	3.2145E-15
7382	3.2216E-15
7384	3.2258E-15
7386	3.233E-15
7388	3.2372E-15
7390	3.2414E-15
7392	3.2396E-15
7394	3.2468E-15
7396	3.2511E-15
7398	3.2493E-15
7400	3.2476E-15
7402	3.2458E-15
7404	3.244E-15
7406	3.2423E-15
7408	3.2405E-15
7410	3.2328E-15
7412	3.2311E-15
7414	3.2294E-15
7416	3.2276E-15
7418	3.2259E-15
7420	3.2241E-15
7422	3.2194E-15
7424	3.2177E-15
7426	3.216E-15
7428	3.2142E-15
7430	3.2155E-15
7432	3.2137E-15
7434	3.212E-15
7436	3.2162E-15
7438	3.2145E-15
7440	3.2127E-15
7442	3.2169E-15
7444	3.2152E-15
7446	3.2164E-15
7448	3.2206E-15
7450	3.2189E-15
7452	3.2231E-15
7454	3.2214E-15
7456	3.2256E-15
7458	3.2239E-15
7460	3.2221E-15
7462	3.2204E-15
7464	3.2187E-15
7466	3.217E-15
7468	3.2093E-15
7470	3.2076E-15
7472	3.2E-15
7474	3.1983E-15
7476	3.1966E-15
7478	3.189E-15
7480	3.1873E-15
7482	3.1856E-15
7484	3.1839E-15
7486	3.1822E-15
7488	3.1863E-15
7490	3.1846E-15
7492	3.1829E-15
7494	3.1871E-15
7496	3.1854E-15
7498	3.1896E-15
7500	3.1879E-15
7502	3.1891E-15
7504	3.1933E-15
7506	3.1916E-15
7508	3.1957E-15
7510	3.194E-15
7512	3.1923E-15
7514	3.1906E-15
7516	3.1889E-15
7518	3.1872E-15
7520	3.1855E-15
7522	3.178E-15
7524	3.1763E-15
7526	3.1746E-15
7528	3.1729E-15
7530	3.1654E-15
7532	3.1637E-15
7534	3.1621E-15
7536	3.1604E-15
7538	3.1558E-15
7540	3.1541E-15
7542	3.1524E-15
7544	3.1508E-15
7546	3.1491E-15
7548	3.1416E-15
7550	3.1516E-15
7552	3.1499E-15
7554	3.1482E-15
7556	3.1466E-15
7558	3.1449E-15
7560	3.1432E-15
7562	3.1445E-15
7564	3.1428E-15
7566	3.1411E-15
7568	3.1395E-15
7570	3.1378E-15
7572	3.1362E-15
7574	3.1345E-15
7576	3.1329E-15
7578	3.1312E-15
7580	3.1324E-15
7582	3.1308E-15
7584	3.1291E-15
7586	3.1275E-15
7588	3.1258E-15
7590	3.1242E-15
7592	3.1225E-15
7594	3.1209E-15
7596	3.1221E-15
7598	3.1205E-15
7600	3.1188E-15
7602	3.1172E-15
7604	3.1156E-15
7606	3.1139E-15
7608	3.1152E-15
7610	3.1135E-15
7612	3.1119E-15
7614	3.1102E-15
7616	3.1086E-15
7618	3.107E-15
7620	3.1082E-15
7622	3.1066E-15
7624	3.1049E-15
7626	3.1033E-15
7628	3.1017E-15
7630	3.1029E-15
7632	3.1013E-15
7634	3.0997E-15
7636	3.0981E-15
7638	3.0964E-15
7640	3.0977E-15
7642	3.096E-15
7644	3.0944E-15
7646	3.0928E-15
7648	3.0912E-15
7650	3.0924E-15
7652	3.0908E-15
7654	3.0892E-15
7656	3.0876E-15
7658	3.0888E-15
7660	3.0872E-15
7662	3.0856E-15
7664	3.084E-15
7666	3.0852E-15
7668	3.0836E-15
7670	3.082E-15
7672	3.0804E-15
7674	3.0816E-15
7676	3.08E-15
7678	3.0784E-15
7680	3.0768E-15
7682	3.078E-15
7684	3.0764E-15
7686	3.0748E-15
7688	3.0761E-15
7690	3.0745E-15
7692	3.07E-15
7694	3.0713E-15
7696	3.0668E-15
7698	3.0596E-15
7700	3.058E-15
7702	3.0564E-15
7704	3.0548E-15
7706	3.0532E-15
7708	3.0601E-15
7710	3.0642E-15
7712	3.0682E-15
7714	3.0751E-15
7716	3.0792E-15
7718	3.0861E-15
7720	3.0817E-15
7722	3.0801E-15
7724	3.0785E-15
7726	3.0712E-15
7728	3.064E-15
7730	3.0624E-15
7732	3.0608E-15
7734	3.0592E-15
7736	3.0577E-15
7738	3.0561E-15
7740	3.0545E-15
7742	3.0529E-15
7744	3.0513E-15
7746	3.0498E-15
7748	3.0482E-15
7750	3.0522E-15
7752	3.0507E-15
7754	3.0547E-15
7756	3.0531E-15
7758	3.0515E-15
7760	3.0528E-15
7762	3.0512E-15
7764	3.0496E-15
7766	3.0481E-15
7768	3.0465E-15
7770	3.0449E-15
7772	3.049E-15
7774	3.0474E-15
7776	3.0458E-15
7778	3.0443E-15
7780	3.0371E-15
7782	3.0328E-15
7784	3.0312E-15
7786	3.0296E-15
7788	3.0281E-15
7790	3.0265E-15
7792	3.025E-15
7794	3.0234E-15
7796	3.0247E-15
7798	3.0231E-15
7800	3.0216E-15
7802	3.02E-15
7804	3.0157E-15
7806	3.0141E-15
7808	3.0126E-15
7810	3.011E-15
7812	3.004E-15
7814	3.0024E-15
7816	3.0009E-15
7818	3.0049E-15
7820	3.0034E-15
7822	3.0018E-15
7824	3.0031E-15
7826	3.0015E-15
7828	3E-15
7830	2.9985E-15
7832	2.9942E-15
7834	2.9926E-15
7836	2.9911E-15
7838	2.9896E-15
7840	2.988E-15
7842	2.9865E-15
7844	2.985E-15
7846	2.9835E-15
7848	2.982E-15
7850	2.9804E-15
7852	2.9789E-15
7854	2.9774E-15
7856	2.9704E-15
7858	2.9689E-15
7860	2.9674E-15
7862	2.9659E-15
7864	2.9644E-15
7866	2.9629E-15
7868	2.9668E-15
7870	2.9681E-15
7872	2.9665E-15
7874	2.9705E-15
7876	2.969E-15
7878	2.9675E-15
7880	2.966E-15
7882	2.959E-15
7884	2.9575E-15
7886	2.9533E-15
7888	2.9518E-15
7890	2.9503E-15
7892	2.9488E-15
7894	2.9473E-15
7896	2.9458E-15
7898	2.9443E-15
7900	2.9456E-15
7902	2.9495E-15
7904	2.948E-15
7906	2.9465E-15
7908	2.945E-15
7910	2.9435E-15
7912	2.942E-15
7914	2.9406E-15
7916	2.9391E-15
7918	2.9322E-15
7920	2.9307E-15
7922	2.9346E-15
7924	2.9331E-15
7926	2.9317E-15
7928	2.9302E-15
7930	2.9287E-15
7932	2.9326E-15
7934	2.9311E-15
7936	2.9297E-15
7938	2.9282E-15
7940	2.9321E-15
7942	2.9306E-15
7944	2.9319E-15
7946	2.9358E-15
7948	2.9397E-15
7950	2.9382E-15
7952	2.9368E-15
7954	2.9353E-15
7956	2.9338E-15
7958	2.9323E-15
7960	2.9309E-15
7962	2.9294E-15
7964	2.9225E-15
7966	2.9211E-15
7968	2.9196E-15
7970	2.9181E-15
7972	2.9113E-15
7974	2.9098E-15
7976	2.9084E-15
7978	2.9069E-15
7980	2.9055E-15
7982	2.904E-15
7984	2.9025E-15
7986	2.8984E-15
7988	2.897E-15
7990	2.8955E-15
7992	2.8941E-15
7994	2.8953E-15
7996	2.8938E-15
7998	2.8977E-15
8000	2.8963E-15
8002	2.8948E-15
8004	2.8934E-15
8006	2.8919E-15
8008	2.8905E-15
8010	2.8944E-15
8012	2.8876E-15
8014	2.8862E-15
8016	2.8847E-15
8018	2.8833E-15
8020	2.8819E-15
8022	2.8804E-15
8024	2.879E-15
8026	2.8829E-15
8028	2.8814E-15
8030	2.8853E-15
8032	2.8838E-15
8034	2.8851E-15
8036	2.8836E-15
8038	2.8875E-15
8040	2.8861E-15
8042	2.8847E-15
8044	2.8885E-15
8046	2.8871E-15
8048	2.8857E-15
8050	2.8842E-15
8052	2.8828E-15
8054	2.8814E-15
8056	2.8799E-15
8058	2.8785E-15
8060	2.8771E-15
8062	2.8809E-15
8064	2.8795E-15
8066	2.8781E-15
8068	2.8767E-15
8070	2.8779E-15
8072	2.8765E-15
8074	2.8724E-15
8076	2.871E-15
8078	2.8695E-15
8080	2.8628E-15
8082	2.8614E-15
8084	2.86E-15
8086	2.8586E-15
8088	2.8572E-15
8090	2.8558E-15
8092	2.8544E-15
8094	2.853E-15
8096	2.8515E-15
8098	2.8501E-15
8100	2.8487E-15
8102	2.8473E-15
8104	2.8407E-15
8106	2.8393E-15
8108	2.8379E-15
8110	2.8313E-15
8112	2.8299E-15
8114	2.8285E-15
8116	2.8245E-15
8118	2.8231E-15
8120	2.8165E-15
8122	2.8099E-15
8124	2.8085E-15
8126	2.802E-15
8128	2.8006E-15
8130	2.7992E-15
8132	2.7979E-15
8134	2.7939E-15
8136	2.7925E-15
8138	2.7912E-15
8140	2.7847E-15
8142	2.7833E-15
8144	2.7819E-15
8146	2.7806E-15
8148	2.7843E-15
8150	2.7855E-15
8152	2.7893E-15
8154	2.7879E-15
8156	2.7917E-15
8158	2.7903E-15
8160	2.7889E-15
8162	2.7876E-15
8164	2.7862E-15
8166	2.7797E-15
8168	2.7784E-15
8170	2.777E-15
8172	2.7705E-15
8174	2.7692E-15
8176	2.7678E-15
8178	2.7665E-15
8180	2.7651E-15
8182	2.7689E-15
8184	2.7675E-15
8186	2.7713E-15
8188	2.7699E-15
8190	2.7737E-15
8192	2.7723E-15
8194	2.7735E-15
8196	2.7722E-15
8198	2.7759E-15
8200	2.7746E-15
8202	2.7783E-15
8204	2.777E-15
8206	2.7807E-15
8208	2.7743E-15
8210	2.7729E-15
8212	2.7716E-15
8214	2.7702E-15
8216	2.7689E-15
8218	2.7675E-15
8220	2.7662E-15
8222	2.7648E-15
8224	2.7635E-15
8226	2.7621E-15
8228	2.7659E-15
8230	2.7645E-15
8232	2.7657E-15
8234	2.7644E-15
8236	2.7681E-15
8238	2.7668E-15
8240	2.7705E-15
8242	2.7692E-15
8244	2.7704E-15
8246	2.7742E-15
8248	2.7728E-15
8250	2.7766E-15
8252	2.7753E-15
8254	2.779E-15
8256	2.7726E-15
8258	2.7712E-15
8260	2.7699E-15
8262	2.7685E-15
8264	2.7621E-15
8266	2.7608E-15
8268	2.7594E-15
8270	2.7581E-15
8272	2.7568E-15
8274	2.7504E-15
8276	2.7465E-15
8278	2.7452E-15
8280	2.7388E-15
8282	2.7375E-15
8284	2.7311E-15
8286	2.7298E-15
8288	2.7335E-15
8290	2.7322E-15
8292	2.7359E-15
8294	2.7371E-15
8296	2.7408E-15
8298	2.7395E-15
8300	2.7382E-15
8302	2.7369E-15
8304	2.7356E-15
8306	2.7292E-15
8308	2.7254E-15
8310	2.7266E-15
8312	2.7303E-15
8314	2.734E-15
8316	2.7377E-15
8318	2.7389E-15
8320	2.7427E-15
8322	2.7464E-15
8324	2.7451E-15
8326	2.7438E-15
8328	2.7425E-15
8330	2.7411E-15
8332	2.7398E-15
8334	2.7385E-15
8336	2.7322E-15
8338	2.7308E-15
8340	2.7295E-15
8342	2.7282E-15
8344	2.7269E-15
8346	2.7256E-15
8348	2.7243E-15
8350	2.723E-15
8352	2.7217E-15
8354	2.7204E-15
8356	2.7191E-15
8358	2.7178E-15
8360	2.7165E-15
8362	2.7102E-15
8364	2.7089E-15
8366	2.7076E-15
8368	2.7113E-15
8370	2.71E-15
8372	2.7137E-15
8374	2.7174E-15
8376	2.7186E-15
8378	2.7223E-15
8380	2.726E-15
8382	2.7247E-15
8384	2.7234E-15
8386	2.7221E-15
8388	2.7209E-15
8390	2.7196E-15
8392	2.7132E-15
8394	2.712E-15
8396	2.7107E-15
8398	2.7094E-15
8400	2.7131E-15
8402	2.7118E-15
8404	2.718E-15
8406	2.7167E-15
8408	2.7154E-15
8410	2.7116E-15
8412	2.7053E-15
8414	2.7041E-15
8416	2.6978E-15
8418	2.6915E-15
8420	2.6878E-15
8422	2.6865E-15
8424	2.6852E-15
8426	2.684E-15
8428	2.6852E-15
8430	2.6888E-15
8432	2.6876E-15
8434	2.6863E-15
8436	2.685E-15
8438	2.6837E-15
8440	2.6825E-15
8442	2.6812E-15
8444	2.6799E-15
8446	2.6787E-15
8448	2.6774E-15
8450	2.6712E-15
8452	2.6699E-15
8454	2.6687E-15
8456	2.6674E-15
8458	2.6661E-15
8460	2.6649E-15
8462	2.6636E-15
8464	2.6673E-15
8466	2.666E-15
8468	2.6648E-15
8470	2.6635E-15
8472	2.6622E-15
8474	2.6561E-15
8476	2.6524E-15
8478	2.6511E-15
8480	2.645E-15
8482	2.6438E-15
8484	2.6377E-15
8486	2.6364E-15
8488	2.6352E-15
8490	2.6339E-15
8492	2.6376E-15
8494	2.6363E-15
8496	2.6351E-15
8498	2.6338E-15
8500	2.6326E-15
8502	2.6314E-15
8504	2.6253E-15
8506	2.6192E-15
8508	2.6156E-15
8510	2.6143E-15
8512	2.6083E-15
8514	2.6071E-15
8516	2.6059E-15
8518	2.6046E-15
8520	2.6034E-15
8522	2.6022E-15
8524	2.6058E-15
8526	2.6045E-15
8528	2.6105E-15
8530	2.6141E-15
8532	2.6177E-15
8534	2.6237E-15
8536	2.6273E-15
8538	2.6309E-15
8540	2.6321E-15
8542	2.6357E-15
8544	2.6345E-15
8546	2.6333E-15
8548	2.632E-15
8550	2.6308E-15
8552	2.6296E-15
8554	2.6283E-15
8556	2.6223E-15
8558	2.621E-15
8560	2.6174E-15
8562	2.6114E-15
8564	2.6054E-15
8566	2.6041E-15
8568	2.5981E-15
8570	2.5945E-15
8572	2.5933E-15
8574	2.5921E-15
8576	2.5909E-15
8578	2.5897E-15
8580	2.5909E-15
8582	2.5897E-15
8584	2.5932E-15
8586	2.592E-15
8588	2.5956E-15
8590	2.5944E-15
8592	2.5884E-15
8594	2.5872E-15
8596	2.5789E-15
8598	2.5729E-15
8600	2.567E-15
8602	2.5658E-15
8604	2.5575E-15
8606	2.5516E-15
8608	2.5505E-15
8610	2.5446E-15
8612	2.5387E-15
8614	2.5352E-15
8616	2.534E-15
8618	2.5328E-15
8620	2.5387E-15
8622	2.5422E-15
8624	2.5457E-15
8626	2.5468E-15
8628	2.5504E-15
8630	2.5492E-15
8632	2.548E-15
8634	2.5468E-15
8636	2.5409E-15
8638	2.5374E-15
8640	2.5363E-15
8642	2.5304E-15
8644	2.5293E-15
8646	2.5281E-15
8648	2.5269E-15
8650	2.5304E-15
8652	2.5315E-15
8654	2.5351E-15
8656	2.5386E-15
8658	2.5421E-15
8660	2.5479E-15
8662	2.5467E-15
8664	2.5456E-15
8666	2.5444E-15
8668	2.5432E-15
8670	2.542E-15
8672	2.5409E-15
8674	2.535E-15
8676	2.5315E-15
8678	2.5304E-15
8680	2.5292E-15
8682	2.5234E-15
8684	2.5222E-15
8686	2.5211E-15
8688	2.5152E-15
8690	2.5095E-15
8692	2.506E-15
8694	2.5002E-15
8696	2.4945E-15
8698	2.4887E-15
8700	2.4876E-15
8702	2.4865E-15
8704	2.4899E-15
8706	2.4934E-15
8708	2.4922E-15
8710	2.4957E-15
8712	2.5014E-15
8714	2.5049E-15
8716	2.5083E-15
8718	2.5095E-15
8720	2.5176E-15
8722	2.5211E-15
8724	2.5222E-15
8726	2.5211E-15
8728	2.5246E-15
8730	2.5234E-15
8732	2.5269E-15
8734	2.5258E-15
8736	2.5316E-15
8738	2.5351E-15
8740	2.5339E-15
8742	2.5375E-15
8744	2.5386E-15
8746	2.5375E-15
8748	2.5363E-15
8750	2.5352E-15
8752	2.5317E-15
8754	2.5259E-15
8756	2.52E-15
8758	2.5166E-15
8760	2.5062E-15
8762	2.5004E-15
8764	2.4924E-15
8766	2.4867E-15
8768	2.481E-15
8770	2.4775E-15
8772	2.4719E-15
8774	2.4616E-15
8776	2.4537E-15
8778	2.4436E-15
8780	2.4313E-15
8782	2.4234E-15
8784	2.4112E-15
8786	2.4013E-15
8788	2.3891E-15
8790	2.388E-15
8792	2.3914E-15
8794	2.3903E-15
8796	2.3958E-15
8798	2.4058E-15
8800	2.418E-15
8802	2.4281E-15
8804	2.4382E-15
8806	2.4483E-15
8808	2.4562E-15
8810	2.4619E-15
8812	2.4653E-15
8814	2.4687E-15
8816	2.4699E-15
8818	2.4688E-15
8820	2.4676E-15
8822	2.4711E-15
8824	2.47E-15
8826	2.4734E-15
8828	2.4768E-15
8830	2.478E-15
8832	2.4769E-15
8834	2.4803E-15
8836	2.4838E-15
8838	2.4826E-15
8840	2.4884E-15
8842	2.4918E-15
8844	2.4907E-15
8846	2.4896E-15
8848	2.4885E-15
8850	2.4873E-15
8852	2.4862E-15
8854	2.4851E-15
8856	2.484E-15
8858	2.4783E-15
8860	2.4703E-15
8862	2.4601E-15
8864	2.4477E-15
8866	2.4354E-15
8868	2.4231E-15
8870	2.4131E-15
8872	2.4009E-15
8874	2.3844E-15
8876	2.3724E-15
8878	2.3626E-15
8880	2.3507E-15
8882	2.3496E-15
8884	2.3421E-15
8886	2.3432E-15
8888	2.3508E-15
8890	2.3606E-15
8892	2.3682E-15
8894	2.3737E-15
8896	2.3836E-15
8898	2.3913E-15
8900	2.4013E-15
8902	2.4157E-15
8904	2.4258E-15
8906	2.4292E-15
8908	2.4348E-15
8910	2.4427E-15
8912	2.4371E-15
8914	2.4315E-15
8916	2.4304E-15
8918	2.4271E-15
8920	2.4215E-15
8922	2.4205E-15
8924	2.4194E-15
8926	2.4183E-15
8928	2.4172E-15
8930	2.4161E-15
8932	2.415E-15
8934	2.414E-15
8936	2.4084E-15
8938	2.4074E-15
8940	2.4018E-15
8942	2.3942E-15
8944	2.3843E-15
8946	2.3766E-15
8948	2.3668E-15
8950	2.3549E-15
8952	2.3474E-15
8954	2.3377E-15
8956	2.3302E-15
8958	2.3206E-15
8960	2.3196E-15
8962	2.3185E-15
8964	2.3175E-15
8966	2.3207E-15
8968	2.324E-15
8970	2.3294E-15
8972	2.3369E-15
8974	2.3423E-15
8976	2.3499E-15
8978	2.3554E-15
8980	2.3543E-15
8982	2.3576E-15
8984	2.3609E-15
8986	2.3599E-15
8988	2.3588E-15
8990	2.3599E-15
8992	2.3632E-15
8994	2.3666E-15
8996	2.3655E-15
8998	2.3644E-15
9000	2.3634E-15
9002	2.3623E-15
9004	2.3656E-15
9006	2.3668E-15
9008	2.3701E-15
9010	2.3734E-15
9012	2.3767E-15
9014	2.3778E-15
9016	2.3812E-15
9018	2.3801E-15
9020	2.3835E-15
9022	2.3824E-15
9024	2.3814E-15
9026	2.3803E-15
9028	2.3792E-15
9030	2.3782E-15
9032	2.3728E-15
9034	2.3673E-15
9036	2.3598E-15
9038	2.3544E-15
9040	2.3425E-15
9042	2.3329E-15
9044	2.3254E-15
9046	2.3137E-15
9048	2.2999E-15
9050	2.2884E-15
9052	2.2726E-15
9054	2.2612E-15
9056	2.2498E-15
9058	2.2385E-15
9060	2.2272E-15
9062	2.2181E-15
9064	2.211E-15
9066	2.2019E-15
9068	2.1968E-15
9070	2.1959E-15
9072	2.1949E-15
9074	2.1939E-15
9076	2.197E-15
9078	2.2001E-15
9080	2.1991E-15
9082	2.2022E-15
9084	2.2012E-15
9086	2.2023E-15
9088	2.1952E-15
9090	2.1943E-15
9092	2.1893E-15
9094	2.1883E-15
9096	2.1874E-15
9098	2.1864E-15
9100	2.1854E-15
9102	2.1845E-15
9104	2.1835E-15
9106	2.1826E-15
9108	2.1816E-15
9110	2.1766E-15
9112	2.1737E-15
9114	2.1687E-15
9116	2.1638E-15
9118	2.1588E-15
9120	2.1559E-15
9122	2.151E-15
9124	2.1461E-15
9126	2.1412E-15
9128	2.1383E-15
9130	2.1334E-15
9132	2.1286E-15
9134	2.1257E-15
9136	2.1169E-15
9138	2.1102E-15
9140	2.1015E-15
9142	2.0948E-15
9144	2.0862E-15
9146	2.0795E-15
9148	2.0709E-15
9150	2.0605E-15
9152	2.0502E-15
9154	2.0455E-15
9156	2.0352E-15
9158	2.0268E-15
9160	2.0241E-15
9162	2.0195E-15
9164	2.0149E-15
9166	2.0177E-15
9168	2.0224E-15
9170	2.029E-15
9172	2.0337E-15
9174	2.0403E-15
9176	2.0489E-15
9178	2.0517E-15
9180	2.0565E-15
9182	2.0632E-15
9184	2.068E-15
9186	2.0709E-15
9188	2.0758E-15
9190	2.0749E-15
9192	2.0778E-15
9194	2.0769E-15
9196	2.076E-15
9198	2.0751E-15
9200	2.078E-15
