3200	3.32E-15
3201	3.32E-15
3202	3.33E-15
3203	3.34E-15
3204	3.35E-15
3205	3.32E-15
3206	3.28E-15
3207	3.26E-15
3208	3.23E-15
3209	3.19E-15
3210	3.13E-15
3211	3.12E-15
3212	3.19E-15
3213	3.26E-15
3214	3.30E-15
3215	3.34E-15
3216	3.33E-15
3217	3.33E-15
3218	3.30E-15
3219	3.26E-15
3220	3.25E-15
3221	3.25E-15
3222	3.25E-15
3223	3.25E-15
3224	3.26E-15
3225	3.27E-15
3226	3.30E-15
3227	3.33E-15
3228	3.35E-15
3229	3.37E-15
3230	3.38E-15
3231	3.37E-15
3232	3.37E-15
3233	3.36E-15
3234	3.36E-15
3235	3.36E-15
3236	3.36E-15
3237	3.35E-15
3238	3.33E-15
3239	3.31E-15
3240	3.26E-15
3241	3.22E-15
3242	3.17E-15
3243	3.13E-15
3244	3.12E-15
3245	3.11E-15
3246	3.13E-15
3247	3.16E-15
3248	3.19E-15
3249	3.22E-15
3250	3.27E-15
3251	3.31E-15
3252	3.29E-15
3253	3.23E-15
3254	3.19E-15
3255	3.15E-15
3256	3.14E-15
3257	3.18E-15
3258	3.21E-15
3259	3.23E-15
3260	3.27E-15
3261	3.21E-15
3262	3.16E-15
3263	3.18E-15
3264	3.20E-15
3265	3.22E-15
3266	3.23E-15
3267	3.23E-15
3268	3.21E-15
3269	3.20E-15
3270	3.22E-15
3271	3.23E-15
3272	3.24E-15
3273	3.25E-15
3274	3.21E-15
3275	3.18E-15
3276	3.22E-15
3277	3.26E-15
3278	3.26E-15
3279	3.26E-15
3280	3.24E-15
3281	3.22E-15
3282	3.21E-15
3283	3.21E-15
3284	3.20E-15
3285	3.17E-15
3286	3.14E-15
3287	3.15E-15
3288	3.16E-15
3289	3.12E-15
3290	3.08E-15
3291	3.06E-15
3292	3.04E-15
3293	3.05E-15
3294	3.06E-15
3295	3.06E-15
3296	3.05E-15
3297	3.04E-15
3298	3.03E-15
3299	3.02E-15
3300	3.04E-15
3301	3.04E-15
3302	3.03E-15
3303	3.03E-15
3304	3.03E-15
3305	3.03E-15
3306	3.00E-15
3307	2.96E-15
3308	2.97E-15
3309	3.00E-15
3310	3.03E-15
3311	3.05E-15
3312	3.07E-15
3313	3.08E-15
3314	3.08E-15
3315	3.05E-15
3316	3.03E-15
3317	3.08E-15
3318	3.13E-15
3319	3.16E-15
3320	3.20E-15
3321	3.23E-15
3322	3.27E-15
3323	3.24E-15
3324	3.20E-15
3325	3.19E-15
3326	3.20E-15
3327	3.22E-15
3328	3.25E-15
3329	3.28E-15
3330	3.27E-15
3331	3.26E-15
3332	3.27E-15
3333	3.28E-15
3334	3.25E-15
3335	3.21E-15
3336	3.23E-15
3337	3.26E-15
3338	3.28E-15
3339	3.29E-15
3340	3.30E-15
3341	3.30E-15
3342	3.31E-15
3343	3.32E-15
3344	3.33E-15
3345	3.33E-15
3346	3.32E-15
3347	3.34E-15
3348	3.37E-15
3349	3.38E-15
3350	3.40E-15
3351	3.39E-15
3352	3.37E-15
3353	3.36E-15
3354	3.36E-15
3355	3.35E-15
3356	3.32E-15
3357	3.30E-15
3358	3.28E-15
3359	3.28E-15
3360	3.32E-15
3361	3.36E-15
3362	3.33E-15
3363	3.29E-15
3364	3.30E-15
3365	3.32E-15
3366	3.30E-15
3367	3.27E-15
3368	3.27E-15
3369	3.28E-15
3370	3.29E-15
3371	3.29E-15
3372	3.29E-15
3373	3.29E-15
3374	3.29E-15
3375	3.32E-15
3376	3.34E-15
3377	3.31E-15
3378	3.27E-15
3379	3.24E-15
3380	3.22E-15
3381	3.23E-15
3382	3.25E-15
3383	3.26E-15
3384	3.25E-15
3385	3.24E-15
3386	3.23E-15
3387	3.22E-15
3388	3.21E-15
3389	3.20E-15
3390	3.21E-15
3391	3.21E-15
3392	3.19E-15
3393	3.18E-15
3394	3.17E-15
3395	3.16E-15
3396	3.15E-15
3397	3.14E-15
3398	3.14E-15
3399	3.13E-15
3400	3.13E-15
3401	3.16E-15
3402	3.19E-15
3403	3.19E-15
3404	3.19E-15
3405	3.20E-15
3406	3.21E-15
3407	3.21E-15
3408	3.20E-15
3409	3.20E-15
3410	3.19E-15
3411	3.18E-15
3412	3.15E-15
3413	3.14E-15
3414	3.17E-15
3415	3.19E-15
3416	3.20E-15
3417	3.21E-15
3418	3.22E-15
3419	3.23E-15
3420	3.21E-15
3421	3.20E-15
3422	3.18E-15
3423	3.16E-15
3424	3.15E-15
3425	3.15E-15
3426	3.15E-15
3427	3.14E-15
3428	3.14E-15
3429	3.17E-15
3430	3.20E-15
3431	3.21E-15
3432	3.22E-15
3433	3.21E-15
3434	3.20E-15
3435	3.18E-15
3436	3.16E-15
3437	3.18E-15
3438	3.23E-15
3439	3.27E-15
3440	3.32E-15
3441	3.35E-15
3442	3.36E-15
3443	3.36E-15
3444	3.35E-15
3445	3.32E-15
3446	3.29E-15
3447	3.25E-15
3448	3.24E-15
3449	3.24E-15
3450	3.25E-15
3451	3.25E-15
3452	3.26E-15
3453	3.25E-15
3454	3.23E-15
3455	3.18E-15
3456	3.15E-15
3457	3.14E-15
3458	3.14E-15
3459	3.18E-15
3460	3.21E-15
3461	3.24E-15
3462	3.27E-15
3463	3.24E-15
3464	3.21E-15
3465	3.21E-15
3466	3.24E-15
3467	3.24E-15
3468	3.22E-15
3469	3.20E-15
3470	3.21E-15
3471	3.21E-15
3472	3.20E-15
3473	3.19E-15
3474	3.21E-15
3475	3.24E-15
3476	3.26E-15
3477	3.29E-15
3478	3.26E-15
3479	3.22E-15
3480	3.19E-15
3481	3.17E-15
3482	3.15E-15
3483	3.15E-15
3484	3.15E-15
3485	3.17E-15
3486	3.17E-15
3487	3.17E-15
3488	3.18E-15
3489	3.20E-15
3490	3.22E-15
3491	3.21E-15
3492	3.20E-15
3493	3.25E-15
3494	3.32E-15
3495	3.33E-15
3496	3.30E-15
3497	3.26E-15
3498	3.25E-15
3499	3.24E-15
3500	3.24E-15
3501	3.24E-15
3502	3.25E-15
3503	3.25E-15
3504	3.25E-15
3505	3.24E-15
3506	3.27E-15
3507	3.30E-15
3508	3.30E-15
3509	3.28E-15
3510	3.27E-15
3511	3.28E-15
3512	3.29E-15
3513	3.29E-15
3514	3.30E-15
3515	3.29E-15
3516	3.29E-15
3517	3.28E-15
3518	3.29E-15
3519	3.29E-15
3520	3.29E-15
3521	3.27E-15
3522	3.26E-15
3523	3.28E-15
3524	3.32E-15
3525	3.34E-15
3526	3.33E-15
3527	3.31E-15
3528	3.27E-15
3529	3.24E-15
3530	3.22E-15
3531	3.18E-15
3532	3.17E-15
3533	3.15E-15
3534	3.14E-15
3535	3.13E-15
3536	3.13E-15
3537	3.14E-15
3538	3.13E-15
3539	3.11E-15
3540	3.11E-15
3541	3.14E-15
3542	3.16E-15
3543	3.17E-15
3544	3.18E-15
3545	3.18E-15
3546	3.18E-15
3547	3.14E-15
3548	3.09E-15
3549	3.08E-15
3550	3.08E-15
3551	3.10E-15
3552	3.14E-15
3553	3.14E-15
3554	3.12E-15
3555	3.12E-15
3556	3.15E-15
3557	3.18E-15
3558	3.20E-15
3559	3.21E-15
3560	3.19E-15
3561	3.16E-15
3562	3.18E-15
3563	3.21E-15
3564	3.20E-15
3565	3.20E-15
3566	3.18E-15
3567	3.15E-15
3568	3.14E-15
3569	3.17E-15
3570	3.19E-15
3571	3.17E-15
3572	3.15E-15
3573	3.16E-15
3574	3.17E-15
3575	3.18E-15
3576	3.18E-15
3577	3.18E-15
3578	3.17E-15
3579	3.16E-15
3580	3.15E-15
3581	3.14E-15
3582	3.14E-15
3583	3.14E-15
3584	3.13E-15
3585	3.14E-15
3586	3.16E-15
3587	3.18E-15
3588	3.17E-15
3589	3.17E-15
3590	3.17E-15
3591	3.18E-15
3592	3.19E-15
3593	3.20E-15
3594	3.19E-15
3595	3.17E-15
3596	3.15E-15
3597	3.15E-15
3598	3.15E-15
3599	3.13E-15
3600	3.12E-15
3601	3.13E-15
3602	3.14E-15
3603	3.18E-15
3604	3.23E-15
3605	3.23E-15
3606	3.23E-15
3607	3.25E-15
3608	3.28E-15
3609	3.29E-15
3610	3.29E-15
3611	3.29E-15
3612	3.27E-15
3613	3.25E-15
3614	3.23E-15
3615	3.20E-15
3616	3.18E-15
3617	3.15E-15
3618	3.18E-15
3619	3.21E-15
3620	3.23E-15
3621	3.25E-15
3622	3.26E-15
3623	3.24E-15
3624	3.24E-15
3625	3.23E-15
3626	3.22E-15
3627	3.20E-15
3628	3.19E-15
3629	3.18E-15
3630	3.17E-15
3631	3.18E-15
3632	3.20E-15
3633	3.18E-15
3634	3.16E-15
3635	3.16E-15
3636	3.18E-15
3637	3.18E-15
3638	3.17E-15
3639	3.15E-15
3640	3.14E-15
3641	3.14E-15
3642	3.17E-15
3643	3.21E-15
3644	3.21E-15
3645	3.22E-15
3646	3.20E-15
3647	3.17E-15
3648	3.17E-15
3649	3.18E-15
3650	3.18E-15
3651	3.17E-15
3652	3.16E-15
3653	3.15E-15
3654	3.14E-15
3655	3.11E-15
3656	3.08E-15
3657	3.09E-15
3658	3.10E-15
3659	3.13E-15
3660	3.15E-15
3661	3.16E-15
3662	3.16E-15
3663	3.19E-15
3664	3.25E-15
3665	3.26E-15
3666	3.19E-15
3667	3.13E-15
3668	3.10E-15
3669	3.08E-15
3670	3.11E-15
3671	3.15E-15
3672	3.13E-15
3673	3.12E-15
3674	3.12E-15
3675	3.14E-15
3676	3.16E-15
3677	3.18E-15
3678	3.18E-15
3679	3.17E-15
3680	3.16E-15
3681	3.16E-15
3682	3.16E-15
3683	3.18E-15
3684	3.20E-15
3685	3.19E-15
3686	3.18E-15
3687	3.17E-15
3688	3.17E-15
3689	3.14E-15
3690	3.12E-15
3691	3.09E-15
3692	3.08E-15
3693	3.07E-15
3694	3.08E-15
3695	3.09E-15
3696	3.10E-15
3697	3.10E-15
3698	3.10E-15
3699	3.11E-15
3700	3.09E-15
3701	3.08E-15
3702	3.09E-15
3703	3.11E-15
3704	3.13E-15
3705	3.15E-15
3706	3.16E-15
3707	3.14E-15
3708	3.14E-15
3709	3.14E-15
3710	3.15E-15
3711	3.15E-15
3712	3.14E-15
3713	3.14E-15
3714	3.13E-15
3715	3.13E-15
3716	3.12E-15
3717	3.14E-15
3718	3.18E-15
3719	3.19E-15
3720	3.18E-15
3721	3.17E-15
3722	3.17E-15
3723	3.17E-15
3724	3.18E-15
3725	3.19E-15
3726	3.18E-15
3727	3.17E-15
3728	3.18E-15
3729	3.19E-15
3730	3.19E-15
3731	3.19E-15
3732	3.20E-15
3733	3.21E-15
3734	3.24E-15
3735	3.26E-15
3736	3.27E-15
3737	3.23E-15
3738	3.20E-15
3739	3.17E-15
3740	3.13E-15
3741	3.14E-15
3742	3.15E-15
3743	3.17E-15
3744	3.21E-15
3745	3.21E-15
3746	3.20E-15
3747	3.20E-15
3748	3.21E-15
3749	3.20E-15
3750	3.18E-15
3751	3.15E-15
3752	3.16E-15
3753	3.18E-15
3754	3.16E-15
3755	3.14E-15
3756	3.13E-15
3757	3.12E-15
3758	3.13E-15
3759	3.15E-15
3760	3.15E-15
3761	3.14E-15
3762	3.14E-15
3763	3.13E-15
3764	3.12E-15
3765	3.11E-15
3766	3.10E-15
3767	3.12E-15
3768	3.14E-15
3769	3.14E-15
3770	3.13E-15
3771	3.13E-15
3772	3.13E-15
3773	3.14E-15
3774	3.15E-15
3775	3.17E-15
3776	3.18E-15
3777	3.20E-15
3778	3.19E-15
3779	3.18E-15
3780	3.14E-15
3781	3.10E-15
3782	3.07E-15
3783	3.05E-15
3784	3.05E-15
3785	3.06E-15
3786	3.06E-15
3787	3.07E-15
3788	3.06E-15
3789	3.06E-15
3790	3.04E-15
3791	3.01E-15
3792	2.98E-15
3793	2.97E-15
3794	2.95E-15
3795	2.96E-15
3796	2.97E-15
3797	3.01E-15
3798	3.05E-15
3799	3.07E-15
3800	3.11E-15
3801	3.13E-15
3802	3.14E-15
3803	3.14E-15
3804	3.12E-15
3805	3.08E-15
3806	3.06E-15
3807	3.05E-15
3808	3.05E-15
3809	3.05E-15
3810	3.07E-15
3811	3.09E-15
3812	3.11E-15
3813	3.13E-15
3814	3.14E-15
3815	3.14E-15
3816	3.15E-15
3817	3.14E-15
3818	3.12E-15
3819	3.10E-15
3820	3.11E-15
3821	3.11E-15
3822	3.12E-15
3823	3.12E-15
3824	3.13E-15
3825	3.16E-15
3826	3.17E-15
3827	3.17E-15
3828	3.15E-15
3829	3.11E-15
3830	3.10E-15
3831	3.12E-15
3832	3.13E-15
3833	3.13E-15
3834	3.11E-15
3835	3.10E-15
3836	3.09E-15
3837	3.11E-15
3838	3.13E-15
3839	3.14E-15
3840	3.15E-15
3841	3.17E-15
3842	3.19E-15
3843	3.19E-15
3844	3.20E-15
3845	3.18E-15
3846	3.17E-15
3847	3.17E-15
3848	3.19E-15
3849	3.20E-15
3850	3.21E-15
3851	3.20E-15
3852	3.19E-15
3853	3.20E-15
3854	3.21E-15
3855	3.21E-15
3856	3.21E-15
3857	3.21E-15
3858	3.22E-15
3859	3.23E-15
3860	3.19E-15
3861	3.16E-15
3862	3.14E-15
3863	3.13E-15
3864	3.11E-15
3865	3.11E-15
3866	3.13E-15
3867	3.15E-15
3868	3.16E-15
3869	3.18E-15
3870	3.20E-15
3871	3.22E-15
3872	3.24E-15
3873	3.24E-15
3874	3.24E-15
3875	3.24E-15
3876	3.24E-15
3877	3.22E-15
3878	3.19E-15
3879	3.16E-15
3880	3.15E-15
3881	3.16E-15
3882	3.19E-15
3883	3.20E-15
3884	3.21E-15
3885	3.21E-15
3886	3.19E-15
3887	3.18E-15
3888	3.17E-15
3889	3.16E-15
3890	3.20E-15
3891	3.22E-15
3892	3.23E-15
3893	3.24E-15
3894	3.24E-15
3895	3.23E-15
3896	3.23E-15
3897	3.23E-15
3898	3.23E-15
3899	3.22E-15
3900	3.22E-15
3901	3.21E-15
3902	3.18E-15
3903	3.16E-15
3904	3.15E-15
3905	3.15E-15
3906	3.16E-15
3907	3.18E-15
3908	3.18E-15
3909	3.18E-15
3910	3.17E-15
3911	3.15E-15
3912	3.16E-15
3913	3.18E-15
3914	3.19E-15
3915	3.18E-15
3916	3.17E-15
3917	3.15E-15
3918	3.13E-15
3919	3.15E-15
3920	3.15E-15
3921	3.14E-15
3922	3.11E-15
3923	3.10E-15
3924	3.08E-15
3925	3.07E-15
3926	3.07E-15
3927	3.06E-15
3928	3.05E-15
3929	3.05E-15
3930	3.05E-15
3931	3.05E-15
3932	3.06E-15
3933	3.05E-15
3934	3.05E-15
3935	3.05E-15
3936	3.06E-15
3937	3.08E-15
3938	3.11E-15
3939	3.13E-15
3940	3.14E-15
3941	3.11E-15
3942	3.10E-15
3943	3.11E-15
3944	3.13E-15
3945	3.12E-15
3946	3.11E-15
3947	3.08E-15
3948	3.05E-15
3949	3.08E-15
3950	3.12E-15
3951	3.16E-15
3952	3.18E-15
3953	3.18E-15
3954	3.17E-15
3955	3.15E-15
3956	3.13E-15
3957	3.10E-15
3958	3.10E-15
3959	3.10E-15
3960	3.09E-15
3961	3.08E-15
3962	3.08E-15
3963	3.07E-15
3964	3.06E-15
3965	3.05E-15
3966	3.05E-15
3967	3.04E-15
3968	3.04E-15
3969	3.04E-15
3970	3.03E-15
3971	2.93E-15
3972	2.84E-15
3973	2.79E-15
3974	2.74E-15
3975	2.71E-15
3976	2.70E-15
3977	2.70E-15
3978	2.71E-15
3979	2.74E-15
3980	2.81E-15
3981	2.88E-15
3982	2.92E-15
3983	2.96E-15
3984	2.97E-15
3985	2.97E-15
3986	2.98E-15
3987	2.99E-15
3988	2.99E-15
3989	2.99E-15
3990	3.01E-15
3991	3.04E-15
3992	3.07E-15
3993	3.09E-15
3994	3.11E-15
3995	3.09E-15
3996	3.07E-15
3997	3.08E-15
3998	3.08E-15
3999	3.08E-15
4000	3.08E-15
4001	3.08E-15
4002	3.08E-15
4003	3.07E-15
4004	3.06E-15
4005	3.06E-15
4006	3.08E-15
4007	3.09E-15
4008	3.07E-15
4009	3.06E-15
4010	3.03E-15
4011	3.01E-15
4012	3.03E-15
4013	3.04E-15
4014	3.03E-15
4015	3.00E-15
4016	3.00E-15
4017	2.99E-15
4018	2.99E-15
4019	2.99E-15
4020	2.99E-15
4021	3.01E-15
4022	3.01E-15
4023	3.02E-15
4024	3.03E-15
4025	3.03E-15
4026	3.04E-15
4027	3.03E-15
4028	3.02E-15
4029	3.02E-15
4030	3.02E-15
4031	3.03E-15
4032	3.04E-15
4033	3.05E-15
4034	3.03E-15
4035	3.01E-15
4036	3.00E-15
4037	2.98E-15
4038	3.00E-15
4039	3.01E-15
4040	3.03E-15
4041	3.05E-15
4042	3.06E-15
4043	3.06E-15
4044	3.05E-15
4045	3.04E-15
4046	3.03E-15
4047	3.03E-15
4048	3.03E-15
4049	3.00E-15
4050	2.99E-15
4051	3.00E-15
4052	3.00E-15
4053	3.00E-15
4054	3.02E-15
4055	3.01E-15
4056	3.00E-15
4057	3.01E-15
4058	3.04E-15
4059	3.06E-15
4060	3.07E-15
4061	3.06E-15
4062	3.05E-15
4063	3.04E-15
4064	3.03E-15
4065	3.02E-15
4066	3.02E-15
4067	3.02E-15
4068	3.03E-15
4069	3.05E-15
4070	3.05E-15
4071	3.05E-15
4072	3.04E-15
4073	3.03E-15
4074	3.01E-15
4075	3.03E-15
4076	3.04E-15
4077	3.05E-15
4078	3.06E-15
4079	3.05E-15
4080	3.03E-15
4081	3.02E-15
4082	2.99E-15
4083	2.99E-15
4084	3.01E-15
4085	3.03E-15
4086	3.05E-15
4087	3.07E-15
4088	3.05E-15
4089	3.04E-15
4090	3.04E-15
4091	3.03E-15
4092	3.03E-15
4093	3.04E-15
4094	3.04E-15
4095	3.04E-15
4096	3.03E-15
4097	3.03E-15
4098	3.04E-15
4099	3.04E-15
4100	3.04E-15
4101	3.04E-15
4102	3.04E-15
4103	3.03E-15
4104	3.02E-15
4105	3.02E-15
4106	3.03E-15
4107	3.04E-15
4108	3.03E-15
4109	3.03E-15
4110	3.04E-15
4111	3.05E-15
4112	3.04E-15
4113	3.03E-15
4114	3.03E-15
4115	3.02E-15
4116	3.02E-15
4117	3.02E-15
4118	3.02E-15
4119	3.01E-15
4120	3.00E-15
4121	3.00E-15
4122	3.00E-15
4123	3.01E-15
4124	3.00E-15
4125	2.99E-15
4126	2.98E-15
4127	2.96E-15
4128	2.95E-15
4129	2.95E-15
4130	2.95E-15
4131	2.96E-15
4132	2.95E-15
4133	2.95E-15
4134	2.96E-15
4135	2.96E-15
4136	2.95E-15
4137	2.95E-15
4138	2.95E-15
4139	2.95E-15
4140	2.95E-15
4141	2.96E-15
4142	2.97E-15
4143	2.99E-15
4144	2.98E-15
4145	2.97E-15
4146	2.97E-15
4147	2.97E-15
4148	2.95E-15
4149	2.93E-15
4150	2.92E-15
4151	2.92E-15
4152	2.92E-15
4153	2.91E-15
4154	2.91E-15
4155	2.91E-15
4156	2.92E-15
4157	2.92E-15
4158	2.93E-15
4159	2.93E-15
4160	2.92E-15
4161	2.91E-15
4162	2.90E-15
4163	2.91E-15
4164	2.93E-15
4165	2.95E-15
4166	2.95E-15
4167	2.95E-15
4168	2.93E-15
4169	2.90E-15
4170	2.91E-15
4171	2.93E-15
4172	2.93E-15
4173	2.93E-15
4174	2.93E-15
4175	2.91E-15
4176	2.91E-15
4177	2.89E-15
4178	2.88E-15
4179	2.88E-15
4180	2.88E-15
4181	2.89E-15
4182	2.90E-15
4183	2.91E-15
4184	2.91E-15
4185	2.92E-15
4186	2.93E-15
4187	2.93E-15
4188	2.92E-15
4189	2.91E-15
4190	2.90E-15
4191	2.89E-15
4192	2.89E-15
4193	2.89E-15
4194	2.91E-15
4195	2.92E-15
4196	2.91E-15
4197	2.90E-15
4198	2.90E-15
4199	2.90E-15
4200	2.91E-15
4201	2.93E-15
4202	2.93E-15
4203	2.92E-15
4204	2.90E-15
4205	2.90E-15
4206	2.88E-15
4207	2.88E-15
4208	2.88E-15
4209	2.88E-15
4210	2.90E-15
4211	2.90E-15
4212	2.89E-15
4213	2.89E-15
4214	2.88E-15
4215	2.88E-15
4216	2.89E-15
4217	2.91E-15
4218	2.90E-15
4219	2.89E-15
4220	2.90E-15
4221	2.91E-15
4222	2.91E-15
4223	2.92E-15
4224	2.93E-15
4225	2.94E-15
4226	2.94E-15
4227	2.94E-15
4228	2.94E-15
4229	2.92E-15
4230	2.90E-15
4231	2.90E-15
4232	2.91E-15
4233	2.91E-15
4234	2.91E-15
4235	2.89E-15
4236	2.89E-15
4237	2.89E-15
4238	2.90E-15
4239	2.90E-15
4240	2.91E-15
4241	2.90E-15
4242	2.88E-15
4243	2.86E-15
4244	2.87E-15
4245	2.88E-15
4246	2.89E-15
4247	2.90E-15
4248	2.90E-15
4249	2.91E-15
4250	2.91E-15
4251	2.90E-15
4252	2.89E-15
4253	2.88E-15
4254	2.88E-15
4255	2.88E-15
4256	2.88E-15
4257	2.89E-15
4258	2.89E-15
4259	2.89E-15
4260	2.88E-15
4261	2.88E-15
4262	2.89E-15
4263	2.89E-15
4264	2.89E-15
4265	2.89E-15
4266	2.89E-15
4267	2.89E-15
4268	2.89E-15
4269	2.89E-15
4270	2.88E-15
4271	2.87E-15
4272	2.88E-15
4273	2.88E-15
4274	2.88E-15
4275	2.88E-15
4276	2.88E-15
4277	2.87E-15
4278	2.87E-15
4279	2.87E-15
4280	2.87E-15
4281	2.87E-15
4282	2.88E-15
4283	2.88E-15
4284	2.88E-15
4285	2.88E-15
4286	2.88E-15
4287	2.87E-15
4288	2.86E-15
4289	2.85E-15
4290	2.86E-15
4291	2.86E-15
4292	2.85E-15
4293	2.85E-15
4294	2.86E-15
4295	2.87E-15
4296	2.86E-15
4297	2.85E-15
4298	2.84E-15
4299	2.83E-15
4300	2.81E-15
4301	2.80E-15
4302	2.79E-15
4303	2.80E-15
4304	2.80E-15
4305	2.80E-15
4306	2.81E-15
4307	2.83E-15
4308	2.85E-15
4309	2.85E-15
4310	2.85E-15
4311	2.85E-15
4312	2.85E-15
4313	2.86E-15
4314	2.88E-15
4315	2.88E-15
4316	2.90E-15
4317	2.90E-15
4318	2.91E-15
4319	2.91E-15
4320	2.90E-15
4321	2.89E-15
4322	2.89E-15
4323	2.89E-15
4324	2.88E-15
4325	2.87E-15
4326	2.87E-15
4327	2.86E-15
4328	2.87E-15
4329	2.88E-15
4330	2.88E-15
4331	2.88E-15
4332	2.87E-15
4333	2.84E-15
4334	2.82E-15
4335	2.80E-15
4336	2.78E-15
4337	2.79E-15
4338	2.81E-15
4339	2.82E-15
4340	2.83E-15
4341	2.84E-15
4342	2.85E-15
4343	2.86E-15
4344	2.87E-15
4345	2.87E-15
4346	2.87E-15
4347	2.86E-15
4348	2.86E-15
4349	2.86E-15
4350	2.87E-15
4351	2.88E-15
4352	2.89E-15
4353	2.87E-15
4354	2.86E-15
4355	2.85E-15
4356	2.84E-15
4357	2.86E-15
4358	2.87E-15
4359	2.87E-15
4360	2.86E-15
4361	2.86E-15
4362	2.87E-15
4363	2.87E-15
4364	2.86E-15
4365	2.87E-15
4366	2.88E-15
4367	2.87E-15
4368	2.86E-15
4369	2.86E-15
4370	2.85E-15
4371	2.84E-15
4372	2.84E-15
4373	2.83E-15
4374	2.83E-15
4375	2.84E-15
4376	2.84E-15
4377	2.83E-15
4378	2.83E-15
4379	2.84E-15
4380	2.84E-15
4381	2.83E-15
4382	2.82E-15
4383	2.83E-15
4384	2.84E-15
4385	2.83E-15
4386	2.83E-15
4387	2.83E-15
4388	2.83E-15
4389	2.83E-15
4390	2.83E-15
4391	2.83E-15
4392	2.84E-15
4393	2.84E-15
4394	2.83E-15
4395	2.83E-15
4396	2.82E-15
4397	2.82E-15
4398	2.82E-15
4399	2.82E-15
4400	2.82E-15
4401	2.82E-15
4402	2.83E-15
4403	2.84E-15
4404	2.84E-15
4405	2.84E-15
4406	2.84E-15
4407	2.83E-15
4408	2.82E-15
4409	2.80E-15
4410	2.79E-15
4411	2.80E-15
4412	2.81E-15
4413	2.81E-15
4414	2.81E-15
4415	2.80E-15
4416	2.79E-15
4417	2.79E-15
4418	2.79E-15
4419	2.79E-15
4420	2.81E-15
4421	2.81E-15
4422	2.81E-15
4423	2.81E-15
4424	2.80E-15
4425	2.79E-15
4426	2.78E-15
4427	2.78E-15
4428	2.78E-15
4429	2.78E-15
4430	2.77E-15
4431	2.76E-15
4432	2.75E-15
4433	2.76E-15
4434	2.76E-15
4435	2.77E-15
4436	2.77E-15
4437	2.76E-15
4438	2.76E-15
4439	2.76E-15
4440	2.75E-15
4441	2.75E-15
4442	2.76E-15
4443	2.76E-15
4444	2.76E-15
4445	2.77E-15
4446	2.78E-15
4447	2.78E-15
4448	2.77E-15
4449	2.75E-15
4450	2.75E-15
4451	2.76E-15
4452	2.76E-15
4453	2.75E-15
4454	2.75E-15
4455	2.74E-15
4456	2.75E-15
4457	2.76E-15
4458	2.76E-15
4459	2.75E-15
4460	2.74E-15
4461	2.72E-15
4462	2.70E-15
4463	2.70E-15
4464	2.70E-15
4465	2.71E-15
4466	2.73E-15
4467	2.73E-15
4468	2.74E-15
4469	2.73E-15
4470	2.72E-15
4471	2.71E-15
4472	2.72E-15
4473	2.73E-15
4474	2.71E-15
4475	2.70E-15
4476	2.70E-15
4477	2.70E-15
4478	2.70E-15
4479	2.71E-15
4480	2.71E-15
4481	2.71E-15
4482	2.70E-15
4483	2.69E-15
4484	2.69E-15
4485	2.69E-15
4486	2.70E-15
4487	2.71E-15
4488	2.72E-15
4489	2.71E-15
4490	2.70E-15
4491	2.69E-15
4492	2.69E-15
4493	2.69E-15
4494	2.69E-15
4495	2.68E-15
4496	2.68E-15
4497	2.68E-15
4498	2.69E-15
4499	2.70E-15
4500	2.69E-15
4501	2.69E-15
4502	2.70E-15
4503	2.70E-15
4504	2.69E-15
4505	2.68E-15
4506	2.68E-15
4507	2.68E-15
4508	2.68E-15
4509	2.70E-15
4510	2.70E-15
4511	2.69E-15
4512	2.69E-15
4513	2.68E-15
4514	2.68E-15
4515	2.68E-15
4516	2.69E-15
4517	2.69E-15
4518	2.68E-15
4519	2.68E-15
4520	2.69E-15
4521	2.70E-15
4522	2.70E-15
4523	2.69E-15
4524	2.68E-15
4525	2.68E-15
4526	2.69E-15
4527	2.69E-15
4528	2.70E-15
4529	2.71E-15
4530	2.72E-15
4531	2.72E-15
4532	2.70E-15
4533	2.68E-15
4534	2.68E-15
4535	2.69E-15
4536	2.70E-15
4537	2.69E-15
4538	2.69E-15
4539	2.69E-15
4540	2.68E-15
4541	2.67E-15
4542	2.66E-15
4543	2.66E-15
4544	2.67E-15
4545	2.68E-15
4546	2.69E-15
4547	2.69E-15
4548	2.69E-15
4549	2.69E-15
4550	2.69E-15
4551	2.69E-15
4552	2.68E-15
4553	2.67E-15
4554	2.67E-15
4555	2.67E-15
4556	2.67E-15
4557	2.67E-15
4558	2.67E-15
4559	2.67E-15
4560	2.66E-15
4561	2.66E-15
4562	2.65E-15
4563	2.65E-15
4564	2.66E-15
4565	2.65E-15
4566	2.65E-15
4567	2.65E-15
4568	2.64E-15
4569	2.65E-15
4570	2.65E-15
4571	2.66E-15
4572	2.66E-15
4573	2.66E-15
4574	2.67E-15
4575	2.66E-15
4576	2.66E-15
4577	2.65E-15
4578	2.65E-15
4579	2.66E-15
4580	2.66E-15
4581	2.65E-15
4582	2.65E-15
4583	2.65E-15
4584	2.65E-15
4585	2.66E-15
4586	2.66E-15
4587	2.64E-15
4588	2.64E-15
4589	2.62E-15
4590	2.61E-15
4591	2.61E-15
4592	2.59E-15
4593	2.60E-15
4594	2.60E-15
4595	2.61E-15
4596	2.62E-15
4597	2.62E-15
4598	2.63E-15
4599	2.62E-15
4600	2.61E-15
4601	2.61E-15
4602	2.61E-15
4603	2.62E-15
4604	2.61E-15
4605	2.60E-15
4606	2.60E-15
4607	2.61E-15
4608	2.61E-15
4609	2.61E-15
4610	2.61E-15
4611	2.61E-15
4612	2.61E-15
4613	2.61E-15
4614	2.60E-15
4615	2.60E-15
4616	2.60E-15
4617	2.60E-15
4618	2.60E-15
4619	2.60E-15
4620	2.59E-15
4621	2.58E-15
4622	2.58E-15
4623	2.59E-15
4624	2.61E-15
4625	2.61E-15
4626	2.61E-15
4627	2.60E-15
4628	2.60E-15
4629	2.59E-15
4630	2.58E-15
4631	2.56E-15
4632	2.58E-15
4633	2.59E-15
4634	2.59E-15
4635	2.58E-15
4636	2.58E-15
4637	2.57E-15
4638	2.56E-15
4639	2.55E-15
4640	2.54E-15
4641	2.54E-15
4642	2.54E-15
4643	2.54E-15
4644	2.55E-15
4645	2.56E-15
4646	2.58E-15
4647	2.58E-15
4648	2.57E-15
4649	2.56E-15
4650	2.56E-15
4651	2.54E-15
4652	2.53E-15
4653	2.52E-15
4654	2.52E-15
4655	2.52E-15
4656	2.52E-15
4657	2.52E-15
4658	2.50E-15
4659	2.49E-15
4660	2.50E-15
4661	2.50E-15
4662	2.50E-15
4663	2.49E-15
4664	2.48E-15
4665	2.47E-15
4666	2.47E-15
4667	2.47E-15
4668	2.48E-15
4669	2.48E-15
4670	2.47E-15
4671	2.47E-15
4672	2.47E-15
4673	2.46E-15
4674	2.45E-15
4675	2.45E-15
4676	2.45E-15
4677	2.45E-15
4678	2.45E-15
4679	2.44E-15
4680	2.42E-15
4681	2.51E-15
4682	2.50E-15
4683	2.49E-15
4684	2.49E-15
4685	2.48E-15
4686	2.47E-15
4687	2.47E-15
4688	2.47E-15
4689	2.46E-15
4690	2.46E-15
4691	2.46E-15
4692	2.46E-15
4693	2.46E-15
4694	2.46E-15
4695	2.46E-15
4696	2.47E-15
4697	2.47E-15
4698	2.47E-15
4699	2.48E-15
4700	2.48E-15
4702	2.49E-15
4704	2.50E-15
4706	2.50E-15
4708	2.50E-15
4710	2.50E-15
4712	2.49E-15
4714	2.48E-15
4716	2.48E-15
4718	2.48E-15
4720	2.48E-15
4722	2.47E-15
4724	2.48E-15
4726	2.48E-15
4728	2.48E-15
4730	2.48E-15
4732	2.48E-15
4734	2.48E-15
4736	2.48E-15
4738	2.47E-15
4740	2.47E-15
4742	2.46E-15
4744	2.46E-15
4746	2.45E-15
4748	2.46E-15
4750	2.45E-15
4752	2.45E-15
4754	2.46E-15
4756	2.46E-15
4758	2.47E-15
4760	2.47E-15
4762	2.48E-15
4764	2.48E-15
4766	2.48E-15
4768	2.47E-15
4770	2.48E-15
4772	2.47E-15
4774	2.47E-15
4776	2.47E-15
4778	2.47E-15
4780	2.47E-15
4782	2.47E-15
4784	2.46E-15
4786	2.46E-15
4788	2.46E-15
4790	2.45E-15
4792	2.45E-15
4794	2.44E-15
4796	2.44E-15
4798	2.44E-15
4800	2.44E-15
4802	2.44E-15
4804	2.44E-15
4806	2.45E-15
4808	2.45E-15
4810	2.45E-15
4812	2.45E-15
4814	2.45E-15
4816	2.44E-15
4818	2.44E-15
4820	2.44E-15
4822	2.44E-15
4824	2.44E-15
4826	2.44E-15
4828	2.44E-15
4830	2.45E-15
4832	2.46E-15
4834	2.46E-15
4836	2.46E-15
4838	2.47E-15
4840	2.47E-15
4842	2.47E-15
4844	2.47E-15
4846	2.47E-15
4848	2.47E-15
4850	2.47E-15
4852	2.47E-15
4854	2.47E-15
4856	2.47E-15
4858	2.46E-15
4860	2.47E-15
4862	2.47E-15
4864	2.47E-15
4866	2.47E-15
4868	2.47E-15
4870	2.48E-15
4872	2.49E-15
4874	2.49E-15
4876	2.50E-15
4878	2.51E-15
4880	2.52E-15
4882	2.52E-15
4884	2.52E-15
4886	2.51E-15
4888	2.51E-15
4890	2.50E-15
4892	2.48E-15
4894	2.47E-15
4896	2.46E-15
4898	2.45E-15
4900	2.43E-15
4902	2.43E-15
4904	2.42E-15
4906	2.41E-15
4908	2.41E-15
4910	2.40E-15
4912	2.40E-15
4914	2.40E-15
4916	2.40E-15
4918	2.40E-15
4920	2.40E-15
4922	2.40E-15
4924	2.40E-15
4926	2.40E-15
4928	2.40E-15
4930	2.41E-15
4932	2.40E-15
4934	2.40E-15
4936	2.40E-15
4938	2.40E-15
4940	2.40E-15
4942	2.39E-15
4944	2.39E-15
4946	2.40E-15
4948	2.40E-15
4950	2.40E-15
4952	2.40E-15
4954	2.40E-15
4956	2.40E-15
4958	2.40E-15
4960	2.39E-15
4962	2.39E-15
4964	2.39E-15
4966	2.39E-15
4968	2.39E-15
4970	2.38E-15
4972	2.39E-15
4974	2.38E-15
4976	2.39E-15
4978	2.39E-15
4980	2.38E-15
4982	2.38E-15
4984	2.38E-15
4986	2.38E-15
4988	2.38E-15
4990	2.38E-15
4992	2.38E-15
4994	2.38E-15
4996	2.38E-15
4998	2.38E-15
5000	2.37E-15
5002	2.37E-15
5004	2.37E-15
5006	2.36E-15
5008	2.36E-15
5010	2.36E-15
5012	2.36E-15
5014	2.36E-15
5016	2.36E-15
5018	2.36E-15
5020	2.36E-15
5022	2.36E-15
5024	2.36E-15
5026	2.35E-15
5028	2.35E-15
5030	2.35E-15
5032	2.34E-15
5034	2.34E-15
5036	2.34E-15
5038	2.34E-15
5040	2.33E-15
5042	2.33E-15
5044	2.33E-15
5046	2.33E-15
5048	2.33E-15
5050	2.33E-15
5052	2.33E-15
5054	2.32E-15
5056	2.33E-15
5058	2.33E-15
5060	2.32E-15
5062	2.32E-15
5064	2.32E-15
5066	2.32E-15
5068	2.32E-15
5070	2.32E-15
5072	2.32E-15
5074	2.32E-15
5076	2.32E-15
5078	2.32E-15
5080	2.32E-15
5082	2.31E-15
5084	2.31E-15
5086	2.31E-15
5088	2.31E-15
5090	2.31E-15
5092	2.30E-15
5094	2.30E-15
5096	2.30E-15
5098	2.30E-15
5100	2.30E-15
5102	2.30E-15
5104	2.29E-15
5106	2.30E-15
5108	2.29E-15
5110	2.29E-15
5112	2.29E-15
5114	2.29E-15
5116	2.29E-15
5118	2.29E-15
5120	2.28E-15
5122	2.28E-15
5124	2.28E-15
5126	2.28E-15
5128	2.28E-15
5130	2.28E-15
5132	2.28E-15
5134	2.28E-15
5136	2.28E-15
5138	2.28E-15
5140	2.29E-15
5142	2.29E-15
5144	2.28E-15
5146	2.28E-15
5148	2.28E-15
5150	2.28E-15
5152	2.28E-15
5154	2.27E-15
5156	2.28E-15
5158	2.27E-15
5160	2.27E-15
5162	2.27E-15
5164	2.27E-15
5166	2.27E-15
5168	2.27E-15
5170	2.27E-15
5172	2.27E-15
5174	2.27E-15
5176	2.26E-15
5178	2.26E-15
5180	2.26E-15
5182	2.26E-15
5184	2.26E-15
5186	2.26E-15
5188	2.26E-15
5190	2.26E-15
5192	2.26E-15
5194	2.25E-15
5196	2.25E-15
5198	2.25E-15
5200	2.25E-15
5202	2.25E-15
5204	2.25E-15
5206	2.25E-15
5208	2.25E-15
5210	2.25E-15
5212	2.25E-15
5214	2.25E-15
5216	2.25E-15
5218	2.24E-15
5220	2.24E-15
5222	2.24E-15
5224	2.24E-15
5226	2.24E-15
5228	2.23E-15
5230	2.23E-15
5232	2.23E-15
5234	2.23E-15
5236	2.23E-15
5238	2.22E-15
5240	2.23E-15
5242	2.22E-15
5244	2.23E-15
5246	2.22E-15
5248	2.23E-15
5250	2.22E-15
5252	2.22E-15
5254	2.22E-15
5256	2.22E-15
5258	2.21E-15
5260	2.21E-15
5262	2.21E-15
5264	2.21E-15
5266	2.21E-15
5268	2.21E-15
5270	2.21E-15
5272	2.21E-15
5274	2.21E-15
5276	2.21E-15
5278	2.21E-15
5280	2.21E-15
5282	2.20E-15
5284	2.20E-15
5286	2.19E-15
5288	2.19E-15
5290	2.19E-15
5292	2.19E-15
5294	2.18E-15
5296	2.18E-15
5298	2.18E-15
5300	2.18E-15
5302	2.17E-15
5304	2.17E-15
5306	2.17E-15
5308	2.17E-15
5310	2.17E-15
5312	2.17E-15
5314	2.17E-15
5316	2.17E-15
5318	2.17E-15
5320	2.17E-15
5322	2.17E-15
5324	2.16E-15
5326	2.16E-15
5328	2.16E-15
5330	2.16E-15
5332	2.16E-15
5334	2.16E-15
5336	2.16E-15
5338	2.16E-15
5340	2.16E-15
5342	2.15E-15
5344	2.15E-15
5346	2.15E-15
5348	2.15E-15
5350	2.14E-15
5352	2.14E-15
5354	2.14E-15
5356	2.14E-15
5358	2.14E-15
5360	2.14E-15
5362	2.13E-15
5364	2.13E-15
5366	2.14E-15
5368	2.13E-15
5370	2.13E-15
5372	2.13E-15
5374	2.13E-15
5376	2.14E-15
5378	2.13E-15
5380	2.13E-15
5382	2.13E-15
5384	2.13E-15
5386	2.12E-15
5388	2.12E-15
5390	2.12E-15
5392	2.12E-15
5394	2.12E-15
5396	2.12E-15
5398	2.12E-15
5400	2.12E-15
5402	2.12E-15
5404	2.11E-15
5406	2.11E-15
5408	2.11E-15
5410	2.10E-15
5412	2.10E-15
5414	2.10E-15
5416	2.10E-15
5418	2.10E-15
5420	2.10E-15
5422	2.10E-15
5424	2.10E-15
5426	2.10E-15
5428	2.10E-15
5430	2.10E-15
5432	2.09E-15
5434	2.09E-15
5436	2.09E-15
5438	2.09E-15
5440	2.09E-15
5442	2.09E-15
5444	2.09E-15
5446	2.09E-15
5448	2.09E-15
5450	2.09E-15
5452	2.09E-15
5454	2.08E-15
5456	2.08E-15
5458	2.08E-15
5460	2.08E-15
5462	2.08E-15
5464	2.08E-15
5466	2.08E-15
5468	2.07E-15
5470	2.07E-15
5472	2.07E-15
5474	2.07E-15
5476	2.06E-15
5478	2.06E-15
5480	2.06E-15
5482	2.06E-15
5484	2.06E-15
5486	2.06E-15
5488	2.05E-15
5490	2.06E-15
5492	2.06E-15
5494	2.05E-15
5496	2.05E-15
5498	2.05E-15
5500	2.05E-15
5502	2.05E-15
5504	2.05E-15
5506	2.05E-15
5508	2.05E-15
5510	2.05E-15
5512	2.05E-15
5514	2.05E-15
5516	2.05E-15
5518	2.05E-15
5520	2.04E-15
5522	2.04E-15
5524	2.04E-15
5526	2.03E-15
5528	2.03E-15
5530	2.03E-15
5532	2.03E-15
5534	2.02E-15
5536	2.02E-15
5538	2.02E-15
5540	2.02E-15
5542	2.02E-15
5544	2.01E-15
5546	2.02E-15
5548	2.01E-15
5550	2.02E-15
5552	2.02E-15
5554	2.02E-15
5556	2.02E-15
5558	2.02E-15
5560	2.02E-15
5562	2.02E-15
5564	2.02E-15
5566	2.01E-15
5568	2.01E-15
5570	2.01E-15
5572	2.01E-15
5574	2.00E-15
5576	2.00E-15
5578	2.00E-15
5580	2.00E-15
5582	2.00E-15
5584	2.00E-15
5586	2.00E-15
5588	2.00E-15
5590	2.00E-15
5592	2.00E-15
5594	2.00E-15
5596	2.00E-15
5598	2.00E-15
5600	2.00E-15
5602	2.00E-15
5604	2.00E-15
5606	1.99E-15
5608	1.99E-15
5610	1.99E-15
5612	1.99E-15
5614	1.99E-15
5616	1.98E-15
5618	1.98E-15
5620	1.98E-15
5622	1.98E-15
5624	1.98E-15
5626	1.98E-15
5628	1.98E-15
5630	1.98E-15
5632	1.98E-15
5634	1.98E-15
5636	1.97E-15
5638	1.97E-15
5640	1.97E-15
5642	1.97E-15
5644	1.96E-15
5646	1.96E-15
5648	1.96E-15
5650	1.96E-15
5652	1.96E-15
5654	1.96E-15
5656	1.96E-15
5658	1.96E-15
5660	1.96E-15
5662	1.96E-15
5664	1.95E-15
5666	1.95E-15
5668	1.95E-15
5670	1.95E-15
5672	1.95E-15
5674	1.94E-15
5676	1.94E-15
5678	1.94E-15
5680	1.94E-15
5682	1.95E-15
5684	1.94E-15
5686	1.94E-15
5688	1.94E-15
5690	1.94E-15
5692	1.94E-15
5694	1.94E-15
5696	1.94E-15
5698	1.93E-15
5700	1.93E-15
5702	1.93E-15
5704	1.93E-15
5706	1.93E-15
5708	1.93E-15
5710	1.93E-15
5712	1.93E-15
5714	1.93E-15
5716	1.93E-15
5718	1.93E-15
5720	1.93E-15
5722	1.93E-15
5724	1.93E-15
5726	1.92E-15
5728	1.92E-15
5730	1.92E-15
5732	1.92E-15
5734	1.91E-15
5736	1.91E-15
5738	1.91E-15
5740	1.92E-15
5742	1.91E-15
5744	1.91E-15
5746	1.91E-15
5748	1.91E-15
5750	1.91E-15
5752	1.91E-15
5754	1.91E-15
5756	1.90E-15
5758	1.90E-15
5760	1.90E-15
5762	1.90E-15
5764	1.90E-15
5766	1.90E-15
5768	1.90E-15
5770	1.90E-15
5772	1.90E-15
5774	1.90E-15
5776	1.89E-15
5778	1.89E-15
5780	1.89E-15
5782	1.89E-15
5784	1.89E-15
5786	1.88E-15
5788	1.88E-15
5790	1.88E-15
5792	1.88E-15
5794	1.88E-15
5796	1.88E-15
5798	1.88E-15
5800	1.88E-15
5802	1.87E-15
5804	1.87E-15
5806	1.88E-15
5808	1.87E-15
5810	1.87E-15
5812	1.88E-15
5814	1.88E-15
5816	1.87E-15
5818	1.87E-15
5820	1.87E-15
5822	1.87E-15
5824	1.87E-15
5826	1.86E-15
5828	1.86E-15
5830	1.86E-15
5832	1.86E-15
5834	1.85E-15
5836	1.85E-15
5838	1.85E-15
5840	1.85E-15
5842	1.85E-15
5844	1.85E-15
5846	1.85E-15
5848	1.85E-15
5850	1.85E-15
5852	1.85E-15
5854	1.84E-15
5856	1.84E-15
5858	1.84E-15
5860	1.85E-15
5862	1.84E-15
5864	1.84E-15
5866	1.85E-15
5868	1.84E-15
5870	1.84E-15
5872	1.84E-15
5874	1.84E-15
5876	1.84E-15
5878	1.84E-15
5880	1.85E-15
5882	1.84E-15
5884	1.85E-15
5886	1.84E-15
5888	1.85E-15
5890	1.85E-15
5892	1.84E-15
5894	1.85E-15
5896	1.84E-15
5898	1.84E-15
5900	1.84E-15
5902	1.83E-15
5904	1.83E-15
5906	1.83E-15
5908	1.82E-15
5910	1.82E-15
5912	1.82E-15
5914	1.82E-15
5916	1.82E-15
5918	1.82E-15
5920	1.82E-15
5922	1.81E-15
5924	1.81E-15
5926	1.81E-15
5928	1.81E-15
5930	1.81E-15
5932	1.80E-15
5934	1.80E-15
5936	1.80E-15
5938	1.80E-15
5940	1.80E-15
5942	1.80E-15
5944	1.80E-15
5946	1.80E-15
5948	1.80E-15
5950	1.80E-15
5952	1.80E-15
5954	1.79E-15
5956	1.79E-15
5958	1.79E-15
5960	1.79E-15
5962	1.79E-15
5964	1.79E-15
5966	1.79E-15
5968	1.79E-15
5970	1.79E-15
5972	1.79E-15
5974	1.79E-15
5976	1.79E-15
5978	1.79E-15
5980	1.79E-15
5982	1.79E-15
5984	1.79E-15
5986	1.78E-15
5988	1.78E-15
5990	1.78E-15
5992	1.78E-15
5994	1.78E-15
5996	1.78E-15
5998	1.78E-15
6000	1.78E-15
6002	1.77E-15
6004	1.77E-15
6006	1.77E-15
6008	1.77E-15
6010	1.77E-15
6012	1.77E-15
6014	1.76E-15
6016	1.76E-15
6018	1.76E-15
6020	1.76E-15
6022	1.76E-15
6024	1.76E-15
6026	1.76E-15
6028	1.76E-15
6030	1.76E-15
6032	1.76E-15
6034	1.76E-15
6036	1.75E-15
6038	1.75E-15
6040	1.75E-15
6042	1.75E-15
6044	1.75E-15
6046	1.75E-15
6048	1.75E-15
6050	1.75E-15
6052	1.75E-15
6054	1.75E-15
6056	1.75E-15
6058	1.74E-15
6060	1.74E-15
6062	1.74E-15
6064	1.74E-15
6066	1.73E-15
6068	1.73E-15
6070	1.73E-15
6072	1.73E-15
6074	1.73E-15
6076	1.73E-15
6078	1.73E-15
6080	1.73E-15
6082	1.72E-15
6084	1.72E-15
6086	1.72E-15
6088	1.72E-15
6090	1.72E-15
6092	1.72E-15
6094	1.72E-15
6096	1.72E-15
6098	1.72E-15
6100	1.71E-15
6102	1.72E-15
6104	1.72E-15
6106	1.72E-15
6108	1.72E-15
6110	1.72E-15
6112	1.72E-15
6114	1.71E-15
6116	1.71E-15
6118	1.71E-15
6120	1.71E-15
6122	1.71E-15
6124	1.71E-15
6126	1.71E-15
6128	1.71E-15
6130	1.71E-15
6132	1.71E-15
6134	1.71E-15
6136	1.71E-15
6138	1.70E-15
6140	1.70E-15
6142	1.70E-15
6144	1.70E-15
6146	1.70E-15
6148	1.70E-15
6150	1.70E-15
6152	1.70E-15
6154	1.70E-15
6156	1.69E-15
6158	1.69E-15
6160	1.69E-15
6162	1.69E-15
6164	1.69E-15
6166	1.69E-15
6168	1.69E-15
6170	1.69E-15
6172	1.69E-15
6174	1.69E-15
6176	1.69E-15
6178	1.69E-15
6180	1.69E-15
6182	1.69E-15
6184	1.68E-15
6186	1.68E-15
6188	1.68E-15
6190	1.68E-15
6192	1.67E-15
6194	1.67E-15
6196	1.67E-15
6198	1.67E-15
6200	1.67E-15
6202	1.66E-15
6204	1.66E-15
6206	1.66E-15
6208	1.66E-15
6210	1.65E-15
6212	1.66E-15
6214	1.66E-15
6216	1.65E-15
6218	1.66E-15
6220	1.66E-15
6222	1.65E-15
6224	1.65E-15
6226	1.65E-15
6228	1.64E-15
6230	1.64E-15
6232	1.64E-15
6234	1.64E-15
6236	1.64E-15
6238	1.64E-15
6240	1.64E-15
6242	1.64E-15
6244	1.64E-15
6246	1.64E-15
6248	1.64E-15
6250	1.64E-15
6252	1.64E-15
6254	1.63E-15
6256	1.63E-15
6258	1.63E-15
6260	1.63E-15
6262	1.63E-15
6264	1.63E-15
6266	1.62E-15
6268	1.62E-15
6270	1.63E-15
6272	1.62E-15
6274	1.62E-15
6276	1.63E-15
6278	1.62E-15
6280	1.62E-15
6282	1.62E-15
6284	1.62E-15
6286	1.62E-15
6288	1.62E-15
6290	1.62E-15
6292	1.61E-15
6294	1.61E-15
6296	1.61E-15
6298	1.61E-15
6300	1.61E-15
6302	1.60E-15
6304	1.60E-15
6306	1.60E-15
6308	1.60E-15
6310	1.60E-15
6312	1.60E-15
6314	1.60E-15
6316	1.59E-15
6318	1.59E-15
6320	1.59E-15
6322	1.59E-15
6324	1.59E-15
6326	1.59E-15
6328	1.59E-15
6330	1.59E-15
6332	1.59E-15
6334	1.59E-15
6336	1.59E-15
6338	1.59E-15
6340	1.59E-15
6342	1.59E-15
6344	1.59E-15
6346	1.58E-15
6348	1.58E-15
6350	1.58E-15
6352	1.58E-15
6354	1.58E-15
6356	1.57E-15
6358	1.57E-15
6360	1.57E-15
6362	1.57E-15
6364	1.57E-15
6366	1.57E-15
6368	1.57E-15
6370	1.57E-15
6372	1.56E-15
6374	1.56E-15
6376	1.57E-15
6378	1.56E-15
6380	1.56E-15
6382	1.56E-15
6384	1.56E-15
6386	1.56E-15
6388	1.56E-15
6390	1.56E-15
6392	1.56E-15
6394	1.56E-15
6396	1.56E-15
6398	1.55E-15
6400	1.55E-15
6402	1.55E-15
6404	1.55E-15
6406	1.55E-15
6408	1.55E-15
6410	1.55E-15
6412	1.54E-15
6414	1.55E-15
6416	1.55E-15
6418	1.54E-15
6420	1.54E-15
6422	1.54E-15
6424	1.54E-15
6426	1.54E-15
6428	1.54E-15
6430	1.54E-15
6432	1.54E-15
6434	1.54E-15
6436	1.54E-15
6438	1.54E-15
6440	1.54E-15
6442	1.53E-15
6444	1.53E-15
6446	1.53E-15
6448	1.53E-15
6450	1.53E-15
6452	1.53E-15
6454	1.53E-15
6456	1.53E-15
6458	1.53E-15
6460	1.52E-15
6462	1.52E-15
6464	1.52E-15
6466	1.52E-15
6468	1.52E-15
6470	1.52E-15
6472	1.52E-15
6474	1.52E-15
6476	1.52E-15
6478	1.52E-15
6480	1.51E-15
6482	1.51E-15
6484	1.51E-15
6486	1.51E-15
6488	1.50E-15
6490	1.50E-15
6492	1.50E-15
6494	1.50E-15
6496	1.50E-15
6498	1.49E-15
6500	1.49E-15
6502	1.49E-15
6504	1.48E-15
6506	1.48E-15
6508	1.48E-15
6510	1.47E-15
6512	1.47E-15
6514	1.46E-15
6516	1.46E-15
6518	1.46E-15
6520	1.45E-15
6522	1.45E-15
6524	1.45E-15
6526	1.44E-15
6528	1.44E-15
6530	1.44E-15
6532	1.44E-15
6534	1.44E-15
6536	1.44E-15
6538	1.44E-15
6540	1.44E-15
6542	1.44E-15
6544	1.44E-15
6546	1.44E-15
6548	1.44E-15
6550	1.44E-15
6552	1.43E-15
6554	1.43E-15
6556	1.43E-15
6558	1.43E-15
6560	1.43E-15
6562	1.43E-15
6564	1.42E-15
6566	1.42E-15
6568	1.42E-15
6570	1.42E-15
6572	1.42E-15
6574	1.42E-15
6576	1.42E-15
6578	1.42E-15
6580	1.42E-15
6582	1.42E-15
6584	1.42E-15
6586	1.42E-15
6588	1.42E-15
6590	1.42E-15
6592	1.42E-15
6594	1.42E-15
6596	1.42E-15
6598	1.42E-15
6600	1.42E-15
6602	1.43E-15
6604	1.43E-15
6606	1.43E-15
6608	1.43E-15
6610	1.43E-15
6612	1.43E-15
6614	1.44E-15
6616	1.44E-15
6618	1.44E-15
6620	1.44E-15
6622	1.44E-15
6624	1.44E-15
6626	1.44E-15
6628	1.44E-15
6630	1.44E-15
6632	1.44E-15
6634	1.44E-15
6636	1.44E-15
6638	1.43E-15
6640	1.43E-15
6642	1.43E-15
6644	1.43E-15
6646	1.43E-15
6648	1.43E-15
6650	1.43E-15
6652	1.43E-15
6654	1.43E-15
6656	1.43E-15
6658	1.43E-15
6660	1.43E-15
6662	1.43E-15
6664	1.43E-15
6666	1.43E-15
6668	1.43E-15
6670	1.43E-15
6672	1.43E-15
6674	1.43E-15
6676	1.43E-15
6678	1.43E-15
6680	1.43E-15
6682	1.42E-15
6684	1.42E-15
6686	1.42E-15
6688	1.42E-15
6690	1.42E-15
6692	1.42E-15
6694	1.42E-15
6696	1.42E-15
6698	1.42E-15
6700	1.42E-15
6702	1.42E-15
6704	1.42E-15
6706	1.42E-15
6708	1.42E-15
6710	1.41E-15
6712	1.41E-15
6714	1.41E-15
6716	1.41E-15
6718	1.41E-15
6720	1.41E-15
6722	1.41E-15
6724	1.40E-15
6726	1.40E-15
6728	1.41E-15
6730	1.40E-15
6732	1.41E-15
6734	1.40E-15
6736	1.41E-15
6738	1.41E-15
6740	1.40E-15
6742	1.40E-15
6744	1.41E-15
6746	1.40E-15
6748	1.40E-15
6750	1.40E-15
6752	1.40E-15
6754	1.40E-15
6756	1.40E-15
6758	1.40E-15
6760	1.40E-15
6762	1.40E-15
6764	1.40E-15
6766	1.39E-15
6768	1.40E-15
6770	1.39E-15
6772	1.39E-15
6774	1.40E-15
6776	1.40E-15
6778	1.40E-15
6780	1.40E-15
6782	1.40E-15
6784	1.40E-15
6786	1.40E-15
6788	1.40E-15
6790	1.40E-15
6792	1.40E-15
6794	1.40E-15
6796	1.40E-15
6798	1.40E-15
6800	1.39E-15
6802	1.39E-15
6804	1.39E-15
6806	1.39E-15
6808	1.38E-15
6810	1.38E-15
6812	1.38E-15
6814	1.38E-15
6816	1.37E-15
6818	1.37E-15
6820	1.37E-15
6822	1.37E-15
6824	1.37E-15
6826	1.37E-15
6828	1.37E-15
6830	1.37E-15
6832	1.37E-15
6834	1.37E-15
6836	1.37E-15
6838	1.37E-15
6840	1.37E-15
6842	1.37E-15
6844	1.37E-15
6846	1.37E-15
6848	1.36E-15
6850	1.36E-15
6852	1.36E-15
6854	1.36E-15
6856	1.36E-15
6858	1.36E-15
6860	1.36E-15
6862	1.36E-15
6864	1.36E-15
6866	1.36E-15
6868	1.36E-15
6870	1.35E-15
6872	1.35E-15
6874	1.35E-15
6876	1.35E-15
6878	1.35E-15
6880	1.35E-15
6882	1.35E-15
6884	1.35E-15
6886	1.35E-15
6888	1.35E-15
6890	1.35E-15
6892	1.35E-15
6894	1.34E-15
6896	1.34E-15
6898	1.34E-15
6900	1.34E-15
6902	1.34E-15
6904	1.34E-15
6906	1.34E-15
6908	1.34E-15
6910	1.34E-15
6912	1.34E-15
6914	1.34E-15
6916	1.34E-15
6918	1.34E-15
6920	1.33E-15
6922	1.33E-15
6924	1.33E-15
6926	1.33E-15
6928	1.33E-15
6930	1.33E-15
6932	1.33E-15
6934	1.33E-15
6936	1.33E-15
6938	1.33E-15
6940	1.33E-15
6942	1.33E-15
6944	1.33E-15
6946	1.32E-15
6948	1.32E-15
6950	1.32E-15
6952	1.33E-15
6954	1.33E-15
6956	1.32E-15
6958	1.32E-15
6960	1.32E-15
6962	1.32E-15
6964	1.32E-15
6966	1.32E-15
6968	1.32E-15
6970	1.32E-15
6972	1.32E-15
6974	1.32E-15
6976	1.31E-15
6978	1.31E-15
6980	1.31E-15
6982	1.31E-15
6984	1.31E-15
6986	1.31E-15
6988	1.31E-15
6990	1.31E-15
6992	1.31E-15
6994	1.31E-15
6996	1.31E-15
6998	1.31E-15
7000	1.31E-15
7002	1.31E-15
7004	1.31E-15
7006	1.31E-15
7008	1.31E-15
7010	1.31E-15
7012	1.31E-15
7014	1.31E-15
7016	1.31E-15
7018	1.31E-15
7020	1.31E-15
7022	1.31E-15
7024	1.31E-15
7026	1.31E-15
7028	1.30E-15
7030	1.30E-15
7032	1.30E-15
7034	1.30E-15
7036	1.29E-15
7038	1.29E-15
7040	1.29E-15
7042	1.28E-15
7044	1.28E-15
7046	1.28E-15
7048	1.28E-15
7050	1.28E-15
7052	1.28E-15
7054	1.28E-15
7056	1.28E-15
7058	1.28E-15
7060	1.28E-15
7062	1.28E-15
7064	1.28E-15
7066	1.28E-15
7068	1.28E-15
7070	1.28E-15
7072	1.28E-15
7074	1.28E-15
7076	1.28E-15
7078	1.28E-15
7080	1.28E-15
7082	1.28E-15
7084	1.28E-15
7086	1.28E-15
7088	1.28E-15
7090	1.28E-15
7092	1.27E-15
7094	1.27E-15
7096	1.27E-15
7098	1.27E-15
7100	1.27E-15
7102	1.26E-15
7104	1.26E-15
7106	1.26E-15
7108	1.26E-15
7110	1.26E-15
7112	1.26E-15
7114	1.26E-15
7116	1.26E-15
7118	1.26E-15
7120	1.26E-15
7122	1.26E-15
7124	1.27E-15
7126	1.26E-15
7128	1.26E-15
7130	1.26E-15
7132	1.26E-15
7134	1.26E-15
7136	1.26E-15
7138	1.26E-15
7140	1.26E-15
7142	1.26E-15
7144	1.26E-15
7146	1.26E-15
7148	1.25E-15
7150	1.25E-15
7152	1.25E-15
7154	1.25E-15
7156	1.25E-15
7158	1.25E-15
7160	1.25E-15
7162	1.24E-15
7164	1.24E-15
7166	1.24E-15
7168	1.24E-15
7170	1.25E-15
7172	1.25E-15
7174	1.25E-15
7176	1.24E-15
7178	1.24E-15
7180	1.24E-15
7182	1.24E-15
7184	1.24E-15
7186	1.24E-15
7188	1.24E-15
7190	1.24E-15
7192	1.24E-15
7194	1.24E-15
7196	1.23E-15
7198	1.23E-15
7200	1.23E-15
7202	1.23E-15
7204	1.23E-15
7206	1.23E-15
7208	1.23E-15
7210	1.22E-15
7212	1.22E-15
7214	1.22E-15
7216	1.22E-15
7218	1.22E-15
7220	1.22E-15
7222	1.22E-15
7224	1.22E-15
7226	1.22E-15
7228	1.22E-15
7230	1.22E-15
7232	1.22E-15
7234	1.22E-15
7236	1.22E-15
7238	1.22E-15
7240	1.22E-15
7242	1.22E-15
7244	1.21E-15
7246	1.21E-15
7248	1.21E-15
7250	1.21E-15
7252	1.21E-15
7254	1.20E-15
7256	1.20E-15
7258	1.20E-15
7260	1.20E-15
7262	1.20E-15
7264	1.20E-15
7266	1.20E-15
7268	1.20E-15
7270	1.20E-15
7272	1.20E-15
7274	1.20E-15
7276	1.20E-15
7278	1.20E-15
7280	1.19E-15
7282	1.19E-15
7284	1.19E-15
7286	1.19E-15
7288	1.19E-15
7290	1.19E-15
7292	1.18E-15
7294	1.18E-15
7296	1.18E-15
7298	1.18E-15
7300	1.18E-15
7302	1.18E-15
7304	1.18E-15
7306	1.18E-15
7308	1.18E-15
7310	1.18E-15
7312	1.18E-15
7314	1.18E-15
7316	1.18E-15
7318	1.18E-15
7320	1.18E-15
7322	1.18E-15
7324	1.18E-15
7326	1.18E-15
7328	1.18E-15
7330	1.18E-15
7332	1.18E-15
7334	1.18E-15
7336	1.18E-15
7338	1.17E-15
7340	1.17E-15
7342	1.17E-15
7344	1.17E-15
7346	1.17E-15
7348	1.17E-15
7350	1.16E-15
7352	1.16E-15
7354	1.16E-15
7356	1.16E-15
7358	1.17E-15
7360	1.16E-15
7362	1.16E-15
7364	1.17E-15
7366	1.17E-15
7368	1.17E-15
7370	1.17E-15
7372	1.17E-15
7374	1.17E-15
7376	1.17E-15
7378	1.16E-15
7380	1.16E-15
7382	1.16E-15
7384	1.16E-15
7386	1.16E-15
7388	1.16E-15
7390	1.16E-15
7392	1.16E-15
7394	1.16E-15
7396	1.16E-15
7398	1.16E-15
7400	1.15E-15
7402	1.15E-15
7404	1.15E-15
7406	1.15E-15
7408	1.15E-15
7410	1.15E-15
7412	1.15E-15
7414	1.15E-15
7416	1.15E-15
7418	1.14E-15
7420	1.14E-15
7422	1.14E-15
7424	1.14E-15
7426	1.14E-15
7428	1.14E-15
7430	1.14E-15
7432	1.14E-15
7434	1.14E-15
7436	1.14E-15
7438	1.14E-15
7440	1.14E-15
7442	1.14E-15
7444	1.14E-15
7446	1.14E-15
7448	1.14E-15
7450	1.14E-15
7452	1.14E-15
7454	1.14E-15
7456	1.14E-15
7458	1.14E-15
7460	1.14E-15
7462	1.14E-15
7464	1.13E-15
7466	1.13E-15
7468	1.13E-15
7470	1.13E-15
7472	1.13E-15
7474	1.13E-15
7476	1.13E-15
7478	1.13E-15
7480	1.13E-15
7482	1.13E-15
7484	1.13E-15
7486	1.12E-15
7488	1.12E-15
7490	1.12E-15
7492	1.12E-15
7494	1.12E-15
7496	1.12E-15
7498	1.12E-15
7500	1.12E-15
7502	1.12E-15
7504	1.12E-15
7506	1.12E-15
7508	1.12E-15
7510	1.12E-15
7512	1.12E-15
7514	1.12E-15
7516	1.11E-15
7518	1.11E-15
7520	1.11E-15
7522	1.11E-15
7524	1.11E-15
7526	1.11E-15
7528	1.11E-15
7530	1.11E-15
7532	1.11E-15
7534	1.11E-15
7536	1.11E-15
7538	1.11E-15
7540	1.11E-15
7542	1.11E-15
7544	1.11E-15
7546	1.10E-15
7548	1.10E-15
7550	1.10E-15
7552	1.10E-15
7554	1.10E-15
7556	1.10E-15
7558	1.10E-15
7560	1.10E-15
7562	1.10E-15
7564	1.09E-15
7566	1.09E-15
7568	1.09E-15
7570	1.09E-15
7572	1.09E-15
7574	1.09E-15
7576	1.09E-15
7578	1.09E-15
7580	1.09E-15
7582	1.09E-15
7584	1.09E-15
7586	1.09E-15
7588	1.09E-15
7590	1.09E-15
7592	1.08E-15
7594	1.08E-15
7596	1.08E-15
7598	1.08E-15
7600	1.08E-15
7602	1.08E-15
7604	1.08E-15
7606	1.08E-15
7608	1.08E-15
7610	1.08E-15
7612	1.08E-15
7614	1.08E-15
7616	1.08E-15
7618	1.08E-15
7620	1.07E-15
7622	1.07E-15
7624	1.07E-15
7626	1.07E-15
7628	1.07E-15
7630	1.07E-15
7632	1.07E-15
7634	1.07E-15
7636	1.07E-15
7638	1.07E-15
7640	1.07E-15
7642	1.07E-15
7644	1.07E-15
7646	1.07E-15
7648	1.06E-15
7650	1.06E-15
7652	1.06E-15
7654	1.06E-15
7656	1.06E-15
7658	1.06E-15
7660	1.06E-15
7662	1.06E-15
7664	1.06E-15
7666	1.06E-15
7668	1.06E-15
7670	1.06E-15
7672	1.06E-15
7674	1.06E-15
7676	1.06E-15
7678	1.05E-15
7680	1.05E-15
7682	1.05E-15
7684	1.05E-15
7686	1.05E-15
7688	1.05E-15
7690	1.05E-15
7692	1.05E-15
7694	1.05E-15
7696	1.05E-15
7698	1.05E-15
7700	1.05E-15
7702	1.05E-15
7704	1.05E-15
7706	1.05E-15
7708	1.05E-15
7710	1.05E-15
7712	1.05E-15
7714	1.04E-15
7716	1.04E-15
7718	1.05E-15
7720	1.04E-15
7722	1.04E-15
7724	1.04E-15
7726	1.04E-15
7728	1.04E-15
7730	1.04E-15
7732	1.04E-15
7734	1.04E-15
7736	1.04E-15
7738	1.04E-15
7740	1.04E-15
7742	1.04E-15
7744	1.04E-15
7746	1.04E-15
7748	1.04E-15
7750	1.04E-15
7752	1.04E-15
7754	1.04E-15
7756	1.04E-15
7758	1.03E-15
7760	1.03E-15
7762	1.03E-15
7764	1.03E-15
7766	1.03E-15
7768	1.03E-15
7770	1.03E-15
7772	1.02E-15
7774	1.02E-15
7776	1.02E-15
7778	1.02E-15
7780	1.02E-15
7782	1.02E-15
7784	1.02E-15
7786	1.02E-15
7788	1.02E-15
7790	1.02E-15
7792	1.02E-15
7794	1.02E-15
7796	1.02E-15
7798	1.02E-15
7800	1.02E-15
7802	1.02E-15
7804	1.02E-15
7806	1.02E-15
7808	1.02E-15
7810	1.01E-15
7812	1.01E-15
7814	1.01E-15
7816	1.01E-15
7818	1.01E-15
7820	1.01E-15
7822	1.01E-15
7824	1.01E-15
7826	1.01E-15
7828	1.01E-15
7830	1.01E-15
7832	1.01E-15
7834	1.01E-15
7836	1.01E-15
7838	1.00E-15
7840	1.00E-15
7842	1.00E-15
7844	1.00E-15
7846	1.00E-15
7848	1.00E-15
7850	1.00E-15
7852	1.00E-15
7854	1.00E-15
7856	1.00E-15
7858	1.00E-15
7860	9.99E-16
7862	9.99E-16
7864	9.98E-16
7866	9.98E-16
7868	9.95E-16
7870	9.95E-16
7872	9.92E-16
7874	9.92E-16
7876	9.91E-16
7878	9.91E-16
7880	9.90E-16
7882	9.90E-16
7884	9.89E-16
7886	9.91E-16
7888	9.90E-16
7890	9.90E-16
7892	9.89E-16
7894	9.89E-16
7896	9.88E-16
7898	9.86E-16
7900	9.85E-16
7902	9.85E-16
7904	9.84E-16
7906	9.82E-16
7908	9.81E-16
7910	9.81E-16
7912	9.81E-16
7914	9.80E-16
7916	9.80E-16
7918	9.79E-16
7920	9.80E-16
7922	9.80E-16
7924	9.79E-16
7926	9.79E-16
7928	9.78E-16
7930	9.78E-16
7932	9.77E-16
7934	9.77E-16
7936	9.76E-16
7938	9.78E-16
7940	9.77E-16
7942	9.79E-16
7944	9.78E-16
7946	9.78E-16
7948	9.77E-16
7950	9.77E-16
7952	9.76E-16
7954	9.76E-16
7956	9.75E-16
7958	9.75E-16
7960	9.74E-16
7962	9.74E-16
7964	9.73E-16
7966	9.73E-16
7968	9.70E-16
7970	9.68E-16
7972	9.66E-16
7974	9.64E-16
7976	9.62E-16
7978	9.60E-16
7980	9.59E-16
7982	9.59E-16
7984	9.58E-16
7986	9.58E-16
7988	9.59E-16
7990	9.59E-16
7992	9.60E-16
7994	9.60E-16
7996	9.62E-16
7998	9.61E-16
8000	9.61E-16
8002	9.60E-16
8004	9.60E-16
8006	9.59E-16
8008	9.59E-16
8010	9.57E-16
8012	9.58E-16
8014	9.57E-16
8016	9.57E-16
8018	9.57E-16
8020	9.56E-16
8022	9.56E-16
8024	9.57E-16
8026	9.56E-16
8028	9.56E-16
8030	9.55E-16
8032	9.57E-16
8034	9.56E-16
8036	9.56E-16
8038	9.55E-16
8040	9.55E-16
8042	9.53E-16
8044	9.50E-16
8046	9.50E-16
8048	9.48E-16
8050	9.46E-16
8052	9.46E-16
8054	9.45E-16
8056	9.45E-16
8058	9.44E-16
8060	9.42E-16
8062	9.42E-16
8064	9.41E-16
8066	9.43E-16
8068	9.42E-16
8070	9.42E-16
8072	9.42E-16
8074	9.43E-16
8076	9.43E-16
8078	9.42E-16
8080	9.42E-16
8082	9.41E-16
8084	9.39E-16
8086	9.38E-16
8088	9.36E-16
8090	9.35E-16
8092	9.33E-16
8094	9.33E-16
8096	9.32E-16
8098	9.32E-16
8100	9.31E-16
8102	9.31E-16
8104	9.32E-16
8106	9.32E-16
8108	9.33E-16
8110	9.32E-16
8112	9.32E-16
8114	9.32E-16
8116	9.32E-16
8118	9.31E-16
8120	9.30E-16
8122	9.30E-16
8124	9.29E-16
8126	9.29E-16
8128	9.29E-16
8130	9.30E-16
8132	9.30E-16
8134	9.29E-16
8136	9.31E-16
8138	9.30E-16
8140	9.30E-16
8142	9.29E-16
8144	9.29E-16
8146	9.28E-16
8148	9.28E-16
8150	9.26E-16
8152	9.25E-16
8154	9.25E-16
8156	9.24E-16
8158	9.24E-16
8160	9.24E-16
8162	9.23E-16
8164	9.23E-16
8166	9.20E-16
8168	9.19E-16
8170	9.19E-16
8172	9.17E-16
8174	9.14E-16
8176	9.14E-16
8178	9.14E-16
8180	9.13E-16
8182	9.13E-16
8184	9.11E-16
8186	9.11E-16
8188	9.09E-16
8190	9.08E-16
8192	9.06E-16
8194	9.06E-16
8196	9.04E-16
8198	9.03E-16
8200	9.03E-16
8202	9.04E-16
8204	9.04E-16
8206	9.05E-16
8208	9.04E-16
8210	9.06E-16
8212	9.06E-16
8214	9.07E-16
8216	9.07E-16
8218	9.08E-16
8220	9.08E-16
8222	9.10E-16
8224	9.09E-16
8226	9.07E-16
8228	9.07E-16
8230	9.05E-16
8232	9.02E-16
8234	8.99E-16
8236	8.95E-16
8238	8.92E-16
8240	8.90E-16
8242	8.90E-16
8244	8.89E-16
8246	8.89E-16
8248	8.88E-16
8250	8.89E-16
8252	8.91E-16
8254	8.91E-16
8256	8.91E-16
8258	8.90E-16
8260	8.91E-16
8262	8.91E-16
8264	8.91E-16
8266	8.92E-16
8268	8.93E-16
8270	8.93E-16
8272	8.93E-16
8274	8.92E-16
8276	8.92E-16
8278	8.91E-16
8280	8.89E-16
8282	8.88E-16
8284	8.86E-16
8286	8.84E-16
8288	8.83E-16
8290	8.81E-16
8292	8.79E-16
8294	8.77E-16
8296	8.76E-16
8298	8.75E-16
8300	8.75E-16
8302	8.73E-16
8304	8.72E-16
8306	8.72E-16
8308	8.71E-16
8310	8.73E-16
8312	8.73E-16
8314	8.74E-16
8316	8.74E-16
8318	8.73E-16
8320	8.75E-16
8322	8.73E-16
8324	8.72E-16
8326	8.72E-16
8328	8.71E-16
8330	8.71E-16
8332	8.70E-16
8334	8.70E-16
8336	8.70E-16
8338	8.68E-16
8340	8.66E-16
8342	8.66E-16
8344	8.64E-16
8346	8.62E-16
8348	8.62E-16
8350	8.61E-16
8352	8.61E-16
8354	8.60E-16
8356	8.60E-16
8358	8.59E-16
8360	8.61E-16
8362	8.60E-16
8364	8.60E-16
8366	8.59E-16
8368	8.59E-16
8370	8.59E-16
8372	8.58E-16
8374	8.58E-16
8376	8.57E-16
8378	8.55E-16
8380	8.55E-16
8382	8.55E-16
8384	8.54E-16
8386	8.54E-16
8388	8.53E-16
8390	8.51E-16
8392	8.51E-16
8394	8.50E-16
8396	8.49E-16
8398	8.49E-16
8400	8.49E-16
8402	8.47E-16
8404	8.46E-16
8406	8.46E-16
8408	8.45E-16
8410	8.45E-16
8412	8.45E-16
8414	8.44E-16
8416	8.44E-16
8418	8.45E-16
8420	8.44E-16
8422	8.44E-16
8424	8.44E-16
8426	8.43E-16
8428	8.41E-16
8430	8.41E-16
8432	8.41E-16
8434	8.40E-16
8436	8.40E-16
8438	8.39E-16
8440	8.39E-16
8442	8.37E-16
8444	8.38E-16
8446	8.38E-16
8448	8.37E-16
8450	8.37E-16
8452	8.37E-16
8454	8.36E-16
8456	8.36E-16
8458	8.37E-16
8460	8.37E-16
8462	8.36E-16
8464	8.37E-16
8466	8.38E-16
8468	8.37E-16
8470	8.37E-16
8472	8.36E-16
8474	8.38E-16
8476	8.37E-16
8478	8.37E-16
8480	8.36E-16
8482	8.36E-16
8484	8.36E-16
8486	8.35E-16
8488	8.35E-16
8490	8.34E-16
8492	8.36E-16
8494	8.35E-16
8496	8.36E-16
8498	8.37E-16
8500	8.38E-16
8502	8.37E-16
8504	8.37E-16
8506	8.37E-16
8508	8.36E-16
8510	8.36E-16
8512	8.34E-16
8514	8.34E-16
8516	8.32E-16
8518	8.31E-16
8520	8.30E-16
8522	8.30E-16
8524	8.29E-16
8526	8.29E-16
8528	8.29E-16
8530	8.30E-16
8532	8.32E-16
8534	8.33E-16
8536	8.33E-16
8538	8.34E-16
8540	8.35E-16
8542	8.35E-16
8544	8.35E-16
8546	8.34E-16
8548	8.32E-16
8550	8.30E-16
8552	8.29E-16
8554	8.27E-16
8556	8.24E-16
8558	8.23E-16
8560	8.19E-16
8562	8.17E-16
8564	8.13E-16
8566	8.11E-16
8568	8.09E-16
8570	8.08E-16
8572	8.08E-16
8574	8.08E-16
8576	8.07E-16
8578	8.08E-16
8580	8.09E-16
8582	8.10E-16
8584	8.10E-16
8586	8.09E-16
8588	8.09E-16
8590	8.10E-16
8592	8.11E-16
8594	8.11E-16
8596	8.13E-16
8598	8.14E-16
8600	8.13E-16
8602	8.13E-16
8604	8.11E-16
8606	8.11E-16
8608	8.07E-16
8610	8.03E-16
8612	8.01E-16
8614	7.97E-16
8616	7.93E-16
8618	7.91E-16
8620	7.87E-16
8622	7.86E-16
8624	7.85E-16
8626	7.84E-16
8628	7.84E-16
8630	7.83E-16
8632	7.83E-16
8634	7.83E-16
8636	7.82E-16
8638	7.82E-16
8640	7.82E-16
8642	7.81E-16
8644	7.82E-16
8646	7.83E-16
8648	7.84E-16
8650	7.85E-16
8652	7.87E-16
8654	7.89E-16
8656	7.90E-16
8658	7.91E-16
8660	7.92E-16
8662	7.93E-16
8664	7.95E-16
8666	7.96E-16
8668	7.95E-16
8670	7.96E-16
8672	7.96E-16
8674	7.94E-16
8676	7.92E-16
8678	7.90E-16
8680	7.90E-16
8682	7.88E-16
8684	7.87E-16
8686	7.87E-16
8688	7.85E-16
8690	7.85E-16
8692	7.84E-16
8694	7.83E-16
8696	7.82E-16
8698	7.81E-16
8700	7.79E-16
8702	7.78E-16
8704	7.75E-16
8706	7.73E-16
8708	7.72E-16
8710	7.71E-16
8712	7.67E-16
8714	7.66E-16
8716	7.65E-16
8718	7.61E-16
8720	7.60E-16
8722	7.59E-16
8724	7.58E-16
8726	7.58E-16
8728	7.58E-16
8730	7.57E-16
8732	7.58E-16
8734	7.59E-16
8736	7.60E-16
8738	7.61E-16
8740	7.61E-16
8742	7.62E-16
8744	7.63E-16
8746	7.63E-16
8748	7.64E-16
8750	7.63E-16
8752	7.63E-16
8754	7.63E-16
8756	7.62E-16
8758	7.62E-16
8760	7.62E-16
8762	7.61E-16
8764	7.62E-16
8766	7.61E-16
8768	7.61E-16
8770	7.61E-16
8772	7.60E-16
8774	7.60E-16
8776	7.59E-16
8778	7.59E-16
8780	7.57E-16
8782	7.55E-16
8784	7.53E-16
8786	7.52E-16
8788	7.52E-16
8790	7.54E-16
8792	7.55E-16
8794	7.56E-16
8796	7.56E-16
8798	7.55E-16
8800	7.56E-16
8802	7.55E-16
8804	7.54E-16
8806	7.52E-16
8808	7.51E-16
8810	7.49E-16
8812	7.48E-16
8814	7.46E-16
8816	7.45E-16
8818	7.44E-16
8820	7.42E-16
8822	7.40E-16
8824	7.38E-16
8826	7.38E-16
8828	7.37E-16
8830	7.35E-16
8832	7.35E-16
8834	7.35E-16
8836	7.33E-16
8838	7.33E-16
8840	7.32E-16
8842	7.31E-16
8844	7.32E-16
8846	7.31E-16
8848	7.31E-16
8850	7.32E-16
8852	7.35E-16
8854	7.37E-16
8856	7.38E-16
8858	7.39E-16
8860	7.40E-16
8862	7.40E-16
8864	7.39E-16
8866	7.38E-16
8868	7.37E-16
8870	7.35E-16
8872	7.35E-16
8874	7.35E-16
8876	7.34E-16
8878	7.32E-16
8880	7.30E-16
8882	7.29E-16
8884	7.26E-16
8886	7.25E-16
8888	7.24E-16
8890	7.23E-16
8892	7.22E-16
8894	7.20E-16
8896	7.20E-16
8898	7.21E-16
8900	7.21E-16
8902	7.22E-16
8904	7.22E-16
8906	7.23E-16
8908	7.25E-16
8910	7.24E-16
8912	7.23E-16
8914	7.22E-16
8916	7.20E-16
8918	7.18E-16
8920	7.16E-16
8922	7.14E-16
8924	7.14E-16
8926	7.12E-16
8928	7.12E-16
8930	7.12E-16
8932	7.11E-16
8934	7.10E-16
8936	7.10E-16
8938	7.09E-16
8940	7.07E-16
8942	7.05E-16
8944	7.04E-16
8946	7.03E-16
8948	7.02E-16
8950	7.01E-16
8952	7.00E-16
8954	7.00E-16
8956	7.00E-16
8958	7.00E-16
8960	6.99E-16
8962	7.00E-16
8964	7.00E-16
8966	7.01E-16
8968	7.02E-16
8970	7.03E-16
8972	7.04E-16
8974	7.06E-16
8976	7.07E-16
8978	7.07E-16
8980	7.08E-16
8982	7.08E-16
8984	7.09E-16
8986	7.09E-16
8988	7.10E-16
8990	7.09E-16
8992	7.08E-16
8994	7.07E-16
8996	7.06E-16
8998	7.05E-16
9000	7.03E-16
9002	7.02E-16
9004	7.00E-16
9006	6.99E-16
9008	6.99E-16
9010	6.97E-16
9012	6.97E-16
9014	6.94E-16
9016	6.92E-16
9018	6.90E-16
9020	6.87E-16
9022	6.85E-16
9024	6.80E-16
9026	6.80E-16
9028	6.79E-16
9030	6.78E-16
9032	6.77E-16
9034	6.77E-16
9036	6.77E-16
9038	6.75E-16
9040	6.73E-16
9042	6.72E-16
9044	6.71E-16
9046	6.71E-16
9048	6.71E-16
9050	6.70E-16
9052	6.70E-16
9054	6.70E-16
9056	6.71E-16
9058	6.70E-16
9060	6.70E-16
9062	6.70E-16
9064	6.71E-16
9066	6.71E-16
9068	6.71E-16
9070	6.69E-16
9072	6.68E-16
9074	6.67E-16
9076	6.67E-16
9078	6.65E-16
9080	6.63E-16
9082	6.63E-16
9084	6.61E-16
9086	6.61E-16
9088	6.61E-16
9090	6.60E-16
9092	6.60E-16
9094	6.60E-16
9096	6.59E-16
9098	6.59E-16
9100	6.56E-16
9102	6.54E-16
9104	6.52E-16
9106	6.49E-16
9108	6.48E-16
9110	6.47E-16
9112	6.47E-16
9114	6.47E-16
9116	6.46E-16
9118	6.46E-16
9120	6.46E-16
9122	6.47E-16
9124	6.48E-16
9126	6.48E-16
9128	6.49E-16
9130	6.47E-16
9132	6.47E-16
9134	6.47E-16
9136	6.45E-16
9138	6.45E-16
9140	6.45E-16
9142	6.44E-16
9144	6.44E-16
9146	6.44E-16
9148	6.44E-16
9150	6.42E-16
9152	6.42E-16
9154	6.41E-16
9156	6.41E-16
9158	6.40E-16
9160	6.40E-16
9162	6.40E-16
9164	6.41E-16
9166	6.41E-16
9168	6.42E-16
9170	6.43E-16
9172	6.43E-16
9174	6.43E-16
9176	6.43E-16
9178	6.42E-16
9180	6.41E-16
9182	6.40E-16
9184	6.40E-16
9186	6.39E-16
9188	6.39E-16
9190	6.39E-16
9192	6.40E-16
9194	6.40E-16
9196	6.41E-16
9198	6.42E-16
9200	6.42E-16
