3150.2893	1.29101E-13
3152.3707	1.29288E-13
3154.452	1.29474E-13
3156.5334	1.29661E-13
3158.6147	1.29849E-13
3160.6961	1.30037E-13
3162.7775	1.30225E-13
3164.8588	1.30414E-13
3166.9402	1.34881E-13
3169.0216	1.34828E-13
3171.1029	1.32926E-13
3173.1843	1.30329E-13
3175.2656	1.30278E-13
3177.347	1.33384E-13
3179.4284	1.39615E-13
3181.5097	1.46139E-13
3183.5911	1.48798E-13
3185.6725	1.39711E-13
3187.7538	1.33003E-13
3189.8352	1.31976E-13
3191.9165	1.38016E-13
3193.9979	1.47694E-13
3196.0793	1.50798E-13
3198.1606	1.49221E-13
3200.242	1.45501E-13
3202.3234	1.43582E-13
3204.4047	1.44456E-13
3206.4861	1.46681E-13
3208.5674	1.48528E-13
3210.6488	1.47654E-13
3212.7302	1.37747E-13
3214.8115	1.38331E-13
3216.8929	1.42154E-13
3218.9743	1.45277E-13
3221.0556	1.46702E-13
3223.137	1.45303E-13
3225.2183	1.38584E-13
3227.2997	1.29286E-13
3229.3811	1.23764E-13
3231.4624	1.24863E-13
3233.5438	1.31303E-13
3235.6252	1.39996E-13
3237.7065	1.46675E-13
3239.7879	1.45278E-13
3241.8692	1.431E-13
3243.9506	1.40438E-13
3246.032	1.391E-13
3248.1133	1.47492E-13
3250.1947	1.52129E-13
3252.276	1.51097E-13
3254.3574	1.43186E-13
3256.4388	1.28276E-13
3258.5201	1.19672E-13
3260.6015	1.23434E-13
3262.6829	1.32826E-13
3264.7642	1.39164E-13
3266.8456	1.42094E-13
3268.9269	1.48464E-13
3271.0083	1.53133E-13
3273.0897	1.52376E-13
3275.171	1.44399E-13
3277.2524	1.32865E-13
3279.3338	1.28843E-13
3281.4151	1.31193E-13
3283.4965	1.33094E-13
3285.5778	1.33908E-13
3287.6592	1.3535E-13
3289.7406	1.36555E-13
3291.8219	1.37391E-13
3293.9033	1.41192E-13
3295.9847	1.47524E-13
3298.066	1.50631E-13
3300.1474	1.4824E-13
3302.2287	1.45887E-13
3304.3101	1.42387E-13
3306.3915	1.42208E-13
3308.4728	1.43343E-13
3310.5542	1.38877E-13
3312.6356	1.40632E-13
3314.7169	1.42409E-13
3316.7983	1.44608E-13
3318.8796	1.47248E-13
3320.961	1.3967E-13
3323.0424	1.36949E-13
3325.1237	1.34777E-13
3327.2051	1.32152E-13
3329.2864	1.33576E-13
3331.3678	1.3452E-13
3333.4492	1.35221E-13
3335.5305	1.35301E-13
3337.6119	1.32788E-13
3339.6933	1.34468E-13
3341.7746	1.35169E-13
3343.856	1.34133E-13
3345.9373	1.31279E-13
3348.0187	1.34418E-13
3350.1001	1.34746E-13
3352.1814	1.35824E-13
3354.2628	1.38688E-13
3356.3442	1.37246E-13
3358.4255	1.36069E-13
3360.5069	1.37538E-13
3362.5882	1.40438E-13
3364.6696	1.41562E-13
3366.751	1.43354E-13
3368.8323	1.43705E-13
3370.9137	1.37828E-13
3372.9951	1.23367E-13
3375.0764	1.14674E-13
3377.1578	1.16769E-13
3379.2391	1.20336E-13
3381.3205	1.21299E-13
3383.4019	1.25466E-13
3385.4832	1.28348E-13
3387.5646	1.29496E-13
3389.646	1.30414E-13
3391.7273	1.35516E-13
3393.8087	1.3927E-13
3395.89	1.40775E-13
3397.9714	1.39185E-13
3400.0528	1.33494E-13
3402.1341	1.22385E-13
3404.2155	1.17273E-13
3406.2969	1.1627E-13
3408.3782	1.1796E-13
3410.4596	1.20007E-13
3412.5409	1.23787E-13
3414.6223	1.28868E-13
3416.7037	1.33542E-13
3418.785	1.33379E-13
3420.8664	1.24554E-13
3422.9477	1.2079E-13
3425.0291	1.18441E-13
3427.1105	1.13495E-13
3429.1918	1.17936E-13
3431.2732	1.19652E-13
3433.3546	1.19728E-13
3435.4359	1.19143E-13
3437.5173	1.19328E-13
3439.5986	1.19954E-13
3441.68	1.23279E-13
3443.7614	1.27282E-13
3445.8427	1.26311E-13
3447.9241	1.18499E-13
3450.0055	1.14075E-13
3452.0868	1.14675E-13
3454.1682	1.21379E-13
3456.2495	1.26247E-13
3458.3309	1.26328E-13
3460.4123	1.23987E-13
3462.4936	1.21019E-13
3464.575	1.20874E-13
3466.6564	1.21063E-13
3468.7377	1.20584E-13
3470.8191	1.18459E-13
3472.9004	1.13618E-13
3474.9818	1.14849E-13
3477.0632	1.16629E-13
3479.1445	1.1811E-13
3481.2259	1.18732E-13
3483.3073	1.18481E-13
3485.3886	1.16286E-13
3487.47	1.17007E-13
3489.5513	1.22037E-13
3491.6327	1.21332E-13
3493.7141	1.16804E-13
3495.7954	1.13172E-13
3497.8768	1.11692E-13
3499.9581	1.12488E-13
3502.0395	1.15077E-13
3504.1209	1.16218E-13
3506.2022	1.14382E-13
3508.2836	1.09306E-13
3510.365	1.12753E-13
3512.4463	1.13243E-13
3514.5277	1.13631E-13
3516.609	1.15182E-13
3518.6904	1.16539E-13
3520.7718	1.13437E-13
3522.8531	1.09911E-13
3524.9345	1.08675E-13
3527.0159	1.13977E-13
3529.0972	1.20755E-13
3531.1786	1.22516E-13
3533.2599	1.20138E-13
3535.3413	1.15763E-13
3537.4227	1.14778E-13
3539.504	1.16882E-13
3541.5854	1.17716E-13
3543.6668	1.15432E-13
3545.7481	1.12051E-13
3547.8295	1.14316E-13
3549.9108	1.17814E-13
3551.9922	1.21643E-13
3554.0736	1.26177E-13
3556.1549	1.23729E-13
3558.2363	1.18567E-13
3560.3177	1.14777E-13
3562.399	1.16774E-13
3564.4804	1.16102E-13
3566.5617	1.1554E-13
3568.6431	1.13822E-13
3570.7245	1.17306E-13
3572.8058	1.21566E-13
3574.8872	1.23568E-13
3576.9686	1.19619E-13
3579.0499	1.14103E-13
3581.1313	1.09444E-13
3583.2126	1.11042E-13
3585.294	1.12975E-13
3587.3754	1.11604E-13
3589.4567	1.08436E-13
3591.5381	1.0861E-13
3593.6194	1.08785E-13
3595.7008	1.08959E-13
3597.7822	1.08733E-13
3599.8635	1.09008E-13
3601.9449	1.10194E-13
3604.0263	1.1129E-13
3606.1076	1.1219E-13
3608.189	1.17667E-13
3610.2703	1.20158E-13
3612.3517	1.18373E-13
3614.4331	1.16078E-13
3616.5144	1.14144E-13
3618.5958	1.09686E-13
3620.6772	1.06869E-13
3622.7585	1.0606E-13
3624.8399	1.06526E-13
3626.9212	1.05331E-13
3629.0026	1.04149E-13
3631.084	1.03839E-13
3633.1653	1.04198E-13
3635.2467	1.0621E-13
3637.3281	1.05309E-13
3639.4094	1.04995E-13
3641.4908	1.04875E-13
3643.5721	1.05822E-13
3645.6535	1.03868E-13
3647.7349	1.01108E-13
3649.8162	9.99746E-14
3651.8976	1.01905E-13
3653.979	1.05706E-13
3656.0603	1.07055E-13
3658.1417	1.05078E-13
3660.223	1.04188E-13
3662.3044	1.04453E-13
3664.3858	1.03569E-13
3666.4671	1.03451E-13
3668.5485	1.04675E-13
3670.6299	1.05233E-13
3672.7112	1.07068E-13
3674.7926	1.06553E-13
3676.8739	1.05846E-13
3678.9553	1.05921E-13
3681.0367	1.03488E-13
3683.118	1.00832E-13
3685.1994	9.92452E-14
3687.2807	9.9042E-14
3689.3621	9.86573E-14
3691.4435	9.76426E-14
3693.5248	9.56642E-14
3695.6062	9.52051E-14
3697.6876	9.63321E-14
3699.7689	9.6757E-14
3701.8503	9.61156E-14
3703.9316	9.48649E-14
3706.013	9.34583E-14
3708.0944	9.43909E-14
3710.1757	9.80941E-14
3712.2571	9.89818E-14
3714.3385	9.72453E-14
3716.4198	9.49253E-14
3718.5012	9.56083E-14
3720.5825	9.72769E-14
3722.6639	9.83386E-14
3724.7453	9.84098E-14
3726.8266	1.0059E-13
3728.908	1.0396E-13
3730.9894	1.05289E-13
3733.0707	1.03633E-13
3735.1521	9.9315E-14
3737.2334	9.54402E-14
3739.3148	9.36801E-14
3741.3962	9.57556E-14
3743.4775	9.84195E-14
3745.5589	9.81292E-14
3747.6403	9.70322E-14
3749.7216	9.60359E-14
3751.803	9.57528E-14
3753.8843	9.59997E-14
3755.9657	9.42298E-14
3758.0471	9.39523E-14
3760.1284	9.59459E-14
3762.2098	9.79818E-14
3764.2911	9.6353E-14
3766.3725	9.32793E-14
3768.4539	8.93111E-14
3770.5352	8.64621E-14
3772.6166	8.78105E-14
3774.698	8.95916E-14
3776.7793	9.01547E-14
3778.8607	8.98069E-14
3780.942	8.93782E-14
3783.0234	9.0856E-14
3785.1048	9.36431E-14
3787.1861	9.74986E-14
3789.2675	9.98438E-14
3791.3489	9.78237E-14
3793.4302	9.48784E-14
3795.5116	9.21066E-14
3797.5929	8.99943E-14
3799.6743	8.99785E-14
3801.7557	9.12984E-14
3803.837	9.36673E-14
3805.9184	9.44306E-14
3807.9998	9.33765E-14
3810.0811	9.13194E-14
3812.1625	9.08843E-14
3814.2438	9.23878E-14
3816.3252	9.39163E-14
3818.4066	9.2612E-14
3820.4879	9.04053E-14
3822.5693	9.03901E-14
3824.6507	8.9464E-14
3826.732	8.76548E-14
3828.8134	8.69167E-14
3830.8947	8.70625E-14
3832.9761	8.70481E-14
3835.0575	8.84072E-14
3837.1388	8.80677E-14
3839.2202	8.73264E-14
3841.3016	8.66712E-14
3843.3829	8.68969E-14
3845.4643	8.68029E-14
3847.5456	8.66292E-14
3849.627	8.61379E-14
3851.7084	8.50991E-14
3853.7897	8.57148E-14
3855.8711	8.71338E-14
3857.9524	8.73611E-14
3860.0338	8.74278E-14
3862.1152	8.98631E-14
3864.1965	9.18572E-14
3866.2779	9.15895E-14
3868.3593	8.85071E-14
3870.4406	8.55285E-14
3872.522	8.37228E-14
3874.6033	8.25614E-14
3876.6847	8.15663E-14
3878.7661	8.11044E-14
3880.8474	8.03486E-14
3882.9288	8.0041E-14
3885.0102	8.06208E-14
3887.0915	8.18054E-14
3889.1729	8.2931E-14
3891.2542	8.14803E-14
3893.3356	7.96137E-14
3895.417	7.81491E-14
3897.4983	7.89332E-14
3899.5797	8.00195E-14
3901.6611	8.0897E-14
3903.7424	8.27693E-14
3905.8238	8.55473E-14
3907.9051	8.86632E-14
3909.9865	8.96357E-14
3912.0679	8.81493E-14
3914.1492	8.61305E-14
3916.2306	8.58806E-14
3918.312	8.67428E-14
3920.3933	8.62526E-14
3922.4747	8.41223E-14
3924.556	8.4421E-14
3926.6374	8.67741E-14
3928.7188	8.8783E-14
3930.8001	8.92626E-14
3932.8815	8.71385E-14
3934.9628	8.43627E-14
3937.0442	8.28879E-14
3939.1256	8.19657E-14
3941.2069	8.06071E-14
3943.2883	7.81834E-14
3945.3697	7.62529E-14
3947.451	7.55437E-14
3949.5324	7.52559E-14
3951.6137	7.49001E-14
3953.6951	7.36589E-14
3955.7765	7.30412E-14
3957.8578	7.28302E-14
3959.9392	7.15574E-14
3962.0206	7.01775E-14
3964.1019	6.89512E-14
3966.1833	6.76217E-14
3968.2646	6.6074E-14
3970.346	6.5641E-14
3972.4274	6.62399E-14
3974.5087	6.69676E-14
3976.5901	6.81412E-14
3978.6715	7.06896E-14
3980.7528	7.2862E-14
3982.8342	7.46874E-14
3984.9155	7.59265E-14
3986.9969	7.71862E-14
3989.0783	7.77475E-14
3991.1596	7.89648E-14
3993.241	8.0349E-14
3995.3224	8.07845E-14
3997.4037	8.12972E-14
3999.4851	8.27987E-14
4001.5664	8.40953E-14
4003.6478	8.47071E-14
4005.7292	8.52449E-14
4007.8105	8.58652E-14
4009.8919	8.68893E-14
4011.9733	8.71998E-14
4014.0546	8.61519E-14
4016.136	8.65396E-14
4018.2173	8.74913E-14
4020.2987	8.9519E-14
4022.3801	9.21861E-14
4024.4614	9.32E-14
4026.5428	9.16573E-14
4028.6241	9.04728E-14
4030.7055	9.13839E-14
4032.7869	9.333E-14
4034.8682	9.28053E-14
4036.9496	9.06828E-14
4039.031	8.82018E-14
4041.1123	8.57886E-14
4043.1937	8.57793E-14
4045.275	8.80107E-14
4047.3564	9.03834E-14
4049.4378	9.08745E-14
4051.5191	8.93708E-14
4053.6005	8.86237E-14
4055.6819	8.75596E-14
4057.7632	8.60316E-14
4059.8446	8.49206E-14
4061.9259	8.40558E-14
4064.0073	8.27414E-14
4066.0887	8.10733E-14
4068.17	7.96587E-14
4070.2514	7.77659E-14
4072.3328	7.54302E-14
4074.4141	7.32995E-14
4076.4955	7.11636E-14
4078.5768	6.96008E-14
4080.6582	6.85127E-14
4082.7396	6.76906E-14
4084.8209	6.62652E-14
4086.9023	6.50494E-14
4088.9837	6.41506E-14
4091.065	6.30317E-14
4093.1464	6.1308E-14
4095.2277	5.83278E-14
4097.3091	5.58514E-14
4099.3905	5.47259E-14
4101.4718	5.43191E-14
4103.5532	5.35687E-14
4105.6345	5.41092E-14
4107.7159	5.55688E-14
4109.7973	5.7702E-14
4111.8786	5.89863E-14
4113.96	5.99117E-14
4116.0414	6.16414E-14
4118.1227	6.3246E-14
4120.2041	6.45348E-14
4122.2854	6.585E-14
4124.3668	6.70683E-14
4126.4482	6.83091E-14
4128.5295	6.97655E-14
4130.6109	7.16478E-14
4132.6923	7.33104E-14
4134.7736	7.50116E-14
4136.855	7.55598E-14
4138.9363	7.55534E-14
4141.0177	7.62461E-14
4143.0991	7.68743E-14
4145.1804	7.76506E-14
4147.2618	7.87243E-14
4149.3432	8.05514E-14
4151.4245	8.14399E-14
4153.5059	8.20355E-14
4155.5872	8.22559E-14
4157.6686	8.21735E-14
4159.75	8.20157E-14
4161.8313	8.26918E-14
4163.9127	8.33736E-14
4165.9941	8.36747E-14
4168.0754	8.37453E-14
4170.1568	8.3816E-14
4172.2381	8.41964E-14
4174.3195	8.50472E-14
4176.4009	8.63828E-14
4178.4822	8.70953E-14
4180.5636	8.75713E-14
4182.645	8.70822E-14
4184.7263	8.64366E-14
4186.8077	8.61917E-14
4188.889	8.57105E-14
4190.9704	8.56254E-14
4193.0518	8.53043E-14
4195.1331	8.54555E-14
4197.2145	8.61607E-14
4199.2958	8.59169E-14
4201.3772	8.49666E-14
4203.4586	8.54315E-14
4205.5399	8.61367E-14
4207.6213	8.62896E-14
4209.7027	8.62043E-14
4211.784	8.59606E-14
4213.8654	8.57177E-14
4215.9467	8.54755E-14
4218.0281	8.54698E-14
4220.1095	8.53069E-14
4222.1908	8.49094E-14
4224.2722	8.53744E-14
4226.3536	8.5842E-14
4228.4349	8.58366E-14
4230.5163	8.5201E-14
4232.5976	8.50389E-14
4234.679	8.55836E-14
4236.7604	8.61319E-14
4238.8417	8.54156E-14
4240.9231	8.42385E-14
4243.0045	8.39237E-14
4245.0858	8.43837E-14
4247.1672	8.51595E-14
4249.2485	8.47632E-14
4251.3299	8.42136E-14
4253.4113	8.30533E-14
4255.4926	8.17583E-14
4257.574	8.03354E-14
4259.6554	8.03309E-14
4261.7367	8.03264E-14
4263.8181	8.01003E-14
4265.8994	8.00222E-14
4267.9808	8.02392E-14
4270.0622	8.00872E-14
4272.1435	7.95683E-14
4274.2249	7.8762E-14
4276.3063	7.74629E-14
4278.3876	7.57655E-14
4280.469	7.45159E-14
4282.5503	7.40332E-14
4284.6317	7.44397E-14
4286.7131	7.47107E-14
4288.7944	7.42953E-14
4290.8758	7.39503E-14
4292.9571	7.34714E-14
4295.0385	7.18617E-14
4297.1199	6.97713E-14
4299.2012	6.79917E-14
4301.2826	6.63798E-14
4303.364	6.51652E-14
4305.4453	6.42089E-14
4307.5267	6.40878E-14
4309.608	6.44401E-14
4311.6894	6.37877E-14
4313.7708	6.22182E-14
4315.8521	6.07993E-14
4317.9335	5.91943E-14
4320.0149	5.72086E-14
4322.0962	5.52895E-14
4324.1776	5.31893E-14
4326.2589	5.10748E-14
4328.3403	4.92254E-14
4330.4217	4.83249E-14
4332.503	4.77479E-14
4334.5844	4.68745E-14
4336.6658	4.57214E-14
4338.7471	4.40659E-14
4340.8285	4.28634E-14
4342.9098	4.27829E-14
4344.9912	4.37778E-14
4347.0726	4.55447E-14
4349.1539	4.74703E-14
4351.2353	4.90237E-14
4353.3167	5.00716E-14
4355.398	5.04401E-14
4357.4794	5.13288E-14
4359.5607	5.2765E-14
4361.6421	5.38433E-14
4363.7235	5.48425E-14
4365.8048	5.62216E-14
4367.8862	5.72122E-14
4369.9675	5.80063E-14
4372.0489	5.91918E-14
4374.1303	6.05129E-14
4376.2116	6.124E-14
4378.293	6.22045E-14
4380.3744	6.301E-14
4382.4557	6.27764E-14
4384.5371	6.28325E-14
4386.6184	6.51286E-14
4388.6998	6.68898E-14
4390.7812	6.75069E-14
4392.8625	6.76295E-14
4394.9439	6.81279E-14
4397.0253	6.89467E-14
4399.1066	6.9647E-14
4401.188	6.94531E-14
4403.2693	7.03528E-14
4405.3507	7.1593E-14
4407.4321	7.23203E-14
4409.5134	7.25856E-14
4411.5948	7.23836E-14
4413.6762	7.22488E-14
4415.7575	7.21143E-14
4417.8389	7.21127E-14
4419.9202	7.27784E-14
4422.0016	7.38574E-14
4424.083	7.41968E-14
4426.1643	7.35828E-14
4428.2457	7.21055E-14
4430.3271	7.15089E-14
4432.4084	7.16394E-14
4434.4898	7.22344E-14
4436.5711	7.29687E-14
4438.6525	7.28332E-14
4440.7339	7.24306E-14
4442.8152	7.28308E-14
4444.8966	7.45261E-14
4446.978	7.54921E-14
4449.0593	7.46612E-14
4451.1407	7.37036E-14
4453.222	7.3229E-14
4455.3034	7.30932E-14
4457.3848	7.37007E-14
4459.4661	7.40399E-14
4461.5475	7.4039E-14
4463.6288	7.39019E-14
4465.7102	7.40373E-14
4467.7916	7.38322E-14
4469.8729	7.3357E-14
4471.9543	7.32887E-14
4474.0357	7.39661E-14
4476.117	7.44438E-14
4478.1984	7.40329E-14
4480.2797	7.33536E-14
4482.3611	7.42366E-14
4484.4425	7.59652E-14
4486.5238	7.63153E-14
4488.6052	7.58244E-14
4490.6866	7.48525E-14
4492.7679	7.34182E-14
4494.8493	7.19451E-14
4496.9306	7.08271E-14
4499.012	7.05663E-14
4501.0934	7.1416E-14
4503.1747	7.14816E-14
4505.2561	7.14813E-14
4507.3375	7.18111E-14
4509.4188	7.30114E-14
4511.5002	7.32807E-14
4513.5815	7.26088E-14
4515.6629	7.17445E-14
4517.7443	7.14806E-14
4519.8256	7.14148E-14
4521.907	7.20093E-14
4523.9884	7.32131E-14
4526.0697	7.40268E-14
4528.1511	7.30113E-14
4530.2324	7.16128E-14
4532.3138	7.06304E-14
4534.3952	7.03061E-14
4536.4765	7.08915E-14
4538.5579	7.15477E-14
4540.6392	7.1746E-14
4542.7206	7.17463E-14
4544.802	7.1417E-14
4546.8833	7.05674E-14
4548.9647	7.03083E-14
4551.0461	7.05033E-14
4553.1274	7.08944E-14
4555.2088	7.12878E-14
4557.2901	7.18155E-14
4559.3715	7.175E-14
4561.4529	7.12238E-14
4563.5342	7.07016E-14
4565.6156	6.97964E-14
4567.697	6.92209E-14
4569.7783	6.8967E-14
4571.8597	6.87141E-14
4573.941	6.90956E-14
4576.0224	6.91601E-14
4578.1038	6.92246E-14
4580.1851	6.92892E-14
4582.2665	6.87181E-14
4584.3479	6.77761E-14
4586.4292	6.73414E-14
4588.5106	6.72803E-14
4590.5919	6.77165E-14
4592.6733	6.87227E-14
4594.7547	6.86605E-14
4596.836	6.80321E-14
4598.9174	6.71615E-14
4600.9988	6.6854E-14
4603.0801	6.69784E-14
4605.1615	6.67332E-14
4607.2428	6.61225E-14
4609.3242	6.61237E-14
4611.4056	6.67367E-14
4613.4869	6.72935E-14
4615.5683	6.72948E-14
4617.6497	6.65564E-14
4619.731	6.59475E-14
4621.8124	6.58881E-14
4623.8937	6.60718E-14
4625.9751	6.58908E-14
4628.0565	6.55291E-14
4630.1378	6.49298E-14
4632.2192	6.43952E-14
4634.3005	6.43374E-14
4636.3819	6.48147E-14
4638.4633	6.5839E-14
4640.5446	6.6511E-14
4642.626	6.68197E-14
4644.7074	6.68213E-14
4646.7887	6.71314E-14
4648.8701	6.71331E-14
4650.9514	6.67034E-14
4653.0328	6.57294E-14
4655.1142	6.50685E-14
4657.1955	6.51302E-14
4659.2769	6.5192E-14
4661.3583	6.47749E-14
4663.4396	6.37117E-14
4665.521	6.27814E-14
4667.6023	6.2265E-14
4669.6837	6.21522E-14
4671.7651	6.23835E-14
4673.8464	6.29626E-14
4675.9278	6.30226E-14
4678.0092	6.27349E-14
4680.0905	6.23337E-14
4682.1719	6.25658E-14
4684.2532	6.29725E-14
4686.3346	6.28586E-14
4688.416	6.22844E-14
4690.4973	6.13188E-14
4692.5787	6.08707E-14
4694.6601	6.1323E-14
4696.7414	6.21782E-14
4698.8228	6.27557E-14
4700.9041	6.25272E-14
4702.9855	6.16715E-14
4705.0669	6.07715E-14
4707.1482	6.03276E-14
4709.2296	6.05525E-14
4711.3109	6.00549E-14
4713.3923	5.96712E-14
4715.4737	5.99489E-14
4717.555	6.08973E-14
4719.6364	6.15197E-14
4721.7178	6.11268E-14
4723.7991	6.0513E-14
4725.8805	6.00712E-14
4727.9618	5.97976E-14
4730.0432	5.9635E-14
4732.1246	5.93635E-14
4734.2059	5.90388E-14
4736.2873	5.85E-14
4738.3687	5.78061E-14
4740.45	5.70154E-14
4742.5314	5.64431E-14
4744.6127	5.63417E-14
4746.6941	5.66564E-14
4748.7755	5.69205E-14
4750.8568	5.72384E-14
4752.9382	5.71357E-14
4755.0196	5.68234E-14
4757.1009	5.65128E-14
4759.1823	5.63595E-14
4761.2636	5.6414E-14
4763.345	5.61058E-14
4765.4264	5.51351E-14
4767.5077	5.45819E-14
4769.5891	5.48365E-14
4771.6705	5.52956E-14
4773.7518	5.53493E-14
4775.8332	5.5047E-14
4777.9145	5.46959E-14
4779.9959	5.44473E-14
4782.0773	5.43999E-14
4784.1586	5.45532E-14
4786.24	5.45058E-14
4788.3214	5.40586E-14
4790.4027	5.26851E-14
4792.4841	5.13937E-14
4794.5654	5.07847E-14
4796.6468	5.08811E-14
4798.7282	5.10716E-14
4800.8095	5.06061E-14
4802.8909	4.98226E-14
4804.9722	4.90061E-14
4807.0536	4.79373E-14
4809.135	4.74567E-14
4811.2163	4.76345E-14
4813.2977	4.81223E-14
4815.3791	4.84809E-14
4817.4604	4.78184E-14
4819.5418	4.66466E-14
4821.6231	4.53362E-14
4823.7045	4.40626E-14
4825.7859	4.30225E-14
4827.8672	4.27092E-14
4829.9486	4.1701E-14
4832.03	4.03434E-14
4834.1113	3.93911E-14
4836.1927	3.92486E-14
4838.274	3.92149E-14
4840.3554	3.89652E-14
4842.4368	3.80806E-14
4844.5181	3.6807E-14
4846.5995	3.59714E-14
4848.6809	3.53822E-14
4850.7622	3.44835E-14
4852.8436	3.3361E-14
4854.9249	3.19203E-14
4857.0063	3.06545E-14
4859.0877	2.94118E-14
4861.169	2.81417E-14
4863.2504	2.7783E-14
4865.3318	2.85632E-14
4867.4131	3.02716E-14
4869.4945	3.18173E-14
4871.5758	3.25906E-14
4873.6572	3.31987E-14
4875.7386	3.38182E-14
4877.8199	3.46083E-14
4879.9013	3.50921E-14
4881.9827	3.62109E-14
4884.064	3.75033E-14
4886.1454	3.88418E-14
4888.2267	4.00064E-14
4890.3081	4.03793E-14
4892.3895	4.06059E-14
4894.4708	4.09468E-14
4896.5522	4.12146E-14
4898.6335	4.18294E-14
4900.7149	4.23753E-14
4902.7963	4.26524E-14
4904.8776	4.30502E-14
4906.959	4.38134E-14
4909.0404	4.43035E-14
4911.1217	4.46756E-14
4913.2031	4.45966E-14
4915.2844	4.43133E-14
4917.3658	4.37488E-14
4919.4472	4.34709E-14
4921.5285	4.35945E-14
4923.6099	4.43266E-14
4925.6913	4.58667E-14
4927.7726	4.66799E-14
4929.854	4.71155E-14
4931.9353	4.71191E-14
4934.0167	4.72096E-14
4936.0981	4.73875E-14
4938.1794	4.80948E-14
4940.2608	4.87228E-14
4942.3422	4.87266E-14
4944.4235	4.85512E-14
4946.5049	4.87792E-14
4948.5862	4.86933E-14
4950.6676	4.80291E-14
4952.749	4.74612E-14
4954.8303	4.71166E-14
4956.9117	4.73379E-14
4958.9931	4.80004E-14
4961.0744	4.84931E-14
4963.1558	4.85418E-14
4965.2371	4.85458E-14
4967.3185	4.84159E-14
4969.3999	4.82863E-14
4971.4812	4.85132E-14
4973.5626	4.86964E-14
4975.6439	4.88352E-14
4977.7253	4.87495E-14
4979.8067	4.85296E-14
4981.888	4.84891E-14
4983.9694	4.86722E-14
4986.0508	4.89912E-14
4988.1321	4.86806E-14
4990.2135	4.864E-14
4992.2948	4.88238E-14
4994.3762	4.89631E-14
4996.4576	4.91482E-14
4998.5389	4.91978E-14
5000.6203	4.90212E-14
5002.7017	4.83974E-14
5004.783	4.74746E-14
5006.8644	4.83615E-14
5008.9457	4.93105E-14
5011.0271	4.89529E-14
5013.1085	4.81523E-14
5015.1898	4.78032E-14
5017.2712	4.80282E-14
5019.3526	4.80769E-14
5021.4339	4.81256E-14
5023.5153	4.83077E-14
5025.5966	4.85352E-14
5027.678	4.83612E-14
5029.7594	4.83211E-14
5031.8407	4.81923E-14
5033.9221	4.74918E-14
5036.0035	4.70608E-14
5038.0848	4.73697E-14
5040.1662	4.8255E-14
5042.2475	4.88859E-14
5044.3289	4.88905E-14
5046.4103	4.80913E-14
5048.4916	4.71746E-14
5050.573	4.67466E-14
5052.6544	4.66651E-14
5054.7357	4.64552E-14
5056.8171	4.63743E-14
5058.8984	4.62935E-14
5060.9798	4.64689E-14
5063.0612	4.6388E-14
5065.1425	4.60096E-14
5067.2239	4.56343E-14
5069.3052	4.5723E-14
5071.3866	4.61507E-14
5073.468	4.61979E-14
5075.5493	4.59479E-14
5077.6307	4.58257E-14
5079.7121	4.65536E-14
5081.7934	4.69892E-14
5083.8748	4.69075E-14
5085.9561	4.63539E-14
5088.0375	4.64014E-14
5090.1189	4.58538E-14
5092.2002	4.52294E-14
5094.2816	4.46546E-14
5096.363	4.46181E-14
5098.4443	4.47462E-14
5100.5257	4.48747E-14
5102.607	4.51697E-14
5104.6884	4.52578E-14
5106.7698	4.52626E-14
5108.8511	4.52674E-14
5110.9325	4.52305E-14
5113.0139	4.51937E-14
5115.0952	4.52402E-14
5117.1766	4.51202E-14
5119.2579	4.51666E-14
5121.3393	4.52548E-14
5123.4207	4.53849E-14
5125.502	4.51397E-14
5127.5834	4.47307E-14
5129.6648	4.46122E-14
5131.7461	4.47405E-14
5133.8275	4.45399E-14
5135.9088	4.40552E-14
5137.9902	4.37769E-14
5140.0716	4.41462E-14
5142.1529	4.49719E-14
5144.2343	4.54768E-14
5146.3156	4.52313E-14
5148.397	4.42474E-14
5150.4784	4.3766E-14
5152.5597	4.40135E-14
5154.6411	4.40185E-14
5156.7225	4.38616E-14
5158.8038	4.3665E-14
5160.8852	4.37505E-14
5162.9665	4.38362E-14
5165.0479	4.40842E-14
5167.1293	4.47026E-14
5169.2106	4.51215E-14
5171.292	4.47542E-14
5173.3734	4.42266E-14
5175.4547	4.34645E-14
5177.5361	4.24801E-14
5179.6174	4.21343E-14
5181.6988	4.24509E-14
5183.7802	4.26519E-14
5185.8615	4.21492E-14
5187.9429	4.25051E-14
5190.0243	4.32606E-14
5192.1056	4.37466E-14
5194.187	4.35508E-14
5196.2683	4.28005E-14
5198.3497	4.24132E-14
5200.4311	4.21069E-14
5202.5124	4.17259E-14
5204.5938	4.14627E-14
5206.6752	4.189E-14
5208.7565	4.23607E-14
5210.8379	4.29157E-14
5212.9192	4.3478E-14
5215.0006	4.34833E-14
5217.082	4.30107E-14
5219.1633	4.25824E-14
5221.2447	4.25876E-14
5223.3261	4.23192E-14
5225.4074	4.17437E-14
5227.4888	4.11761E-14
5229.5701	4.10676E-14
5231.6515	4.11106E-14
5233.7329	4.13436E-14
5235.8142	4.16546E-14
5237.8956	4.16983E-14
5239.9769	4.08294E-14
5242.0583	4.01632E-14
5244.1397	4.02794E-14
5246.221	4.07698E-14
5248.3024	4.12282E-14
5250.3838	4.11197E-14
5252.4651	4.10115E-14
5254.5465	4.09413E-14
5256.6278	4.09465E-14
5258.7092	4.12927E-14
5260.7906	4.18726E-14
5262.8719	4.16856E-14
5264.9533	4.09678E-14
5267.0347	4.05228E-14
5269.116	4.01565E-14
5271.1974	3.97204E-14
5273.2787	3.98722E-14
5275.3601	4.03206E-14
5277.4415	4.01407E-14
5279.5228	3.99615E-14
5281.6042	4.05976E-14
5283.6856	4.00828E-14
5285.7669	3.99407E-14
5287.8483	4.03528E-14
5289.9296	4.14125E-14
5292.011	4.24219E-14
5294.0924	4.24276E-14
5296.1737	4.1163E-14
5298.2551	4.04172E-14
5300.3365	4.0274E-14
5302.4178	4.06147E-14
5304.4992	4.06952E-14
5306.5805	4.05137E-14
5308.6619	4.01478E-14
5310.7433	3.97119E-14
5312.8246	3.94621E-14
5314.906	3.97961E-14
5316.9874	4.0281E-14
5319.0687	4.02495E-14
5321.1501	3.89422E-14
5323.2314	3.79211E-14
5325.3128	3.77521E-14
5327.3942	3.78619E-14
5329.4755	3.8077E-14
5331.5569	3.91853E-14
5333.6382	3.91187E-14
5335.7196	3.88012E-14
5337.801	3.8664E-14
5339.8823	3.93521E-14
5341.9637	4.03859E-14
5344.0451	4.03916E-14
5346.1264	3.98064E-14
5348.2078	3.93745E-14
5350.2891	3.91992E-14
5352.3705	3.89529E-14
5354.4519	3.83885E-14
5356.5332	3.82529E-14
5358.6146	3.77682E-14
5360.696	3.73585E-14
5362.7773	3.66144E-14
5364.8587	3.61506E-14
5366.94	3.62225E-14
5369.0214	3.69353E-14
5371.1028	3.71454E-14
5373.1841	3.72536E-14
5375.2655	3.75692E-14
5377.3469	3.78177E-14
5379.4282	3.77537E-14
5381.5096	3.74821E-14
5383.5909	3.73842E-14
5385.6723	3.76662E-14
5387.7537	3.78108E-14
5389.835	3.76774E-14
5391.9164	3.72345E-14
5393.9978	3.6493E-14
5396.0791	3.60641E-14
5398.1605	3.6504E-14
5400.2418	3.68812E-14
5402.3232	3.6785E-14
5404.4046	3.6219E-14
5406.4859	3.60248E-14
5408.5673	3.63636E-14
5410.6486	3.68072E-14
5412.73	3.66774E-14
5414.8114	3.56176E-14
5416.8927	3.51343E-14
5418.9741	3.52369E-14
5421.0555	3.57984E-14
5423.1368	3.65368E-14
5425.2182	3.69826E-14
5427.2995	3.69542E-14
5429.3809	3.63857E-14
5431.4623	3.59913E-14
5433.5436	3.54051E-14
5435.625	3.48925E-14
5437.7064	3.46418E-14
5439.7877	3.49034E-14
5441.8691	3.50054E-14
5443.9504	3.49143E-14
5446.0318	3.47914E-14
5448.1132	3.47648E-14
5450.1945	3.50274E-14
5452.2759	3.53245E-14
5454.3573	3.5657E-14
5456.4386	3.59926E-14
5458.52	3.64991E-14
5460.6013	3.68426E-14
5462.6827	3.69504E-14
5464.7641	3.67188E-14
5466.8454	3.5988E-14
5468.9268	3.59606E-14
5471.0082	3.63326E-14
5473.0895	3.67423E-14
5475.1709	3.65121E-14
5477.2522	3.63501E-14
5479.3336	3.60559E-14
5481.415	3.57311E-14
5483.4963	3.55399E-14
5485.5777	3.56769E-14
5487.6591	3.58804E-14
5489.7404	3.61184E-14
5491.8218	3.61908E-14
5493.9031	3.58979E-14
5495.9845	3.60032E-14
5498.0659	3.60754E-14
5500.1472	3.59487E-14
5502.2286	3.52659E-14
5504.3099	3.51096E-14
5506.3913	3.51154E-14
5508.4727	3.52833E-14
5510.554	3.56813E-14
5512.6354	3.5786E-14
5514.7168	3.58249E-14
5516.7981	3.57979E-14
5518.8795	3.56394E-14
5520.9608	3.51562E-14
5523.0422	3.49361E-14
5525.1236	3.48135E-14
5527.2049	3.46594E-14
5529.2863	3.4379E-14
5531.3677	3.41324E-14
5533.449	3.43589E-14
5535.5304	3.49714E-14
5537.6117	3.50741E-14
5539.6931	3.56008E-14
5541.7745	3.58042E-14
5543.8558	3.54493E-14
5545.9372	3.51951E-14
5548.0186	3.48783E-14
5550.0999	3.45327E-14
5552.1813	3.43166E-14
5554.2626	3.47039E-14
5556.344	3.52577E-14
5558.4254	3.50371E-14
5560.5067	3.43718E-14
5562.5881	3.37814E-14
5564.6695	3.45743E-14
5566.7508	3.57461E-14
5568.8322	3.68217E-14
5570.9135	3.71346E-14
5572.9949	3.72095E-14
5575.0763	3.75604E-14
5577.1576	3.80895E-14
5579.239	3.81664E-14
5581.3203	3.76841E-14
5583.4017	3.71051E-14
5585.4831	3.63337E-14
5587.5644	3.5644E-14
5589.6458	3.48388E-14
5591.7272	3.44937E-14
5593.8085	3.41835E-14
5595.8899	3.40325E-14
5597.9712	3.38197E-14
5600.0526	3.34232E-14
5602.134	3.34291E-14
5604.2153	3.3869E-14
5606.2967	3.43463E-14
5608.3781	3.46065E-14
5610.4594	3.44854E-14
5612.5408	3.45551E-14
5614.6221	3.4466E-14
5616.7035	3.40305E-14
5618.7849	3.36936E-14
5620.8662	3.3824E-14
5622.9476	3.40803E-14
5625.029	3.40237E-14
5627.1103	3.3563E-14
5629.1917	3.31695E-14
5631.273	3.3084E-14
5633.3544	3.36432E-14
5635.4358	3.42434E-14
5637.5171	3.4376E-14
5639.5985	3.40044E-14
5641.6799	3.35749E-14
5643.7612	3.32426E-14
5645.8426	3.30654E-14
5647.9239	3.26478E-14
5650.0053	3.26538E-14
5652.0867	3.28106E-14
5654.168	3.32119E-14
5656.2494	3.34329E-14
5658.3308	3.33162E-14
5660.4121	3.31692E-14
5662.4935	3.29622E-14
5664.5748	3.27263E-14
5666.6562	3.2612E-14
5668.7376	3.27084E-14
5670.8189	3.2805E-14
5672.9003	3.27508E-14
5674.9816	3.25164E-14
5677.063	3.22244E-14
5679.1444	3.20233E-14
5681.2257	3.18528E-14
5683.3071	3.17709E-14
5685.3885	3.1953E-14
5687.4698	3.21657E-14
5689.5512	3.22906E-14
5691.6325	3.2386E-14
5693.7139	3.24519E-14
5695.7953	3.25179E-14
5697.8766	3.25241E-14
5699.958	3.24107E-14
5702.0394	3.21789E-14
5704.1207	3.17435E-14
5706.2021	3.13716E-14
5708.2834	3.11473E-14
5710.3648	3.12107E-14
5712.4462	3.13031E-14
5714.5275	3.14826E-14
5716.6089	3.14307E-14
5718.6903	3.11486E-14
5720.7716	3.12696E-14
5722.853	3.09889E-14
5724.9343	3.04853E-14
5727.0157	3.03232E-14
5729.0971	3.05815E-14
5731.1784	3.0757E-14
5733.2598	3.0962E-14
5735.3412	3.12258E-14
5737.4225	3.13183E-14
5739.5039	3.08378E-14
5741.5852	3.0561E-14
5743.6666	3.06234E-14
5745.748	3.09983E-14
5747.8293	3.11476E-14
5749.9107	3.10105E-14
5751.992	3.07606E-14
5754.0734	3.05971E-14
5756.1548	3.04907E-14
5758.2361	3.0106E-14
5760.3175	2.98634E-14
5762.3989	2.99519E-14
5764.4802	2.99855E-14
5766.5616	3.01855E-14
5768.6429	3.03029E-14
5770.7243	3.02811E-14
5772.8057	3.02035E-14
5774.887	3.02096E-14
5776.9684	3.01878E-14
5779.0498	3.00828E-14
5781.1311	2.99782E-14
5783.2125	2.96001E-14
5785.2938	2.92268E-14
5787.3752	2.89913E-14
5789.4566	2.89438E-14
5791.5379	2.87372E-14
5793.6193	2.85057E-14
5795.7007	2.8564E-14
5797.782	2.90207E-14
5799.8634	2.93762E-14
5801.9447	2.93281E-14
5804.0261	2.90652E-14
5806.1075	2.88577E-14
5808.1888	2.88902E-14
5810.2702	2.91098E-14
5812.3516	2.94393E-14
5814.4329	2.96905E-14
5816.5143	2.96419E-14
5818.5956	2.94303E-14
5820.677	2.92742E-14
5822.7584	2.91725E-14
5824.8397	2.90712E-14
5826.9211	2.90773E-14
5829.0025	2.91906E-14
5831.0838	2.91698E-14
5833.1652	2.91758E-14
5835.2465	2.91282E-14
5837.3279	2.86816E-14
5839.4093	2.80863E-14
5841.4906	2.78089E-14
5843.572	2.8098E-14
5845.6533	2.84162E-14
5847.7347	2.86587E-14
5849.8161	2.86647E-14
5851.8974	2.83556E-14
5853.9788	2.82312E-14
5856.0602	2.83414E-14
5858.1415	2.85044E-14
5860.2229	2.83533E-14
5862.3042	2.83332E-14
5864.3856	2.82609E-14
5866.467	2.8137E-14
5868.5483	2.79107E-14
5870.6297	2.77372E-14
5872.7111	2.77942E-14
5874.7924	2.79542E-14
5876.8738	2.80375E-14
5878.9551	2.79918E-14
5881.0365	2.79463E-14
5883.1179	2.78494E-14
5885.1992	2.77274E-14
5887.2806	2.75551E-14
5889.362	2.73839E-14
5891.4433	2.71887E-14
5893.5247	2.70447E-14
5895.606	2.66548E-14
5897.6874	2.64404E-14
5899.7688	2.63488E-14
5901.8501	2.64275E-14
5903.9315	2.64819E-14
5906.0129	2.66099E-14
5908.0942	2.68619E-14
5910.1756	2.71413E-14
5912.2569	2.70972E-14
5914.3383	2.67313E-14
5916.4197	2.66879E-14
5918.501	2.69407E-14
5920.5824	2.7397E-14
5922.6638	2.7403E-14
5924.7451	2.68344E-14
5926.8265	2.62535E-14
5928.9078	2.60425E-14
5930.9892	2.68768E-14
5933.0706	2.67838E-14
5935.1519	2.71124E-14
5937.2333	2.72185E-14
5939.3146	2.67275E-14
5941.396	2.62455E-14
5943.4774	2.58673E-14
5945.5587	2.55886E-14
5947.6401	2.52896E-14
5949.7215	2.53886E-14
5951.8028	2.56056E-14
5953.8842	2.57769E-14
5955.9655	2.58302E-14
5958.0469	2.6051E-14
5960.1283	2.61529E-14
5962.2096	2.60386E-14
5964.291	2.5687E-14
5966.3724	2.56219E-14
5968.4537	2.58647E-14
5970.5351	2.60139E-14
5972.6164	2.58525E-14
5974.6978	2.54331E-14
5976.7792	2.51361E-14
5978.8605	2.50493E-14
5980.9419	2.51705E-14
5983.0233	2.53624E-14
5985.1046	2.53448E-14
5987.186	2.51876E-14
5989.2673	2.50083E-14
5991.3487	2.50832E-14
5993.4301	2.49736E-14
5995.5114	2.49333E-14
5997.5928	2.49619E-14
5999.6742	2.51059E-14
6001.7555	2.49503E-14
6003.8369	2.45456E-14
6005.9182	2.42367E-14
6007.9996	2.42645E-14
6010.081	2.42924E-14
6012.1623	2.44551E-14
6014.2437	2.4619E-14
6016.325	2.47155E-14
6018.4064	2.45171E-14
6020.4878	2.42308E-14
6022.5691	2.39259E-14
6024.6505	2.36466E-14
6026.7319	2.34136E-14
6028.8132	2.38324E-14
6030.8946	2.41028E-14
6032.9759	2.4064E-14
6035.0573	2.37394E-14
6037.1387	2.38984E-14
6039.22	2.40364E-14
6041.3014	2.39757E-14
6043.3828	2.36304E-14
6045.4641	2.3549E-14
6047.5455	2.35328E-14
6049.6268	2.36034E-14
6051.7082	2.37179E-14
6053.7896	2.40092E-14
6055.8709	2.41478E-14
6057.9523	2.39762E-14
6060.0337	2.35007E-14
6062.115	2.30985E-14
6064.1964	2.28921E-14
6066.2777	2.28343E-14
6068.3591	2.29239E-14
6070.4405	2.31202E-14
6072.5218	2.34257E-14
6074.6032	2.36699E-14
6076.6846	2.37191E-14
6078.7659	2.33561E-14
6080.8473	2.2872E-14
6082.9286	2.26885E-14
6085.01	2.27777E-14
6087.0914	2.30787E-14
6089.1727	2.32978E-14
6091.2541	2.33033E-14
6093.3355	2.31165E-14
6095.4168	2.28047E-14
6097.4982	2.27263E-14
6099.5795	2.26273E-14
6101.6609	2.25287E-14
6103.7423	2.24099E-14
6105.8236	2.24152E-14
6107.905	2.26072E-14
6109.9863	2.27799E-14
6112.0677	2.29116E-14
6114.1491	2.32787E-14
6116.2304	2.35214E-14
6118.3118	2.33974E-14
6120.3932	2.29971E-14
6122.4745	2.25828E-14
6124.5559	2.25674E-14
6126.6372	2.26354E-14
6128.7186	2.26826E-14
6130.8	2.26463E-14
6132.8813	2.24235E-14
6134.9627	2.22028E-14
6137.0441	2.20858E-14
6139.1254	2.21727E-14
6141.2068	2.24039E-14
6143.2881	2.24094E-14
6145.3695	2.22913E-14
6147.4509	2.21127E-14
6149.5322	2.20571E-14
6151.6136	2.20218E-14
6153.695	2.19664E-14
6155.7763	2.19112E-14
6157.8577	2.18762E-14
6159.939	2.18212E-14
6162.0204	2.17263E-14
6164.1018	2.16119E-14
6166.1831	2.15377E-14
6168.2645	2.16225E-14
6170.3459	2.17076E-14
6172.4272	2.1733E-14
6174.5086	2.16584E-14
6176.5899	2.15246E-14
6178.6713	2.13521E-14
6180.7527	2.12202E-14
6182.834	2.11669E-14
6184.9154	2.12111E-14
6186.9967	2.12947E-14
6189.0781	2.15566E-14
6191.1595	2.20236E-14
6193.2408	2.23355E-14
6195.3222	2.21566E-14
6197.4036	2.17978E-14
6199.4849	2.14053E-14
6201.5663	2.10586E-14
6203.6476	2.09478E-14
6205.729	2.1011E-14
6207.8104	2.10938E-14
6209.8917	2.09442E-14
6211.9731	2.07001E-14
6214.0545	2.05344E-14
6216.1358	2.04452E-14
6218.2172	2.03376E-14
6220.2985	2.01006E-14
6222.3799	2.00502E-14
6224.4613	2.01664E-14
6226.5426	2.03957E-14
6228.624	2.06465E-14
6230.7054	2.08429E-14
6232.7867	2.1041E-14
6234.8681	2.1202E-14
6236.9494	2.1013E-14
6239.0308	2.06347E-14
6241.1122	2.02632E-14
6243.1935	1.99535E-14
6245.2749	1.97755E-14
6247.3563	1.98902E-14
6249.4376	2.00979E-14
6251.519	2.0289E-14
6253.6003	2.03316E-14
6255.6817	2.04307E-14
6257.7631	2.04547E-14
6259.8444	2.04411E-14
6261.9258	2.03524E-14
6264.0072	2.03015E-14
6266.0885	2.03067E-14
6268.1699	2.03306E-14
6270.2512	2.03733E-14
6272.3326	2.03036E-14
6274.414	2.00487E-14
6276.4953	1.97787E-14
6278.5767	1.96747E-14
6280.658	1.99352E-14
6282.7394	1.98488E-14
6284.8208	1.96538E-14
6286.9021	1.94249E-14
6288.9835	1.93406E-14
6291.0649	1.93456E-14
6293.1462	1.92973E-14
6295.2276	1.92136E-14
6297.3089	1.92009E-14
6299.3903	1.96352E-14
6301.4717	1.9987E-14
6303.553	2.00845E-14
6305.6344	1.97776E-14
6307.7158	1.98375E-14
6309.7971	1.99894E-14
6311.8785	2.00315E-14
6313.9598	1.98714E-14
6316.0412	1.94779E-14
6318.1226	1.93756E-14
6320.2039	1.9542E-14
6322.2853	1.98739E-14
6324.3667	1.97332E-14
6326.448	1.95935E-14
6328.5294	1.96167E-14
6330.6107	1.97306E-14
6332.6921	1.97176E-14
6334.7735	1.93272E-14
6336.8548	1.91022E-14
6338.9362	1.91073E-14
6341.0176	1.93604E-14
6343.0989	1.93121E-14
6345.1803	1.91577E-14
6347.2616	1.90572E-14
6349.343	1.91326E-14
6351.4244	1.92615E-14
6353.5057	1.94091E-14
6355.5871	1.95038E-14
6357.6685	1.94373E-14
6359.7498	1.89824E-14
6361.8312	1.88481E-14
6363.9125	1.87665E-14
6365.9939	1.86681E-14
6368.0753	1.8536E-14
6370.1566	1.84727E-14
6372.238	1.86143E-14
6374.3193	1.89132E-14
6376.4007	1.92345E-14
6378.4821	1.92042E-14
6380.5634	1.90158E-14
6382.6448	1.87945E-14
6384.7262	1.87649E-14
6386.8075	1.89437E-14
6388.8889	1.90362E-14
6390.9702	1.90414E-14
6393.0516	1.89939E-14
6395.133	1.89991E-14
6397.2143	1.89518E-14
6399.2957	1.88698E-14
6401.3771	1.88228E-14
6403.4584	1.88106E-14
6405.5398	1.87465E-14
6407.6211	1.85797E-14
6409.7025	1.83466E-14
6411.7839	1.80001E-14
6413.8652	1.78892E-14
6415.9466	1.78941E-14
6418.028	1.7932E-14
6420.1093	1.79369E-14
6422.1907	1.78593E-14
6424.272	1.78642E-14
6426.3534	1.78526E-14
6428.4348	1.76287E-14
6430.5161	1.76661E-14
6432.5975	1.78673E-14
6434.6789	1.8021E-14
6436.7602	1.78771E-14
6438.8416	1.77017E-14
6440.9229	1.77229E-14
6443.0043	1.77768E-14
6445.0857	1.77654E-14
6447.167	1.77212E-14
6449.2484	1.77915E-14
6451.3297	1.77637E-14
6453.4111	1.76057E-14
6455.4925	1.74652E-14
6457.5738	1.74058E-14
6459.6552	1.73625E-14
6461.7366	1.73513E-14
6463.8179	1.74523E-14
6465.8993	1.76025E-14
6467.9806	1.76074E-14
6470.062	1.74187E-14
6472.1434	1.69799E-14
6474.2247	1.65065E-14
6476.3061	1.62546E-14
6478.3875	1.61695E-14
6480.4688	1.61592E-14
6482.5502	1.61935E-14
6484.6315	1.62578E-14
6486.7129	1.63826E-14
6488.7943	1.6554E-14
6490.8756	1.64978E-14
6492.957	1.63662E-14
6495.0384	1.61759E-14
6497.1197	1.58997E-14
6499.2011	1.54423E-14
6501.2824	1.53191E-14
6503.3638	1.52952E-14
6505.4452	1.52573E-14
6507.5265	1.50383E-14
6509.6079	1.49184E-14
6511.6893	1.47858E-14
6513.7706	1.46409E-14
6515.852	1.44974E-14
6517.9333	1.44481E-14
6520.0147	1.42934E-14
6522.0961	1.41663E-14
6524.1774	1.41834E-14
6526.2588	1.45446E-14
6528.3402	1.46564E-14
6530.4215	1.45261E-14
6532.5029	1.41995E-14
6534.5842	1.38674E-14
6536.6656	1.36182E-14
6538.747	1.34352E-14
6540.8283	1.3328E-14
6542.9097	1.33318E-14
6544.991	1.32988E-14
6547.0724	1.31807E-14
6549.1538	1.29081E-14
6551.2351	1.24447E-14
6553.3165	1.20534E-14
6555.3979	1.18041E-14
6557.4792	1.1592E-14
6559.5606	1.13105E-14
6561.6419	1.06956E-14
6563.7233	1.03117E-14
6565.8047	1.02767E-14
6567.886	1.0695E-14
6569.9674	1.112E-14
6572.0488	1.13718E-14
6574.1301	1.15759E-14
6576.2115	1.18054E-14
6578.2928	1.21284E-14
6580.3742	1.22442E-14
6582.4556	1.2259E-14
6584.5369	1.22626E-14
6586.6183	1.24139E-14
6588.6997	1.28361E-14
6590.781	1.32727E-14
6592.8624	1.36485E-14
6594.9437	1.38679E-14
6597.0251	1.39873E-14
6599.1065	1.41339E-14
6601.1878	1.42951E-14
6603.2692	1.44715E-14
6605.3506	1.45158E-14
6607.4319	1.46139E-14
6609.5133	1.47534E-14
6611.5946	1.4908E-14
6613.676	1.50088E-14
6615.7574	1.51242E-14
6617.8387	1.52125E-14
6619.9201	1.5245E-14
6622.0014	1.51654E-14
6624.0828	1.50169E-14
6626.1642	1.48425E-14
6628.2455	1.46837E-14
6630.3269	1.46744E-14
6632.4083	1.48556E-14
6634.4896	1.50112E-14
6636.571	1.51267E-14
6638.6523	1.5173E-14
6640.7337	1.51775E-14
6642.8151	1.514E-14
6644.8964	1.51864E-14
6646.9778	1.54306E-14
6649.0592	1.57802E-14
6651.1405	1.57994E-14
6653.2219	1.5688E-14
6655.3032	1.56349E-14
6657.3846	1.57552E-14
6659.466	1.58326E-14
6661.5473	1.58373E-14
6663.6287	1.57547E-14
6665.7101	1.57304E-14
6667.7914	1.57495E-14
6669.8728	1.58124E-14
6671.9541	1.58754E-14
6674.0355	1.59241E-14
6676.1169	1.6091E-14
6678.1982	1.63197E-14
6680.2796	1.65669E-14
6682.361	1.67406E-14
6684.4423	1.66227E-14
6686.5237	1.63242E-14
6688.605	1.60015E-14
6690.6864	1.58449E-14
6692.7678	1.59522E-14
6694.8491	1.60602E-14
6696.9305	1.6154E-14
6699.0119	1.62035E-14
6701.0932	1.61786E-14
6703.1746	1.60646E-14
6705.2559	1.59221E-14
6707.3373	1.581E-14
6709.4187	1.57856E-14
6711.5	1.58633E-14
6713.5814	1.60149E-14
6715.6627	1.61977E-14
6717.7441	1.63224E-14
6719.8255	1.63273E-14
6721.9068	1.62872E-14
6723.9882	1.62023E-14
6726.0696	1.59849E-14
6728.1509	1.57994E-14
6730.2323	1.56449E-14
6732.3136	1.5549E-14
6734.395	1.5468E-14
6736.4764	1.5487E-14
6738.5577	1.55488E-14
6740.6391	1.56253E-14
6742.7205	1.56878E-14
6744.8018	1.5765E-14
6746.8832	1.58718E-14
6748.9645	1.60087E-14
6751.0459	1.61172E-14
6753.1273	1.61073E-14
6755.2086	1.60234E-14
6757.29	1.6043E-14
6759.3714	1.61815E-14
6761.4527	1.63362E-14
6763.5341	1.63412E-14
6765.6154	1.64217E-14
6767.6968	1.65177E-14
6769.7782	1.65076E-14
6771.8595	1.64367E-14
6773.9409	1.63211E-14
6776.0223	1.61169E-14
6778.1036	1.57404E-14
6780.185	1.56584E-14
6782.2663	1.57356E-14
6784.3477	1.57839E-14
6786.4291	1.5644E-14
6788.5104	1.54484E-14
6790.5918	1.54105E-14
6792.6731	1.5401E-14
6794.7545	1.53633E-14
6796.8359	1.52131E-14
6798.9172	1.52178E-14
6800.9986	1.52225E-14
6803.08	1.52553E-14
6805.1613	1.54012E-14
6807.2427	1.55199E-14
6809.324	1.54107E-14
6811.4054	1.51621E-14
6813.4868	1.50139E-14
6815.5681	1.50185E-14
6817.6495	1.5037E-14
6819.7309	1.50417E-14
6821.8122	1.50049E-14
6823.8936	1.51205E-14
6825.9749	1.52652E-14
6828.0563	1.53687E-14
6830.1377	1.53735E-14
6832.219	1.53359E-14
6834.3004	1.53265E-14
6836.3818	1.53454E-14
6838.4631	1.54069E-14
6840.5445	1.55114E-14
6842.6258	1.54307E-14
6844.7072	1.53788E-14
6846.7886	1.54262E-14
6848.8699	1.55594E-14
6850.9513	1.55357E-14
6853.0327	1.54407E-14
6855.114	1.53039E-14
6857.1954	1.51823E-14
6859.2767	1.48414E-14
6861.3581	1.42565E-14
6863.4395	1.35316E-14
6865.5208	1.28317E-14
6867.6022	1.24171E-14
6869.6836	1.2364E-14
6871.7649	1.25168E-14
6873.8463	1.27536E-14
6875.9276	1.29113E-14
6878.009	1.32894E-14
6880.0904	1.37039E-14
6882.1717	1.40146E-14
6884.2531	1.39161E-14
6886.3344	1.37675E-14
6888.4158	1.36456E-14
6890.4972	1.35747E-14
6892.5785	1.36166E-14
6894.6599	1.36586E-14
6896.7413	1.36881E-14
6898.8226	1.36799E-14
6900.904	1.36464E-14
6902.9853	1.35881E-14
6905.0667	1.36426E-14
6907.1481	1.3824E-14
6909.2294	1.41766E-14
6911.3108	1.45382E-14
6913.3922	1.461E-14
6915.4735	1.45073E-14
6917.5549	1.43392E-14
6919.6362	1.43043E-14
6921.7176	1.43749E-14
6923.799	1.44992E-14
6925.8803	1.46515E-14
6927.9617	1.47782E-14
6930.0431	1.47693E-14
6932.1244	1.47197E-14
6934.2058	1.46163E-14
6936.2871	1.43674E-14
6938.3685	1.41617E-14
6940.4499	1.41142E-14
6942.5312	1.41448E-14
6944.6126	1.41103E-14
6946.694	1.39468E-14
6948.7753	1.39128E-14
6950.8567	1.39687E-14
6952.938	1.40506E-14
6955.0194	1.40681E-14
6957.1008	1.41767E-14
6959.1821	1.42993E-14
6961.2635	1.43965E-14
6963.3449	1.43878E-14
6965.4262	1.45123E-14
6967.5076	1.46919E-14
6969.5889	1.48463E-14
6971.6703	1.47556E-14
6973.7517	1.45579E-14
6975.833	1.45626E-14
6977.9144	1.47972E-14
6979.9957	1.52027E-14
6982.0771	1.53342E-14
6984.1585	1.50454E-14
6986.2398	1.45059E-14
6988.3212	1.39472E-14
6990.4026	1.39774E-14
6992.4839	1.42813E-14
6994.5653	1.46187E-14
6996.6466	1.4786E-14
6998.728	1.49415E-14
7000.8094	1.48777E-14
7002.8907	1.45706E-14
7004.9721	1.4074E-14
7007.0535	1.37709E-14
7009.1348	1.38645E-14
7011.2162	1.40879E-14
7013.2975	1.42622E-14
7015.3789	1.42013E-14
7017.4603	1.39982E-14
7019.5416	1.38107E-14
7021.623	1.37264E-14
7023.7044	1.38452E-14
7025.7857	1.40295E-14
7027.8671	1.41901E-14
7029.9484	1.42865E-14
7032.0298	1.43044E-14
7034.1112	1.41779E-14
7036.1925	1.41957E-14
7038.2739	1.43186E-14
7040.3553	1.44558E-14
7042.4366	1.44872E-14
7044.518	1.44254E-14
7046.5993	1.42585E-14
7048.6807	1.40028E-14
7050.7621	1.39688E-14
7052.8434	1.40638E-14
7054.9248	1.41334E-14
7057.0061	1.41511E-14
7059.0875	1.40908E-14
7061.1689	1.39662E-14
7063.2502	1.38811E-14
7065.3316	1.38729E-14
7067.413	1.39415E-14
7069.4943	1.3959E-14
7071.5757	1.38739E-14
7073.657	1.38148E-14
7075.7384	1.39344E-14
7077.8198	1.40421E-14
7079.9011	1.40468E-14
7081.9825	1.39869E-14
7084.0639	1.39017E-14
7086.1452	1.39576E-14
7088.2266	1.40267E-14
7090.3079	1.40314E-14
7092.3893	1.39074E-14
7094.4707	1.37086E-14
7096.552	1.35624E-14
7098.6334	1.35794E-14
7100.7148	1.37603E-14
7102.7961	1.3995E-14
7104.8775	1.39997E-14
7106.9588	1.38122E-14
7109.0402	1.35397E-14
7111.1216	1.34077E-14
7113.2029	1.34246E-14
7115.2843	1.35035E-14
7117.3657	1.35704E-14
7119.447	1.35126E-14
7121.5284	1.37052E-14
7123.6097	1.38877E-14
7125.6911	1.39823E-14
7127.7725	1.39099E-14
7129.8538	1.3711E-14
7131.9352	1.36904E-14
7134.0166	1.37203E-14
7136.0979	1.37123E-14
7138.1793	1.36162E-14
7140.2606	1.36459E-14
7142.342	1.36631E-14
7144.4234	1.36552E-14
7146.5047	1.3597E-14
7148.5861	1.34645E-14
7150.6674	1.32598E-14
7152.7488	1.30823E-14
7154.8302	1.30868E-14
7156.9115	1.32245E-14
7158.9929	1.32901E-14
7161.0743	1.33191E-14
7163.1556	1.33482E-14
7165.237	1.3402E-14
7167.3183	1.33573E-14
7169.3997	1.31906E-14
7171.4811	1.28474E-14
7173.5624	1.24097E-14
7175.6438	1.22888E-14
7177.7252	1.23043E-14
7179.8065	1.23199E-14
7181.8879	1.21103E-14
7183.9692	1.19043E-14
7186.0506	1.17666E-14
7188.132	1.17273E-14
7190.2133	1.18508E-14
7192.2947	1.19315E-14
7194.3761	1.20239E-14
7196.4574	1.21058E-14
7198.5388	1.21995E-14
7200.6201	1.21812E-14
7202.7015	1.22304E-14
7204.7829	1.2382E-14
7206.8642	1.26631E-14
7208.9456	1.29505E-14
7211.027	1.30268E-14
7213.1083	1.29356E-14
7215.1897	1.27156E-14
7217.271	1.26849E-14
7219.3524	1.26892E-14
7221.4338	1.2612E-14
7223.5151	1.23975E-14
7225.5965	1.21754E-14
7227.6778	1.21125E-14
7229.7592	1.20056E-14
7231.8406	1.17905E-14
7233.9219	1.14521E-14
7236.0033	1.14983E-14
7238.0847	1.17919E-14
7240.166	1.21265E-14
7242.2474	1.21642E-14
7244.3287	1.19244E-14
7246.4101	1.17324E-14
7248.4915	1.1661E-14
7250.5728	1.1773E-14
7252.6542	1.18206E-14
7254.7356	1.18792E-14
7256.8169	1.19933E-14
7258.8983	1.2142E-14
7260.9796	1.19575E-14
7263.061	1.17867E-14
7265.1424	1.17583E-14
7267.2237	1.1904E-14
7269.3051	1.20405E-14
7271.3865	1.20892E-14
7273.4678	1.21604E-14
7275.5492	1.22433E-14
7277.6305	1.22589E-14
7279.7119	1.22181E-14
7281.7933	1.22224E-14
7283.8746	1.22266E-14
7285.956	1.21523E-14
7288.0374	1.18144E-14
7290.1187	1.1412E-14
7292.2001	1.11049E-14
7294.2814	1.10679E-14
7296.3628	1.1403E-14
7298.4442	1.16191E-14
7300.5255	1.16553E-14
7302.6069	1.14994E-14
7304.6883	1.1419E-14
7306.7696	1.14335E-14
7308.851	1.14904E-14
7310.9323	1.15368E-14
7313.0137	1.1414E-14
7315.0951	1.13447E-14
7317.1764	1.15171E-14
7319.2578	1.18331E-14
7321.3391	1.18809E-14
7323.4205	1.17653E-14
7325.5019	1.17695E-14
7327.5832	1.18826E-14
7329.6646	1.19857E-14
7331.746	1.19348E-14
7333.8273	1.19391E-14
7335.9087	1.20871E-14
7337.99	1.25336E-14
7340.0714	1.29966E-14
7342.1528	1.30252E-14
7344.2341	1.27685E-14
7346.3155	1.23906E-14
7348.3969	1.23267E-14
7350.4782	1.23538E-14
7352.5596	1.24038E-14
7354.6409	1.24082E-14
7356.7223	1.23784E-14
7358.8037	1.23032E-14
7360.885	1.2251E-14
7362.9664	1.22328E-14
7365.0478	1.22259E-14
7367.1291	1.21965E-14
7369.2105	1.21448E-14
7371.2918	1.20822E-14
7373.3732	1.20199E-14
7375.4546	1.20241E-14
7377.5359	1.18743E-14
7379.6173	1.16618E-14
7381.6987	1.14953E-14
7383.78	1.15951E-14
7385.8614	1.15459E-14
7387.9427	1.15182E-14
7390.0241	1.16182E-14
7392.1055	1.17299E-14
7394.1868	1.16052E-14
7396.2682	1.14817E-14
7398.3496	1.14964E-14
7400.4309	1.17576E-14
7402.5123	1.21583E-14
7404.5936	1.2515E-14
7406.675	1.26702E-14
7408.7564	1.23749E-14
7410.8377	1.18658E-14
7412.9191	1.14829E-14
7415.0004	1.12982E-14
7417.0818	1.13859E-14
7419.1632	1.14004E-14
7421.2445	1.13941E-14
7423.3259	1.13877E-14
7425.4073	1.13603E-14
7427.4886	1.1354E-14
7429.57	1.14949E-14
7431.6513	1.1756E-14
7433.7327	1.2001E-14
7435.8141	1.16567E-14
7437.8954	1.12598E-14
7439.9768	1.12535E-14
7442.0582	1.17016E-14
7444.1395	1.21787E-14
7446.2209	1.21832E-14
7448.3022	1.18992E-14
7450.3836	1.14729E-14
7452.465	1.11438E-14
7454.5463	1.10151E-14
7456.6277	1.09181E-14
7458.7091	1.08619E-14
7460.7904	1.08358E-14
7462.8718	1.093E-14
7464.9531	1.11065E-14
7467.0345	1.12547E-14
7469.1159	1.13212E-14
7471.1972	1.13045E-14
7473.2786	1.13818E-14
7475.36	1.15443E-14
7477.4413	1.1774E-14
7479.5227	1.19422E-14
7481.604	1.18044E-14
7483.6854	1.16896E-14
7485.7668	1.16939E-14
7487.8481	1.19047E-14
7489.9295	1.16809E-14
7492.0108	1.12521E-14
7494.0922	1.07893E-14
7496.1736	1.0567E-14
7498.2549	1.06197E-14
7500.3363	1.07515E-14
7502.4177	1.0865E-14
7504.499	1.0879E-14
7506.5804	1.0833E-14
7508.6617	1.0887E-14
7510.7431	1.10323E-14
7512.8245	1.1283E-14
7514.9058	1.14126E-14
7516.9872	1.15224E-14
7519.0686	1.16655E-14
7521.1499	1.1854E-14
7523.2313	1.19021E-14
7525.3126	1.17107E-14
7527.394	1.14062E-14
7529.4754	1.11199E-14
7531.5567	1.10322E-14
7533.6381	1.1016E-14
7535.7195	1.09391E-14
7537.8008	1.08628E-14
7539.8822	1.1018E-14
7541.9635	1.11446E-14
7544.0449	1.10465E-14
7546.1263	1.07791E-14
7548.2076	1.04699E-14
7550.289	1.04738E-14
7552.3704	1.07217E-14
7554.4517	1.10059E-14
7556.5331	1.11426E-14
7558.6144	1.12085E-14
7560.6958	1.13477E-14
7562.7772	1.14253E-14
7564.8585	1.13666E-14
7566.9399	1.12873E-14
7569.0213	1.11983E-14
7571.1026	1.09778E-14
7573.184	1.06924E-14
7575.2653	1.05885E-14
7577.3467	1.06316E-14
7579.4281	1.06355E-14
7581.5094	1.05808E-14
7583.5908	1.05653E-14
7585.6721	1.04434E-14
7587.7535	1.00694E-14
7589.8349	9.54041E-15
7591.9162	8.98936E-15
7593.9976	8.08892E-15
7596.079	6.81793E-15
7598.1603	5.53879E-15
7600.2417	4.47483E-15
7602.323	3.92409E-15
7604.4044	3.69404E-15
7606.4858	3.65817E-15
7608.5671	3.77943E-15
7610.6485	4.16858E-15
7612.7299	4.84564E-15
7614.8112	5.59131E-15
7616.8926	6.21264E-15
7618.9739	6.40676E-15
7621.0553	6.19443E-15
7623.1367	5.83128E-15
7625.218	5.45415E-15
7627.2994	5.22986E-15
7629.3808	5.38832E-15
7631.4621	5.64438E-15
7633.5435	5.87461E-15
7635.6248	5.94213E-15
7637.7062	6.07164E-15
7639.7876	6.23834E-15
7641.8689	6.42736E-15
7643.9503	6.64654E-15
7646.0317	7.04627E-15
7648.113	7.30673E-15
7650.1944	7.39072E-15
7652.2757	7.33247E-15
7654.3571	7.44413E-15
7656.4385	7.7122E-15
7658.5198	7.9532E-15
7660.6012	8.17158E-15
7662.6825	8.56781E-15
7664.7639	8.87634E-15
7666.8453	9.01983E-15
7668.9266	9.04821E-15
7671.008	9.05163E-15
7673.0894	9.5168E-15
7675.1707	9.95991E-15
7677.2521	1.01396E-14
7679.3334	9.79455E-15
7681.4148	9.68165E-15
7683.4962	9.73899E-15
7685.5775	9.81474E-15
7687.6589	9.81846E-15
7689.7403	9.81315E-15
7691.8216	9.90771E-15
7693.903	1.00309E-14
7695.9843	1.01369E-14
7698.0657	1.01969E-14
7700.1471	1.01352E-14
7702.2284	1.00832E-14
7704.3098	1.0087E-14
7706.3912	1.01655E-14
7708.4725	1.04351E-14
7710.5539	1.05356E-14
7712.6352	1.04142E-14
7714.7166	1.00413E-14
7716.798	9.52264E-15
7718.8793	9.37828E-15
7720.9607	9.47739E-15
7723.0421	9.65728E-15
7725.1234	9.51965E-15
7727.2048	9.57606E-15
7729.2861	9.77581E-15
7731.3675	1.00814E-14
7733.4489	1.01785E-14
7735.5302	1.03051E-14
7737.6116	1.03185E-14
7739.693	1.01528E-14
7741.7743	9.80733E-15
7743.8557	9.69431E-15
7745.937	9.76076E-15
7748.0184	9.9186E-15
7750.0998	9.95903E-15
7752.1811	9.77201E-15
7754.2625	9.65941E-15
7756.3438	9.75254E-15
7758.4252	1.02161E-14
7760.5066	1.01077E-14
7762.5879	9.70999E-15
7764.6693	9.3022E-15
7766.7507	9.12752E-15
7768.832	9.41283E-15
7770.9134	9.66246E-15
7772.9947	9.90045E-15
7775.0761	1.01443E-14
7777.1575	1.00274E-14
7779.2388	1.01055E-14
7781.3202	1.03735E-14
7783.4016	1.07175E-14
7785.4829	1.0439E-14
7787.5643	1.03664E-14
7789.6456	1.04471E-14
7791.727	1.05673E-14
7793.8084	1.03403E-14
7795.8897	9.75215E-15
7797.9711	9.30826E-15
7800.0525	8.98331E-15
7802.1338	8.62194E-15
7804.2152	8.86693E-15
7806.2965	9.23723E-15
7808.3779	9.64073E-15
7810.4593	1.00064E-14
7812.5406	1.02058E-14
7814.622	9.92238E-15
7816.7034	9.66461E-15
7818.7847	9.79384E-15
7820.8661	1.05177E-14
7822.9474	1.10584E-14
7825.0288	1.09916E-14
7827.1102	1.04143E-14
7829.1915	1.05925E-14
7831.2729	1.0744E-14
7833.3542	1.06203E-14
7835.4356	1.03349E-14
7837.517	1.03294E-14
7839.5983	1.05352E-14
7841.6797	1.06663E-14
7843.7611	1.07296E-14
7845.8424	1.07734E-14
7847.9238	1.06886E-14
7850.0051	1.0411E-14
7852.0865	9.95546E-15
7854.1679	9.32033E-15
7856.2492	8.82269E-15
7858.3306	8.95717E-15
7860.412	9.25425E-15
7862.4933	9.35214E-15
7864.5747	9.0008E-15
7866.656	9.22256E-15
7868.7374	9.78637E-15
7870.8188	1.04614E-14
7872.9001	1.04848E-14
7874.9815	9.96168E-15
7877.0629	9.59628E-15
7879.1442	9.52957E-15
7881.2256	9.75538E-15
7883.3069	9.82234E-15
7885.3883	1.00458E-14
7887.4697	1.02649E-14
7889.551	1.01748E-14
7891.6324	9.45579E-15
7893.7138	9.01714E-15
7895.7951	8.81536E-15
7897.8765	8.8026E-15
7899.9578	8.94504E-15
7902.0392	9.08978E-15
7904.1206	9.18596E-15
7906.2019	9.14736E-15
7908.2833	8.6192E-15
7910.3647	8.02488E-15
7912.446	7.71632E-15
7914.5274	7.79079E-15
7916.6087	8.25189E-15
7918.6901	8.36228E-15
7920.7715	8.33483E-15
7922.8528	8.24648E-15
7924.9342	8.13655E-15
7927.0155	8.21509E-15
7929.0969	8.50323E-15
7931.1783	8.93215E-15
7933.2596	9.34821E-15
7935.341	9.29181E-15
7937.4224	9.27839E-15
7939.5037	9.40253E-15
7941.5851	9.72338E-15
7943.6664	9.80821E-15
7945.7478	9.35324E-15
7947.8292	8.74047E-15
7949.9105	8.22824E-15
7951.9919	8.18615E-15
7954.0733	8.40335E-15
7956.1546	8.66613E-15
7958.236	8.88788E-15
7960.3173	8.97369E-15
7962.3987	9.18637E-15
7964.4801	9.41276E-15
7966.5614	9.59157E-15
7968.6428	9.70204E-15
7970.7242	9.88635E-15
7972.8055	9.82674E-15
7974.8869	9.51004E-15
7976.9682	8.95274E-15
7979.0496	9.08928E-15
7981.131	9.17704E-15
7983.2123	9.25713E-15
7985.2937	9.36375E-15
7987.3751	9.10382E-15
7989.4564	8.64962E-15
7991.5378	8.12776E-15
7993.6191	7.70805E-15
7995.7005	7.92718E-15
7997.7819	8.45848E-15
7999.8632	8.98393E-15
8001.9446	9.3765E-15
8004.026	9.62531E-15
8006.1073	9.52333E-15
8008.1887	9.24194E-15
8010.27	8.91943E-15
8012.3514	8.76015E-15
8014.4328	8.68332E-15
8016.5141	8.73495E-15
8018.5955	8.81932E-15
8020.6768	8.80663E-15
8022.7582	8.76162E-15
8024.8396	8.97757E-15
8026.9209	9.37851E-15
8029.0023	9.85164E-15
8031.0837	9.75626E-15
8033.165	9.22695E-15
8035.2464	8.6384E-15
8037.3277	8.22258E-15
8039.4091	8.36341E-15
8041.4905	8.69678E-15
8043.5718	8.86204E-15
8045.6532	8.7038E-15
8047.7346	8.1787E-15
8049.8159	7.90787E-15
8051.8973	7.86023E-15
8053.9786	7.92156E-15
8056.06	7.84488E-15
8058.1414	7.48793E-15
8060.2227	7.39499E-15
8062.3041	7.50781E-15
8064.3855	7.69288E-15
8066.4668	7.66064E-15
8068.5482	7.77751E-15
8070.6295	7.93993E-15
8072.7109	8.0685E-15
8074.7923	8.13896E-15
8076.8736	8.31659E-15
8078.955	8.54518E-15
8081.0364	8.7639E-15
8083.1177	8.5916E-15
8085.1991	8.3301E-15
8087.2804	8.21158E-15
8089.3618	8.26044E-15
8091.4432	8.2943E-15
8093.5245	8.37445E-15
8095.6059	8.40104E-15
8097.6872	8.41995E-15
8099.7686	8.60372E-15
8101.85	8.48913E-15
8103.9313	8.50041E-15
8106.0127	8.55888E-15
8108.0941	8.54661E-15
8110.1754	8.14275E-15
8112.2568	7.93868E-15
8114.3381	7.9273E-15
8116.4195	8.10779E-15
8118.5009	8.56406E-15
8120.5822	8.9219E-15
8122.6636	9.01643E-15
8124.745	8.83105E-15
8126.8263	8.85095E-15
8128.9077	9.09426E-15
8130.989	8.97315E-15
8133.0704	8.36224E-15
8135.1518	7.54571E-15
8137.2331	7.07096E-15
8139.3145	6.87474E-15
8141.3959	6.85857E-15
8143.4772	6.87404E-15
8145.5586	7.1877E-15
8147.6399	7.55732E-15
8149.7213	7.88036E-15
8151.8027	8.03756E-15
8153.884	7.67896E-15
8155.9654	7.24237E-15
8158.0468	7.0026E-15
8160.1281	7.10948E-15
8162.2095	7.10585E-15
8164.2908	7.21431E-15
8166.3722	7.55742E-15
8168.4536	8.16116E-15
8170.5349	8.6046E-15
8172.6163	8.34275E-15
8174.6977	7.78195E-15
8176.779	7.16584E-15
8178.8604	6.82097E-15
8180.9417	7.1191E-15
8183.0231	7.40976E-15
8185.1045	7.5298E-15
8187.1858	7.37501E-15
8189.2672	7.09156E-15
8191.3485	6.80645E-15
8193.4299	6.55089E-15
8195.5113	6.3457E-15
8197.5926	6.94159E-15
8199.674	7.51689E-15
8201.7554	7.77353E-15
8203.8367	7.48165E-15
8205.9181	7.19411E-15
8207.9994	7.217E-15
8210.0808	7.35422E-15
8212.1622	7.43903E-15
8214.2435	7.01611E-15
8216.3249	6.77137E-15
8218.4063	6.91284E-15
8220.4876	7.38306E-15
8222.569	7.73422E-15
8224.6503	7.91037E-15
8226.7317	7.84832E-15
8228.8131	7.55366E-15
8230.8944	7.08496E-15
8232.9758	6.89474E-15
8235.0572	6.7406E-15
8237.1385	6.60205E-15
8239.2199	6.50219E-15
8241.3012	6.76145E-15
8243.3826	7.01812E-15
8245.464	7.23771E-15
8247.5453	7.34822E-15
8249.6267	7.05282E-15
8251.7081	6.93336E-15
8253.7894	7.0198E-15
8255.8708	7.21948E-15
8257.9521	6.75907E-15
8260.0335	6.73702E-15
8262.1149	6.75848E-15
8264.1962	6.65013E-15
8266.2776	6.22604E-15
8268.3589	6.33859E-15
8270.4403	6.48298E-15
8272.5217	6.29732E-15
8274.603	5.37202E-15
8276.6844	4.79865E-15
8278.7658	4.7786E-15
8280.8471	5.05222E-15
8282.9285	5.32677E-15
8285.0098	5.37336E-15
8287.0912	5.76007E-15
8289.1726	6.45965E-15
8291.2539	7.37889E-15
8293.3353	6.98511E-15
8295.4167	6.22236E-15
8297.498	5.85784E-15
8299.5794	6.08583E-15
8301.6607	6.63898E-15
8303.7421	7.26246E-15
8305.8235	7.90799E-15
8307.9048	8.59505E-15
8309.9862	9.47177E-15
8312.0676	1.02191E-14
8314.1489	1.0214E-14
8316.2303	9.49246E-15
8318.3116	8.39385E-15
8320.393	7.42923E-15
8322.4744	6.77839E-15
8324.5557	6.48201E-15
8326.6371	6.6053E-15
8328.7185	6.54147E-15
8330.7998	6.51416E-15
8332.8812	6.69331E-15
8334.9625	7.14207E-15
8337.0439	7.07306E-15
8339.1253	6.85789E-15
8341.2066	6.63703E-15
8343.288	6.44699E-15
8345.3694	6.18786E-15
8347.4507	6.25927E-15
8349.5321	6.5209E-15
8351.6134	6.85E-15
8353.6948	7.01252E-15
8355.7762	6.97683E-15
8357.8575	6.8209E-15
8359.9389	6.4927E-15
8362.0202	5.92392E-15
8364.1016	5.20467E-15
8366.183	5.25989E-15
8368.2643	5.65407E-15
8370.3457	5.87415E-15
8372.4271	5.60182E-15
8374.5084	5.7453E-15
8376.5898	6.36059E-15
8378.6711	7.5038E-15
8380.7525	8.20098E-15
8382.8339	8.79934E-15
8384.9152	8.79497E-15
