3200	8.52966E-15
3201	8.46955E-15
3202	8.42537E-15
3203	8.366E-15
3204	8.33003E-15
3205	8.36326E-15
3206	8.4121E-15
3207	8.49246E-15
3208	8.58149E-15
3209	8.67146E-15
3210	8.76237E-15
3211	8.81355E-15
3212	8.88138E-15
3213	8.89222E-15
3214	8.88669E-15
3215	8.88116E-15
3216	8.87564E-15
3217	8.8375E-15
3218	8.80764E-15
3219	8.7456E-15
3220	8.65207E-15
3221	8.62284E-15
3222	8.65726E-15
3223	8.70785E-15
3224	8.75874E-15
3225	8.79371E-15
3226	8.86141E-15
3227	8.9132E-15
3228	8.90768E-15
3229	8.88578E-15
3230	8.82321E-15
3231	8.76108E-15
3232	8.7718E-15
3233	8.82308E-15
3234	8.85832E-15
3235	8.83656E-15
3236	8.80673E-15
3237	8.72863E-15
3238	8.66718E-15
3239	8.66183E-15
3240	8.6326E-15
3241	8.55605E-15
3242	8.47238E-15
3243	8.45158E-15
3244	8.43082E-15
3245	8.44116E-15
3246	8.43596E-15
3247	8.45409E-15
3248	8.48007E-15
3249	8.4983E-15
3250	8.46964E-15
3251	8.41003E-15
3252	8.29718E-15
3253	8.20094E-15
3254	8.12824E-15
3255	8.07104E-15
3256	7.99214E-15
3257	7.92129E-15
3258	7.91643E-15
3259	7.89701E-15
3260	7.89217E-15
3261	7.88733E-15
3262	7.89703E-15
3263	7.90674E-15
3264	7.95301E-15
3265	8.02168E-15
3266	8.06862E-15
3267	8.09344E-15
3268	8.08849E-15
3269	8.05382E-15
3270	8.04889E-15
3271	8.11093E-15
3272	8.18097E-15
3273	8.15342E-15
3274	8.111E-15
3275	8.16599E-15
3276	8.19113E-15
3277	8.18613E-15
3278	8.16608E-15
3279	8.14608E-15
3280	8.11865E-15
3281	8.09877E-15
3282	8.0715E-15
3283	8.02213E-15
3284	7.99513E-15
3285	7.95355E-15
3286	7.89763E-15
3287	7.8638E-15
3288	7.75833E-15
3289	7.66838E-15
3290	7.61447E-15
3291	7.57488E-15
3292	7.57028E-15
3293	7.60061E-15
3294	7.59599E-15
3295	7.6194E-15
3296	7.64993E-15
3297	7.69474E-15
3298	7.69007E-15
3299	7.63602E-15
3300	7.59633E-15
3301	7.59173E-15
3302	7.58713E-15
3303	7.56858E-15
3304	7.564E-15
3305	7.60832E-15
3306	7.6529E-15
3307	7.66237E-15
3308	7.6648E-15
3309	7.62497E-15
3310	7.57139E-15
3311	7.58077E-15
3312	7.63925E-15
3313	7.64168E-15
3314	7.63004E-15
3315	7.58341E-15
3316	7.54402E-15
3317	7.51866E-15
3318	7.61866E-15
3319	7.71289E-15
3320	7.7581E-15
3321	7.80358E-15
3322	7.81326E-15
3323	7.82296E-15
3324	7.75371E-15
3325	7.68508E-15
3326	7.62407E-15
3327	7.59147E-15
3328	7.6009E-15
3329	7.66662E-15
3330	7.6903E-15
3331	7.70695E-15
3332	7.71652E-15
3333	7.81198E-15
3334	7.90862E-15
3335	7.94036E-15
3336	7.97222E-15
3337	7.98214E-15
3338	7.97736E-15
3339	7.95791E-15
3340	7.9166E-15
3341	7.87551E-15
3342	7.82022E-15
3343	7.88785E-15
3344	7.98544E-15
3345	8.08424E-15
3346	8.18427E-15
3347	8.23228E-15
3348	8.22736E-15
3349	8.19221E-15
3350	8.06013E-15
3351	7.95212E-15
3352	7.88177E-15
3353	7.81924E-15
3354	7.8362E-15
3355	7.83153E-15
3356	7.85575E-15
3357	7.8728E-15
3358	7.88261E-15
3359	7.87792E-15
3360	7.89502E-15
3361	7.94135E-15
3362	8.00269E-15
3363	8.04967E-15
3364	8.08202E-15
3365	8.0921E-15
3366	8.0873E-15
3367	8.08249E-15
3368	8.0777E-15
3369	8.03581E-15
3370	8.00151E-15
3371	7.94537E-15
3372	7.90417E-15
3373	7.89949E-15
3374	7.93125E-15
3375	7.94116E-15
3376	7.97309E-15
3377	7.96837E-15
3378	7.92706E-15
3379	7.90779E-15
3380	7.88131E-15
3381	7.87665E-15
3382	7.89377E-15
3383	7.8891E-15
3384	7.88444E-15
3385	7.85804E-15
3386	7.82452E-15
3387	7.76249E-15
3388	7.74363E-15
3389	7.73906E-15
3390	7.70606E-15
3391	7.68026E-15
3392	7.64047E-15
3393	7.58689E-15
3394	7.55454E-15
3395	7.52926E-15
3396	7.51097E-15
3397	7.53426E-15
3398	7.55066E-15
3399	7.60903E-15
3400	7.65374E-15
3401	7.63516E-15
3402	7.59562E-15
3403	7.64025E-15
3404	7.69223E-15
3405	7.73744E-15
3406	7.76144E-15
3407	7.77835E-15
3408	7.77378E-15
3409	7.74779E-15
3410	7.69348E-15
3411	7.63956E-15
3412	7.6E-15
3413	7.54673E-15
3414	7.51458E-15
3415	7.46191E-15
3416	7.42328E-15
3417	7.38485E-15
3418	7.39414E-15
3419	7.41026E-15
3420	7.44011E-15
3421	7.48386E-15
3422	7.50709E-15
3423	7.52346E-15
3424	7.51907E-15
3425	7.46639E-15
3426	7.42774E-15
3427	7.42341E-15
3428	7.41908E-15
3429	7.39429E-15
3430	7.37638E-15
3431	7.40611E-15
3432	7.43596E-15
3433	7.49349E-15
3434	7.57236E-15
3435	7.6169E-15
3436	7.6617E-15
3437	7.67136E-15
3438	7.6669E-15
3439	7.68364E-15
3440	7.69334E-15
3441	7.71014E-15
3442	7.69857E-15
3443	7.6941E-15
3444	7.66135E-15
3445	7.63578E-15
3446	7.56835E-15
3447	7.49461E-15
3448	7.49026E-15
3449	7.50663E-15
3450	7.53691E-15
3451	7.59524E-15
3452	7.62588E-15
3453	7.58645E-15
3454	7.54722E-15
3455	7.48058E-15
3456	7.41454E-15
3457	7.3898E-15
3458	7.37194E-15
3459	7.41533E-15
3460	7.47273E-15
3461	7.46841E-15
3462	7.4641E-15
3463	7.42552E-15
3464	7.39394E-15
3465	7.36928E-15
3466	7.37182E-15
3467	7.39476E-15
3468	7.4383E-15
3469	7.46832E-15
3470	7.47778E-15
3471	7.49415E-15
3472	7.48983E-15
3473	7.48552E-15
3474	7.5296E-15
3475	7.55304E-15
3476	7.5487E-15
3477	7.54436E-15
3478	7.51229E-15
3479	7.45972E-15
3480	7.43487E-15
3481	7.40327E-15
3482	7.3786E-15
3483	7.37437E-15
3484	7.39053E-15
3485	7.43406E-15
3486	7.47785E-15
3487	7.50115E-15
3488	7.53145E-15
3489	7.51328E-15
3490	7.50898E-15
3491	7.51851E-15
3492	7.52806E-15
3493	7.55848E-15
3494	7.58902E-15
3495	7.57072E-15
3496	7.51084E-15
3497	7.45831E-15
3498	7.39251E-15
3499	7.34081E-15
3500	7.32311E-15
3501	7.31893E-15
3502	7.31475E-15
3503	7.32405E-15
3504	7.33337E-15
3505	7.34946E-15
3506	7.35881E-15
3507	7.36818E-15
3508	7.38435E-15
3509	7.40738E-15
3510	7.40316E-15
3511	7.39895E-15
3512	7.38113E-15
3513	7.39053E-15
3514	7.38632E-15
3515	7.38212E-15
3516	7.37792E-15
3517	7.42142E-15
3518	7.45144E-15
3519	7.48158E-15
3520	7.52569E-15
3521	7.53528E-15
3522	7.531E-15
3523	7.52673E-15
3524	7.4948E-15
3525	7.49054E-15
3526	7.46564E-15
3527	7.44767E-15
3528	7.40925E-15
3529	7.37103E-15
3530	7.31951E-15
3531	7.28847E-15
3532	7.26424E-15
3533	7.26013E-15
3534	7.22934E-15
3535	7.20531E-15
3536	7.17476E-15
3537	7.13775E-15
3538	7.11403E-15
3539	7.08387E-15
3540	7.06033E-15
3541	7.0304E-15
3542	7.02643E-15
3543	7.02246E-15
3544	7.0185E-15
3545	7.01454E-15
3546	7.01058E-15
3547	7.00663E-15
3548	7.00268E-15
3549	7.01164E-15
3550	7.02708E-15
3551	7.04905E-15
3552	7.0776E-15
3553	7.07361E-15
3554	7.05662E-15
3555	7.04616E-15
3556	7.0422E-15
3557	7.04472E-15
3558	7.06675E-15
3559	7.08232E-15
3560	7.05881E-15
3561	7.05485E-15
3562	7.0704E-15
3563	7.06643E-15
3564	7.08853E-15
3565	7.10416E-15
3566	7.11326E-15
3567	7.10928E-15
3568	7.10529E-15
3569	7.1144E-15
3570	7.13009E-15
3571	7.1524E-15
3572	7.16818E-15
3573	7.1444E-15
3574	7.1404E-15
3575	7.18256E-15
3576	7.23164E-15
3577	7.22759E-15
3578	7.23687E-15
3579	7.21952E-15
3580	7.18233E-15
3581	7.15852E-15
3582	7.14135E-15
3583	7.12423E-15
3584	7.12026E-15
3585	7.11628E-15
3586	7.12543E-15
3587	7.14116E-15
3588	7.16352E-15
3589	7.19258E-15
3590	7.20183E-15
3591	7.21773E-15
3592	7.21371E-15
3593	7.2097E-15
3594	7.20569E-15
3595	7.18181E-15
3596	7.15142E-15
3597	7.12772E-15
3598	7.12376E-15
3599	7.1198E-15
3600	7.11585E-15
3601	7.14472E-15
3602	7.17372E-15
3603	7.16974E-15
3604	7.17897E-15
3605	7.17499E-15
3606	7.18423E-15
3607	7.22669E-15
3608	7.2761E-15
3609	7.28547E-15
3610	7.28144E-15
3611	7.25733E-15
3612	7.22664E-15
3613	7.20271E-15
3614	7.18547E-15
3615	7.16828E-15
3616	7.16432E-15
3617	7.16036E-15
3618	7.1564E-15
3619	7.13271E-15
3620	7.10255E-15
3621	7.06602E-15
3622	7.02967E-15
3623	6.98064E-15
3624	6.98965E-15
3625	6.99223E-15
3626	7.03357E-15
3627	7.05564E-15
3628	7.0843E-15
3629	7.0804E-15
3630	7.08955E-15
3631	7.09217E-15
3632	7.10133E-15
3633	7.09743E-15
3634	7.09352E-15
3635	7.05704E-15
3636	7.04018E-15
3637	7.03631E-15
3638	7.03244E-15
3639	7.06102E-15
3640	7.129E-15
3641	7.1448E-15
3642	7.14088E-15
3643	7.13039E-15
3644	7.0872E-15
3645	7.06377E-15
3646	7.0469E-15
3647	7.03008E-15
3648	6.99394E-15
3649	6.94519E-15
3650	6.89042E-15
3651	6.8298E-15
3652	6.7947E-15
3653	6.766E-15
3654	6.71884E-15
3655	6.69664E-15
3656	6.69298E-15
3657	6.72019E-15
3658	6.7289E-15
3659	6.74383E-15
3660	6.74015E-15
3661	6.73647E-15
3662	6.71421E-15
3663	6.71054E-15
3664	6.69454E-15
3665	6.69089E-15
3666	6.68724E-15
3667	6.69591E-15
3668	6.71078E-15
3669	6.73188E-15
3670	6.75927E-15
3671	6.77428E-15
3672	6.77059E-15
3673	6.77938E-15
3674	6.8007E-15
3675	6.82837E-15
3676	6.85615E-15
3677	6.89675E-15
3678	6.893E-15
3679	6.87657E-15
3680	6.90456E-15
3681	6.93905E-15
3682	6.94167E-15
3683	6.95069E-15
3684	6.92775E-15
3685	6.8795E-15
3686	6.85048E-15
3687	6.80276E-15
3688	6.78031E-15
3689	6.76417E-15
3690	6.74806E-15
3691	6.73819E-15
3692	6.72215E-15
3693	6.71851E-15
3694	6.71487E-15
3695	6.71124E-15
3696	6.71998E-15
3697	6.71634E-15
3698	6.70036E-15
3699	6.70908E-15
3700	6.75504E-15
3701	6.79506E-15
3702	6.84792E-15
3703	6.90119E-15
3704	6.8721E-15
3705	6.85575E-15
3706	6.78923E-15
3707	6.72956E-15
3708	6.69502E-15
3709	6.66067E-15
3710	6.6326E-15
3711	6.61073E-15
3712	6.59501E-15
3713	6.57327E-15
3714	6.55764E-15
3715	6.55411E-15
3716	6.55059E-15
3717	6.55913E-15
3718	6.57375E-15
3719	6.57021E-15
3720	6.57879E-15
3721	6.6056E-15
3722	6.63252E-15
3723	6.61067E-15
3724	6.56466E-15
3725	6.53099E-15
3726	6.50348E-15
3727	6.51198E-15
3728	6.55058E-15
3729	6.58942E-15
3730	6.59803E-15
3731	6.61274E-15
3732	6.60919E-15
3733	6.61783E-15
3734	6.64482E-15
3735	6.67191E-15
3736	6.6377E-15
3737	6.57939E-15
3738	6.52759E-15
3739	6.48217E-15
3740	6.46679E-15
3741	6.49316E-15
3742	6.51364E-15
3743	6.51616E-15
3744	6.51268E-15
3745	6.50321E-15
3746	6.48778E-15
3747	6.47238E-15
3748	6.46893E-15
3749	6.43577E-15
3750	6.391E-15
3751	6.39937E-15
3752	6.42549E-15
3753	6.4517E-15
3754	6.46016E-15
3755	6.46862E-15
3756	6.45328E-15
3757	6.44984E-15
3758	6.43455E-15
3759	6.43113E-15
3760	6.40997E-15
3761	6.40656E-15
3762	6.39137E-15
3763	6.37622E-15
3764	6.37283E-15
3765	6.36945E-15
3766	6.36606E-15
3767	6.37442E-15
3768	6.35931E-15
3769	6.35593E-15
3770	6.33503E-15
3771	6.32002E-15
3772	6.30505E-15
3773	6.3017E-15
3774	6.28099E-15
3775	6.27766E-15
3776	6.27433E-15
3777	6.24795E-15
3778	6.2389E-15
3779	6.19552E-15
3780	6.15245E-15
3781	6.13788E-15
3782	6.13463E-15
3783	6.14269E-15
3784	6.16779E-15
3785	6.17589E-15
3786	6.18971E-15
3787	6.20928E-15
3788	6.23464E-15
3789	6.27166E-15
3790	6.26835E-15
3791	6.26504E-15
3792	6.25022E-15
3793	6.24692E-15
3794	6.24363E-15
3795	6.25184E-15
3796	6.24855E-15
3797	6.22229E-15
3798	6.21902E-15
3799	6.2272E-15
3800	6.2354E-15
3801	6.24936E-15
3802	6.25759E-15
3803	6.26584E-15
3804	6.29145E-15
3805	6.29974E-15
3806	6.32549E-15
3807	6.32217E-15
3808	6.3305E-15
3809	6.32717E-15
3810	6.32385E-15
3811	6.32636E-15
3812	6.37567E-15
3813	6.41354E-15
3814	6.42792E-15
3815	6.44826E-15
3816	6.42118E-15
3817	6.40011E-15
3818	6.38498E-15
3819	6.38164E-15
3820	6.3607E-15
3821	6.34567E-15
3822	6.34235E-15
3823	6.33903E-15
3824	6.3474E-15
3825	6.36164E-15
3826	6.35831E-15
3827	6.35499E-15
3828	6.35167E-15
3829	6.37178E-15
3830	6.37432E-15
3831	6.38274E-15
3832	6.39117E-15
3833	6.37608E-15
3834	6.36103E-15
3835	6.35186E-15
3836	6.33686E-15
3837	6.33356E-15
3838	6.34778E-15
3839	6.36789E-15
3840	6.37631E-15
3841	6.39062E-15
3842	6.41087E-15
3843	6.42526E-15
3844	6.43376E-15
3845	6.43041E-15
3846	6.42707E-15
3847	6.42373E-15
3848	6.42039E-15
3849	6.41706E-15
3850	6.43147E-15
3851	6.41039E-15
3852	6.40706E-15
3853	6.40374E-15
3854	6.40042E-15
3855	6.4148E-15
3856	6.41147E-15
3857	6.41996E-15
3858	6.42846E-15
3859	6.44291E-15
3860	6.45145E-15
3861	6.43624E-15
3862	6.41515E-15
3863	6.38825E-15
3864	6.33808E-15
3865	6.29409E-15
3866	6.2677E-15
3867	6.25293E-15
3868	6.27276E-15
3869	6.29846E-15
3870	6.30681E-15
3871	6.32099E-15
3872	6.35859E-15
3873	6.37877E-15
3874	6.39311E-15
3875	6.38981E-15
3876	6.39829E-15
3877	6.39499E-15
3878	6.40348E-15
3879	6.40608E-15
3880	6.41458E-15
3881	6.39358E-15
3882	6.37853E-15
3883	6.37524E-15
3884	6.36024E-15
3885	6.35696E-15
3886	6.3654E-15
3887	6.36213E-15
3888	6.35886E-15
3889	6.35559E-15
3890	6.35232E-15
3891	6.34906E-15
3892	6.36335E-15
3893	6.37181E-15
3894	6.39204E-15
3895	6.39465E-15
3896	6.39137E-15
3897	6.38809E-15
3898	6.40838E-15
3899	6.43465E-15
3900	6.44321E-15
3901	6.45773E-15
3902	6.46632E-15
3903	6.47492E-15
3904	6.48951E-15
3905	6.51013E-15
3906	6.5068E-15
3907	6.47955E-15
3908	6.45836E-15
3909	6.45506E-15
3910	6.43989E-15
3911	6.40702E-15
3912	6.38019E-15
3913	6.34763E-15
3914	6.31524E-15
3915	6.3004E-15
3916	6.29718E-15
3917	6.29397E-15
3918	6.30235E-15
3919	6.29914E-15
3920	6.30753E-15
3921	6.30432E-15
3922	6.31854E-15
3923	6.33862E-15
3924	6.33539E-15
3925	6.33217E-15
3926	6.30567E-15
3927	6.28507E-15
3928	6.28187E-15
3929	6.28445E-15
3930	6.28126E-15
3931	6.28964E-15
3932	6.28644E-15
3933	6.27168E-15
3934	6.28005E-15
3935	6.30002E-15
3936	6.32589E-15
3937	6.32267E-15
3938	6.31946E-15
3939	6.31626E-15
3940	6.30143E-15
3941	6.30985E-15
3942	6.30665E-15
3943	6.29185E-15
3944	6.2713E-15
3945	6.22784E-15
3946	6.1733E-15
3947	6.13052E-15
3948	6.12742E-15
3949	6.12431E-15
3950	6.1608E-15
3951	6.19751E-15
3952	6.23444E-15
3953	6.27159E-15
3954	6.28577E-15
3955	6.28259E-15
3956	6.29099E-15
3957	6.2994E-15
3958	6.31364E-15
3959	6.33375E-15
3960	6.33638E-15
3961	6.33318E-15
3962	6.32416E-15
3963	6.32097E-15
3964	6.30615E-15
3965	6.29137E-15
3966	6.25931E-15
3967	6.25615E-15
3968	6.26453E-15
3969	6.26137E-15
3970	6.25822E-15
3971	6.27237E-15
3972	6.29235E-15
3973	6.30659E-15
3974	6.30342E-15
3975	6.30024E-15
3976	6.2797E-15
3977	6.26499E-15
3978	6.26184E-15
3979	6.25869E-15
3980	6.26708E-15
3981	6.26971E-15
3982	6.27811E-15
3983	6.27496E-15
3984	6.26027E-15
3985	6.25137E-15
3986	6.24823E-15
3987	6.2451E-15
3988	6.24772E-15
3989	6.23884E-15
3990	6.22423E-15
3991	6.23258E-15
3992	6.22946E-15
3993	6.26661E-15
3994	6.29239E-15
3995	6.30664E-15
3996	6.30348E-15
3997	6.30033E-15
3998	6.2798E-15
3999	6.27666E-15
4000	6.29088E-15
4001	6.31095E-15
4002	6.34859E-15
4003	6.37471E-15
4004	6.38327E-15
4005	6.38597E-15
4006	6.36517E-15
4007	6.33276E-15
4008	6.34711E-15
4009	6.36736E-15
4010	6.36419E-15
4011	6.36101E-15
4012	6.35784E-15
4013	6.35467E-15
4014	6.35151E-15
4015	6.34835E-15
4016	6.36274E-15
4017	6.34787E-15
4018	6.34471E-15
4019	6.33571E-15
4020	6.32091E-15
4021	6.32941E-15
4022	6.34377E-15
4023	6.36402E-15
4024	6.39022E-15
4025	6.40472E-15
4026	6.40153E-15
4027	6.41015E-15
4028	6.40697E-15
4029	6.40379E-15
4030	6.38883E-15
4031	6.38566E-15
4032	6.35317E-15
4033	6.3325E-15
4034	6.30609E-15
4035	6.28557E-15
4036	6.25935E-15
4037	6.25625E-15
4038	6.25315E-15
4039	6.25006E-15
4040	6.25848E-15
4041	6.26692E-15
4042	6.28115E-15
4043	6.2492E-15
4044	6.23461E-15
4045	6.1744E-15
4046	6.1204E-15
4047	6.10612E-15
4048	6.11435E-15
4049	6.1226E-15
4050	6.14783E-15
4051	6.15612E-15
4052	6.14176E-15
4053	6.13873E-15
4054	6.1357E-15
4055	6.12139E-15
4056	6.12965E-15
4057	6.13793E-15
4058	6.09547E-15
4059	6.06448E-15
4060	6.06149E-15
4061	6.06409E-15
4062	6.07228E-15
4063	6.09731E-15
4064	6.09431E-15
4065	6.10254E-15
4066	6.09954E-15
4067	6.06853E-15
4068	6.04324E-15
4069	6.01252E-15
4070	5.97094E-15
4071	5.97901E-15
4072	5.98709E-15
4073	6.00071E-15
4074	6.00883E-15
4075	6.01695E-15
4076	6.03064E-15
4077	6.02768E-15
4078	6.01364E-15
4079	6.00515E-15
4080	6.00221E-15
4081	5.99927E-15
4082	6.01292E-15
4083	6.03772E-15
4084	6.03476E-15
4085	6.03181E-15
4086	6.02886E-15
4087	6.02591E-15
4088	6.00634E-15
4089	5.97582E-15
4090	5.9619E-15
4091	5.96998E-15
4092	5.98357E-15
4093	5.99167E-15
4094	6.00532E-15
4095	6.01345E-15
4096	6.0216E-15
4097	6.00758E-15
4098	5.9936E-15
4099	5.97415E-15
4100	5.96024E-15
4101	5.95734E-15
4102	5.96541E-15
4103	5.9625E-15
4104	5.97609E-15
4105	5.97318E-15
4106	5.97027E-15
4107	5.96736E-15
4108	5.948E-15
4109	5.9451E-15
4110	5.93127E-15
4111	5.91203E-15
4112	5.90916E-15
4113	5.90628E-15
4114	5.90341E-15
4115	5.91687E-15
4116	5.91399E-15
4117	5.90024E-15
4118	5.89195E-15
4119	5.88909E-15
4120	5.88623E-15
4121	5.88337E-15
4122	5.88052E-15
4123	5.89393E-15
4124	5.90193E-15
4125	5.89907E-15
4126	5.89621E-15
4127	5.89336E-15
4128	5.9068E-15
4129	5.90394E-15
4130	5.86316E-15
4131	5.83339E-15
4132	5.7931E-15
4133	5.76369E-15
4134	5.77153E-15
4135	5.76874E-15
4136	5.74474E-15
4137	5.70506E-15
4138	5.72335E-15
4139	5.73642E-15
4140	5.75481E-15
4141	5.76795E-15
4142	5.76516E-15
4143	5.7359E-15
4144	5.72258E-15
4145	5.71982E-15
4146	5.71706E-15
4147	5.72484E-15
4148	5.73263E-15
4149	5.75632E-15
4150	5.7801E-15
4151	5.77732E-15
4152	5.76391E-15
4153	5.76113E-15
4154	5.75836E-15
4155	5.75029E-15
4156	5.73694E-15
4157	5.72363E-15
4158	5.70509E-15
4159	5.69185E-15
4160	5.67865E-15
4161	5.64984E-15
4162	5.65754E-15
4163	5.65482E-15
4164	5.67819E-15
4165	5.70166E-15
4166	5.71996E-15
4167	5.73304E-15
4168	5.75673E-15
4169	5.79119E-15
4170	5.82585E-15
4171	5.84455E-15
4172	5.85791E-15
4173	5.85511E-15
4174	5.8523E-15
4175	5.81191E-15
4176	5.77179E-15
4177	5.74252E-15
4178	5.72394E-15
4179	5.71067E-15
4180	5.71846E-15
4181	5.73154E-15
4182	5.75524E-15
4183	5.75249E-15
4184	5.74974E-15
4185	5.73114E-15
4186	5.7284E-15
4187	5.72566E-15
4188	5.72293E-15
4189	5.7202E-15
4190	5.70694E-15
4191	5.70422E-15
4192	5.71201E-15
4193	5.72508E-15
4194	5.72235E-15
4195	5.70384E-15
4196	5.69063E-15
4197	5.68792E-15
4198	5.67475E-15
4199	5.69298E-15
4200	5.70602E-15
4201	5.7033E-15
4202	5.68486E-15
4203	5.68215E-15
4204	5.669E-15
4205	5.67675E-15
4206	5.67405E-15
4207	5.67135E-15
4208	5.66866E-15
4209	5.66596E-15
4210	5.66327E-15
4211	5.66058E-15
4212	5.67355E-15
4213	5.68131E-15
4214	5.68909E-15
4215	5.70212E-15
4216	5.68369E-15
4217	5.67054E-15
4218	5.65742E-15
4219	5.65474E-15
4220	5.65206E-15
4221	5.67023E-15
4222	5.68323E-15
4223	5.69101E-15
4224	5.71457E-15
4225	5.69611E-15
4226	5.69341E-15
4227	5.68025E-15
4228	5.66711E-15
4229	5.66443E-15
4230	5.67219E-15
4231	5.66951E-15
4232	5.66683E-15
4233	5.65373E-15
4234	5.63547E-15
4235	5.61209E-15
4236	5.60944E-15
4237	5.6068E-15
4238	5.61448E-15
4239	5.62218E-15
4240	5.61953E-15
4241	5.61688E-15
4242	5.62977E-15
4243	5.62711E-15
4244	5.62446E-15
4245	5.6063E-15
4246	5.60366E-15
4247	5.59071E-15
4248	5.58808E-15
4249	5.58545E-15
4250	5.58282E-15
4251	5.55456E-15
4252	5.53153E-15
4253	5.52384E-15
4254	5.51108E-15
4255	5.51865E-15
4256	5.52114E-15
4257	5.52872E-15
4258	5.51595E-15
4259	5.50828E-15
4260	5.49557E-15
4261	5.49299E-15
4262	5.49041E-15
4263	5.49795E-15
4264	5.51058E-15
4265	5.53342E-15
4266	5.54102E-15
4267	5.54864E-15
4268	5.54604E-15
4269	5.54344E-15
4270	5.52047E-15
4271	5.47738E-15
4272	5.45468E-15
4273	5.46218E-15
4274	5.45962E-15
4275	5.46713E-15
4276	5.46457E-15
4277	5.46202E-15
4278	5.44942E-15
4279	5.44687E-15
4280	5.44433E-15
4281	5.43177E-15
4282	5.41425E-15
4283	5.40176E-15
4284	5.4092E-15
4285	5.40667E-15
4286	5.40415E-15
4287	5.39169E-15
4288	5.37925E-15
4289	5.37675E-15
4290	5.38415E-15
4291	5.39156E-15
4292	5.38905E-15
4293	5.3915E-15
4294	5.38899E-15
4295	5.38152E-15
4296	5.36912E-15
4297	5.36662E-15
4298	5.35425E-15
4299	5.31737E-15
4300	5.30023E-15
4301	5.29777E-15
4302	5.28556E-15
4303	5.27338E-15
4304	5.26608E-15
4305	5.26848E-15
4306	5.27574E-15
4307	5.27329E-15
4308	5.28056E-15
4309	5.27811E-15
4310	5.25626E-15
4311	5.23933E-15
4312	5.21284E-15
4313	5.20083E-15
4314	5.23204E-15
4315	5.25376E-15
4316	5.27556E-15
4317	5.30723E-15
4318	5.29013E-15
4319	5.28768E-15
4320	5.28523E-15
4321	5.28279E-15
4322	5.29495E-15
4323	5.2925E-15
4324	5.30958E-15
4325	5.32181E-15
4326	5.32916E-15
4327	5.30711E-15
4328	5.29977E-15
4329	5.28757E-15
4330	5.27541E-15
4331	5.29243E-15
4332	5.30463E-15
4333	5.31195E-15
4334	5.31929E-15
4335	5.31684E-15
4336	5.29484E-15
4337	5.2778E-15
4338	5.25597E-15
4339	5.22941E-15
4340	5.227E-15
4341	5.22459E-15
4342	5.23181E-15
4343	5.24387E-15
4344	5.2608E-15
4345	5.27293E-15
4346	5.28022E-15
4347	5.27779E-15
4348	5.27537E-15
4349	5.27294E-15
4350	5.26082E-15
4351	5.24389E-15
4352	5.23183E-15
4353	5.22943E-15
4354	5.23666E-15
4355	5.23426E-15
4356	5.22223E-15
4357	5.23427E-15
4358	5.25118E-15
4359	5.25845E-15
4360	5.25604E-15
4361	5.25363E-15
4362	5.25122E-15
4363	5.23915E-15
4364	5.22712E-15
4365	5.21511E-15
4366	5.23196E-15
4367	5.2537E-15
4368	5.25129E-15
4369	5.24889E-15
4370	5.24649E-15
4371	5.24409E-15
4372	5.26588E-15
4373	5.27318E-15
4374	5.27077E-15
4375	5.25867E-15
4376	5.25626E-15
4377	5.25386E-15
4378	5.26114E-15
4379	5.28301E-15
4380	5.30009E-15
4381	5.29767E-15
4382	5.29526E-15
4383	5.2831E-15
4384	5.27097E-15
4385	5.26857E-15
4386	5.26616E-15
4387	5.26376E-15
4388	5.26136E-15
4389	5.24446E-15
4390	5.24207E-15
4391	5.23004E-15
4392	5.22766E-15
4393	5.23491E-15
4394	5.2229E-15
4395	5.21091E-15
4396	5.20854E-15
4397	5.20617E-15
4398	5.20381E-15
4399	5.20144E-15
4400	5.19908E-15
4401	5.19671E-15
4402	5.20393E-15
4403	5.20157E-15
4404	5.18964E-15
4405	5.18728E-15
4406	5.17062E-15
4407	5.15876E-15
4408	5.14219E-15
4409	5.1304E-15
4410	5.12808E-15
4411	5.12575E-15
4412	5.12343E-15
4413	5.13055E-15
4414	5.14241E-15
4415	5.16381E-15
4416	5.17099E-15
4417	5.16865E-15
4418	5.16631E-15
4419	5.16397E-15
4420	5.15213E-15
4421	5.1498E-15
4422	5.13327E-15
4423	5.12151E-15
4424	5.10977E-15
4425	5.10746E-15
4426	5.10515E-15
4427	5.12168E-15
4428	5.13353E-15
4429	5.14068E-15
4430	5.16207E-15
4431	5.14551E-15
4432	5.14318E-15
4433	5.12196E-15
4434	5.09613E-15
4435	5.09383E-15
4436	5.09153E-15
4437	5.08924E-15
4438	5.11043E-15
4439	5.10812E-15
4440	5.10582E-15
4441	5.10352E-15
4442	5.10123E-15
4443	5.0755E-15
4444	5.07322E-15
4445	5.07094E-15
4446	5.05933E-15
4447	5.0524E-15
4448	5.0641E-15
4449	5.08519E-15
4450	5.10166E-15
4451	5.11348E-15
4452	5.11118E-15
4453	5.09479E-15
4454	5.07377E-15
4455	5.0715E-15
4456	5.05523E-15
4457	5.06695E-15
4458	5.07401E-15
4459	5.08109E-15
4460	5.09286E-15
4461	5.06719E-15
4462	5.04165E-15
4463	5.03011E-15
4464	5.01861E-15
4465	5.01636E-15
4466	5.02336E-15
4467	5.02111E-15
4468	5.01886E-15
4469	5.00738E-15
4470	5.01437E-15
4471	5.01213E-15
4472	4.99606E-15
4473	4.98464E-15
4474	4.97324E-15
4475	4.9573E-15
4476	4.95509E-15
4477	4.95288E-15
4478	4.95066E-15
4479	4.95301E-15
4480	4.9508E-15
4481	4.95772E-15
4482	4.95551E-15
4483	4.93963E-15
4484	4.92834E-15
4485	4.92614E-15
4486	4.92394E-15
4487	4.92175E-15
4488	4.92863E-15
4489	4.91736E-15
4490	4.89259E-15
4491	4.87243E-15
4492	4.87026E-15
4493	4.87707E-15
4494	4.86593E-15
4495	4.86376E-15
4496	4.89304E-15
4497	4.91344E-15
4498	4.90674E-15
4499	4.89553E-15
4500	4.87087E-15
4501	4.85975E-15
4502	4.84865E-15
4503	4.83312E-15
4504	4.82209E-15
4505	4.81994E-15
4506	4.81781E-15
4507	4.81567E-15
4508	4.81353E-15
4509	4.80254E-15
4510	4.79599E-15
4511	4.79387E-15
4512	4.79174E-15
4513	4.78962E-15
4514	4.76989E-15
4515	4.76778E-15
4516	4.77445E-15
4517	4.78555E-15
4518	4.81437E-15
4519	4.84336E-15
4520	4.84122E-15
4521	4.848E-15
4522	4.86822E-15
4523	4.88403E-15
4524	4.90441E-15
4525	4.9158E-15
4526	4.92269E-15
4527	4.91146E-15
4528	4.90929E-15
4529	4.90712E-15
4530	4.90496E-15
4531	4.91183E-15
4532	4.91872E-15
4533	4.93015E-15
4534	4.93706E-15
4535	4.91221E-15
4536	4.89199E-15
4537	4.86737E-15
4538	4.8518E-15
4539	4.84073E-15
4540	4.84752E-15
4541	4.84539E-15
4542	4.84772E-15
4543	4.84558E-15
4544	4.83009E-15
4545	4.81908E-15
4546	4.83474E-15
4547	4.85492E-15
4548	4.86621E-15
4549	4.87304E-15
4550	4.8709E-15
4551	4.86876E-15
4552	4.87559E-15
4553	4.88693E-15
4554	4.88479E-15
4555	4.85126E-15
4556	4.81797E-15
4557	4.7805E-15
4558	4.73896E-15
4559	4.75875E-15
4560	4.77421E-15
4561	4.77212E-15
4562	4.77003E-15
4563	4.75916E-15
4564	4.73522E-15
4565	4.74624E-15
4566	4.76168E-15
4567	4.78156E-15
4568	4.78828E-15
4569	4.78618E-15
4570	4.78409E-15
4571	4.7732E-15
4572	4.74919E-15
4573	4.72965E-15
4574	4.72758E-15
4575	4.72552E-15
4576	4.73216E-15
4577	4.73009E-15
4578	4.74111E-15
4579	4.75653E-15
4580	4.76761E-15
4581	4.76553E-15
4582	4.77223E-15
4583	4.77894E-15
4584	4.79008E-15
4585	4.77478E-15
4586	4.75514E-15
4587	4.76183E-15
4588	4.75976E-15
4589	4.75768E-15
4590	4.74249E-15
4591	4.72299E-15
4592	4.69924E-15
4593	4.67561E-15
4594	4.65639E-15
4595	4.64152E-15
4596	4.6395E-15
4597	4.63749E-15
4598	4.63547E-15
4599	4.63345E-15
4600	4.64425E-15
4601	4.65079E-15
4602	4.64877E-15
4603	4.6382E-15
4604	4.62339E-15
4605	4.63417E-15
4606	4.6407E-15
4607	4.6601E-15
4608	4.67958E-15
4609	4.65606E-15
4610	4.63265E-15
4611	4.63918E-15
4612	4.65E-15
4613	4.63516E-15
4614	4.62462E-15
4615	4.62262E-15
4616	4.62062E-15
4617	4.61862E-15
4618	4.61662E-15
4619	4.61462E-15
4620	4.61262E-15
4621	4.60214E-15
4622	4.61713E-15
4623	4.6279E-15
4624	4.6259E-15
4625	4.6239E-15
4626	4.6219E-15
4627	4.60715E-15
4628	4.59669E-15
4629	4.57359E-15
4630	4.5548E-15
4631	4.53192E-15
4632	4.51746E-15
4633	4.5072E-15
4634	4.48869E-15
4635	4.49503E-15
4636	4.49309E-15
4637	4.49943E-15
4638	4.51825E-15
4639	4.53297E-15
4640	4.55193E-15
4641	4.56256E-15
4642	4.569E-15
4643	4.56703E-15
4644	4.53573E-15
4645	4.51295E-15
4646	4.511E-15
4647	4.51738E-15
4648	4.53628E-15
4649	4.55525E-15
4650	4.57431E-15
4651	4.58922E-15
4652	4.58725E-15
4653	4.58528E-15
4654	4.54547E-15
4655	4.48531E-15
4656	4.44228E-15
4657	4.4322E-15
4658	4.42214E-15
4659	4.42024E-15
4660	4.41835E-15
4661	4.46142E-15
4662	4.50077E-15
4663	4.51961E-15
4664	4.51767E-15
4665	4.52406E-15
4666	4.54299E-15
4667	4.54105E-15
4668	4.51825E-15
4669	4.508E-15
4670	4.47299E-15
4671	4.44234E-15
4672	4.42411E-15
4673	4.4019E-15
4674	4.3798E-15
4675	4.34979E-15
4676	4.31999E-15
4677	4.29039E-15
4678	4.28856E-15
4679	4.32241E-15
4680	4.3405E-15
4681	4.33865E-15
4682	4.34879E-15
4683	4.34694E-15
4684	4.35309E-15
4685	4.39959E-15
4686	4.4425E-15
4687	4.39584E-15
4688	4.34567E-15
4689	4.29607E-15
4690	4.25095E-15
4691	4.26482E-15
4692	4.33028E-15
4693	4.37654E-15
4694	4.40297E-15
4695	4.43773E-15
4696	4.38708E-15
4697	4.38521E-15
4698	4.38334E-15
4699	4.38148E-15
4700	4.37155E-15
4702	4.36784E-15
4704	4.35208E-15
4706	4.34038E-15
4708	4.32871E-15
4710	4.3131E-15
4712	4.29359E-15
4714	4.27812E-15
4716	4.27449E-15
4718	4.28268E-15
4720	4.29485E-15
4722	4.31102E-15
4724	4.33523E-15
4726	4.35958E-15
4728	4.36794E-15
4730	4.36023E-15
4732	4.35654E-15
4734	4.33686E-15
4736	4.31329E-15
4738	4.28984E-15
4740	4.27834E-15
4742	4.27473E-15
4744	4.27112E-15
4746	4.27539E-15
4748	4.28361E-15
4750	4.2958E-15
4752	4.30406E-15
4754	4.30837E-15
4756	4.31269E-15
4758	4.30906E-15
4760	4.29752E-15
4762	4.29391E-15
4764	4.27059E-15
4766	4.25132E-15
4768	4.22824E-15
4770	4.22469E-15
4772	4.22893E-15
4774	4.23708E-15
4776	4.24916E-15
4778	4.2652E-15
4780	4.2892E-15
4782	4.29747E-15
4784	4.29387E-15
4786	4.27845E-15
4788	4.27487E-15
4790	4.27131E-15
4792	4.26774E-15
4794	4.26418E-15
4796	4.26062E-15
4798	4.25707E-15
4800	4.2457E-15
4802	4.22267E-15
4804	4.19977E-15
4806	4.18855E-15
4808	4.17737E-15
4810	4.17389E-15
4812	4.17043E-15
4814	4.17464E-15
4816	4.17887E-15
4818	4.17925E-15
4820	4.18348E-15
4822	4.18772E-15
4824	4.19582E-15
4826	4.20007E-15
4828	4.21597E-15
4830	4.22802E-15
4832	4.24402E-15
4834	4.26009E-15
4836	4.25656E-15
4838	4.26089E-15
4840	4.25737E-15
4842	4.25385E-15
4844	4.25034E-15
4846	4.24683E-15
4848	4.24333E-15
4850	4.23202E-15
4852	4.22854E-15
4854	4.22505E-15
4856	4.22936E-15
4858	4.22587E-15
4860	4.2224E-15
4862	4.21116E-15
4864	4.19995E-15
4866	4.19264E-15
4868	4.18919E-15
4870	4.17805E-15
4872	4.18617E-15
4874	4.19818E-15
4876	4.20247E-15
4878	4.21064E-15
4880	4.22661E-15
4882	4.23093E-15
4884	4.23526E-15
4886	4.2435E-15
4888	4.24003E-15
4890	4.2171E-15
4892	4.19429E-15
4894	4.17161E-15
4896	4.1682E-15
4898	4.1648E-15
4900	4.1614E-15
4902	4.16951E-15
4904	4.17379E-15
4906	4.17039E-15
4908	4.16699E-15
4910	4.1636E-15
4912	4.16021E-15
4914	4.14917E-15
4916	4.13436E-15
4918	4.12339E-15
4920	4.11246E-15
4922	4.09024E-15
4924	4.06814E-15
4926	4.07608E-15
4928	4.07277E-15
4930	4.06947E-15
4932	4.06617E-15
4934	4.06287E-15
4936	4.05958E-15
4938	4.05629E-15
4940	4.05301E-15
4942	4.03856E-15
4944	4.03529E-15
4946	4.03203E-15
4948	4.02877E-15
4950	4.02551E-15
4952	4.03339E-15
4954	4.03014E-15
4956	4.02688E-15
4958	4.03105E-15
4960	4.0278E-15
4962	4.02456E-15
4964	4.02131E-15
4966	4.01808E-15
4968	4.01484E-15
4970	4.00423E-15
4972	4.00101E-15
4974	3.98676E-15
4976	3.98356E-15
4978	3.97303E-15
4980	3.96984E-15
4982	3.97397E-15
4984	3.97078E-15
4986	3.96759E-15
4988	3.96441E-15
4990	3.97219E-15
4992	3.95806E-15
4994	3.94761E-15
4996	3.94445E-15
4998	3.9413E-15
5000	3.94541E-15
5002	3.95316E-15
5004	3.95E-15
5006	3.96141E-15
5008	3.9619E-15
5010	3.95873E-15
5012	3.96287E-15
5014	3.95971E-15
5016	3.95655E-15
5018	3.9534E-15
5020	3.94298E-15
5022	3.93621E-15
5024	3.92584E-15
5026	3.91549E-15
5028	3.91238E-15
5030	3.90927E-15
5032	3.89538E-15
5034	3.89229E-15
5036	3.88204E-15
5038	3.87896E-15
5040	3.87588E-15
5042	3.86568E-15
5044	3.86262E-15
5046	3.85955E-15
5048	3.8565E-15
5050	3.84281E-15
5052	3.85039E-15
5054	3.84735E-15
5056	3.8443E-15
5058	3.84126E-15
5060	3.8453E-15
5062	3.84227E-15
5064	3.83923E-15
5066	3.8362E-15
5068	3.82612E-15
5070	3.8231E-15
5072	3.82009E-15
5074	3.81708E-15
5076	3.81407E-15
5078	3.81809E-15
5080	3.82212E-15
5082	3.81208E-15
5084	3.80908E-15
5086	3.79908E-15
5088	3.7961E-15
5090	3.78265E-15
5092	3.77272E-15
5094	3.76976E-15
5096	3.7668E-15
5098	3.76385E-15
5100	3.76783E-15
5102	3.76488E-15
5104	3.77234E-15
5106	3.76938E-15
5108	3.76643E-15
5110	3.76348E-15
5112	3.76054E-15
5114	3.7576E-15
5116	3.75466E-15
5118	3.74137E-15
5120	3.73845E-15
5122	3.72866E-15
5124	3.72575E-15
5126	3.7297E-15
5128	3.7268E-15
5130	3.72389E-15
5132	3.72099E-15
5134	3.72838E-15
5136	3.71519E-15
5138	3.7123E-15
5140	3.70259E-15
5142	3.70653E-15
5144	3.70365E-15
5146	3.71101E-15
5148	3.70813E-15
5150	3.7155E-15
5152	3.71262E-15
5154	3.70973E-15
5156	3.70686E-15
5158	3.7074E-15
5160	3.70452E-15
5162	3.70165E-15
5164	3.69879E-15
5166	3.69933E-15
5168	3.69647E-15
5170	3.69361E-15
5172	3.69075E-15
5174	3.6913E-15
5176	3.68844E-15
5178	3.68559E-15
5180	3.68275E-15
5182	3.67991E-15
5184	3.68046E-15
5186	3.67762E-15
5188	3.67478E-15
5190	3.67195E-15
5192	3.6725E-15
5194	3.66968E-15
5196	3.66685E-15
5198	3.66403E-15
5200	3.66121E-15
5202	3.66177E-15
5204	3.65895E-15
5206	3.67302E-15
5208	3.6702E-15
5210	3.66738E-15
5212	3.67132E-15
5214	3.66851E-15
5216	3.6657E-15
5218	3.66964E-15
5220	3.66008E-15
5222	3.65055E-15
5224	3.63769E-15
5226	3.6349E-15
5228	3.63212E-15
5230	3.62934E-15
5232	3.62657E-15
5234	3.61713E-15
5236	3.61437E-15
5238	3.61161E-15
5240	3.60885E-15
5242	3.6061E-15
5244	3.60335E-15
5246	3.6006E-15
5248	3.59786E-15
5250	3.59512E-15
5252	3.59238E-15
5254	3.58964E-15
5256	3.59353E-15
5258	3.60073E-15
5260	3.60463E-15
5262	3.60853E-15
5264	3.60579E-15
5266	3.61302E-15
5268	3.60031E-15
5270	3.59096E-15
5272	3.58163E-15
5274	3.56904E-15
5276	3.55977E-15
5278	3.55053E-15
5280	3.53805E-15
5282	3.52886E-15
5284	3.5197E-15
5286	3.51704E-15
5288	3.50468E-15
5290	3.50203E-15
5292	3.49295E-15
5294	3.49031E-15
5296	3.48767E-15
5298	3.48504E-15
5300	3.48241E-15
5302	3.47978E-15
5304	3.48357E-15
5306	3.48094E-15
5308	3.48795E-15
5310	3.48532E-15
5312	3.47309E-15
5314	3.47047E-15
5316	3.47746E-15
5318	3.47484E-15
5320	3.47863E-15
5322	3.48243E-15
5324	3.48944E-15
5326	3.48682E-15
5328	3.4842E-15
5330	3.48159E-15
5332	3.46938E-15
5334	3.46039E-15
5336	3.4578E-15
5338	3.45521E-15
5340	3.44627E-15
5342	3.43419E-15
5344	3.4253E-15
5346	3.42274E-15
5348	3.41388E-15
5350	3.40819E-15
5352	3.40565E-15
5354	3.4031E-15
5356	3.3943E-15
5358	3.39802E-15
5360	3.40488E-15
5362	3.40862E-15
5364	3.40607E-15
5366	3.41295E-15
5368	3.41041E-15
5370	3.40787E-15
5372	3.40533E-15
5374	3.39341E-15
5376	3.38464E-15
5378	3.38213E-15
5380	3.37339E-15
5382	3.3771E-15
5384	3.37459E-15
5386	3.37831E-15
5388	3.3758E-15
5390	3.38263E-15
5392	3.38012E-15
5394	3.37761E-15
5396	3.37511E-15
5398	3.37883E-15
5400	3.37632E-15
5402	3.37382E-15
5404	3.37754E-15
5406	3.36883E-15
5408	3.36634E-15
5410	3.36385E-15
5412	3.36137E-15
5414	3.3527E-15
5416	3.35023E-15
5418	3.34775E-15
5420	3.33605E-15
5422	3.32746E-15
5424	3.325E-15
5426	3.32255E-15
5428	3.32623E-15
5430	3.32378E-15
5432	3.32133E-15
5434	3.31889E-15
5436	3.31034E-15
5438	3.30182E-15
5440	3.29635E-15
5442	3.29393E-15
5444	3.28545E-15
5446	3.28304E-15
5448	3.28063E-15
5450	3.27822E-15
5452	3.27582E-15
5454	3.27342E-15
5456	3.27102E-15
5458	3.26862E-15
5460	3.26623E-15
5462	3.26384E-15
5464	3.25544E-15
5466	3.25306E-15
5468	3.25068E-15
5470	3.24233E-15
5472	3.23996E-15
5474	3.23759E-15
5476	3.24119E-15
5478	3.23883E-15
5480	3.23646E-15
5482	3.22815E-15
5484	3.22579E-15
5486	3.22344E-15
5488	3.21813E-15
5490	3.21578E-15
5492	3.21344E-15
5494	3.2111E-15
5496	3.20877E-15
5498	3.20053E-15
5500	3.1982E-15
5502	3.19588E-15
5504	3.19356E-15
5506	3.19124E-15
5508	3.18892E-15
5510	3.18661E-15
5512	3.18429E-15
5514	3.18198E-15
5516	3.17968E-15
5518	3.17153E-15
5520	3.16923E-15
5522	3.16693E-15
5524	3.15882E-15
5526	3.15653E-15
5528	3.15425E-15
5530	3.15196E-15
5532	3.14679E-15
5534	3.14451E-15
5536	3.13646E-15
5538	3.13419E-15
5540	3.1377E-15
5542	3.13544E-15
5544	3.13607E-15
5546	3.13958E-15
5548	3.13732E-15
5550	3.13506E-15
5552	3.1328E-15
5554	3.13054E-15
5556	3.12253E-15
5558	3.12029E-15
5560	3.11517E-15
5562	3.11293E-15
5564	3.11069E-15
5566	3.11132E-15
5568	3.11482E-15
5570	3.11259E-15
5572	3.11609E-15
5574	3.11959E-15
5576	3.11735E-15
5578	3.11512E-15
5580	3.11289E-15
5582	3.11066E-15
5584	3.10843E-15
5586	3.10049E-15
5588	3.10398E-15
5590	3.10176E-15
5592	3.09954E-15
5594	3.09162E-15
5596	3.08941E-15
5598	3.08153E-15
5600	3.07366E-15
5602	3.06864E-15
5604	3.0608E-15
5606	3.05862E-15
5608	3.06207E-15
5610	3.05989E-15
5612	3.05771E-15
5614	3.05553E-15
5616	3.05617E-15
5618	3.05118E-15
5620	3.0434E-15
5622	3.03564E-15
5624	3.03348E-15
5626	3.02296E-15
5628	3.01525E-15
5630	3.01311E-15
5632	3.01097E-15
5634	3.01438E-15
5636	3.01224E-15
5638	3.0101E-15
5640	3.01629E-15
5642	3.01415E-15
5644	3.01202E-15
5646	3.00988E-15
5648	3.00775E-15
5650	3.00562E-15
5652	3.0035E-15
5654	3.00691E-15
5656	3.00478E-15
5658	3.00266E-15
5660	2.99501E-15
5662	2.9929E-15
5664	2.99078E-15
5666	2.98043E-15
5668	2.97284E-15
5670	2.96528E-15
5672	2.96319E-15
5674	2.9611E-15
5676	2.95901E-15
5678	2.95693E-15
5680	2.95485E-15
5682	2.95277E-15
5684	2.95613E-15
5686	2.9595E-15
5688	2.9656E-15
5690	2.96351E-15
5692	2.96143E-15
5694	2.95935E-15
5696	2.95727E-15
5698	2.9552E-15
5700	2.95313E-15
5702	2.94291E-15
5704	2.94085E-15
5706	2.93338E-15
5708	2.93132E-15
5710	2.92388E-15
5712	2.92183E-15
5714	2.91173E-15
5716	2.90969E-15
5718	2.90231E-15
5720	2.90028E-15
5722	2.89825E-15
5724	2.90157E-15
5726	2.89954E-15
5728	2.89751E-15
5730	2.89549E-15
5732	2.88815E-15
5734	2.88613E-15
5736	2.88412E-15
5738	2.88211E-15
5740	2.8801E-15
5742	2.8781E-15
5744	2.87609E-15
5746	2.87939E-15
5748	2.87739E-15
5750	2.87538E-15
5752	2.88134E-15
5754	2.87933E-15
5756	2.87733E-15
5758	2.87533E-15
5760	2.87334E-15
5762	2.87134E-15
5764	2.86935E-15
5766	2.86736E-15
5768	2.86537E-15
5770	2.86339E-15
5772	2.8614E-15
5774	2.85942E-15
5776	2.85744E-15
5778	2.85546E-15
5780	2.85349E-15
5782	2.85151E-15
5784	2.84168E-15
5786	2.83449E-15
5788	2.83253E-15
5790	2.82536E-15
5792	2.82341E-15
5794	2.82146E-15
5796	2.81692E-15
5798	2.81498E-15
5800	2.80786E-15
5802	2.80593E-15
5804	2.79883E-15
5806	2.78919E-15
5808	2.78214E-15
5810	2.7751E-15
5812	2.7732E-15
5814	2.77129E-15
5816	2.76938E-15
5818	2.77258E-15
5820	2.77068E-15
5822	2.77388E-15
5824	2.77197E-15
5826	2.77007E-15
5828	2.76817E-15
5830	2.76627E-15
5832	2.75929E-15
5834	2.75739E-15
5836	2.7555E-15
5838	2.75362E-15
5840	2.7568E-15
5842	2.75492E-15
5844	2.75557E-15
5846	2.75876E-15
5848	2.75687E-15
5850	2.75499E-15
5852	2.75311E-15
5854	2.75123E-15
5856	2.74935E-15
5858	2.74241E-15
5860	2.73802E-15
5862	2.72609E-15
5864	2.71922E-15
5866	2.71486E-15
5868	2.70802E-15
5870	2.70119E-15
5872	2.70433E-15
5874	2.70747E-15
5876	2.70563E-15
5878	2.71127E-15
5880	2.71942E-15
5882	2.72509E-15
5884	2.72826E-15
5886	2.73395E-15
5888	2.74218E-15
5890	2.74032E-15
5892	2.74604E-15
5894	2.74417E-15
5896	2.73474E-15
5898	2.72786E-15
5900	2.71849E-15
5902	2.71165E-15
5904	2.69985E-15
5906	2.69057E-15
5908	2.68875E-15
5910	2.68199E-15
5912	2.68017E-15
5914	2.67836E-15
5916	2.67655E-15
5918	2.67474E-15
5920	2.67293E-15
5922	2.67113E-15
5924	2.66933E-15
5926	2.66752E-15
5928	2.66572E-15
5930	2.66393E-15
5932	2.66213E-15
5934	2.66034E-15
5936	2.65365E-15
5938	2.64942E-15
5940	2.64764E-15
5942	2.64099E-15
5944	2.63921E-15
5946	2.63258E-15
5948	2.63081E-15
5950	2.62904E-15
5952	2.62728E-15
5954	2.62551E-15
5956	2.62375E-15
5958	2.62682E-15
5960	2.62506E-15
5962	2.6233E-15
5964	2.62154E-15
5966	2.61978E-15
5968	2.61803E-15
5970	2.61627E-15
5972	2.60971E-15
5974	2.60796E-15
5976	2.60622E-15
5978	2.60447E-15
5980	2.60273E-15
5982	2.60099E-15
5984	2.59925E-15
5986	2.59752E-15
5988	2.59578E-15
5990	2.58689E-15
5992	2.58516E-15
5994	2.58344E-15
5996	2.58172E-15
5998	2.58713E-15
6000	2.58541E-15
6002	2.58845E-15
6004	2.58673E-15
6006	2.585E-15
6008	2.58328E-15
6010	2.58632E-15
6012	2.5846E-15
6014	2.58288E-15
6016	2.58117E-15
6018	2.57945E-15
6020	2.57774E-15
6022	2.57603E-15
6024	2.56958E-15
6026	2.56787E-15
6028	2.56145E-15
6030	2.56447E-15
6032	2.56277E-15
6034	2.56107E-15
6036	2.55937E-15
6038	2.55297E-15
6040	2.55128E-15
6042	2.54959E-15
6044	2.5479E-15
6046	2.54622E-15
6048	2.54453E-15
6050	2.54285E-15
6052	2.54117E-15
6054	2.53248E-15
6056	2.53081E-15
6058	2.52914E-15
6060	2.52282E-15
6062	2.51652E-15
6064	2.51486E-15
6066	2.5132E-15
6068	2.51154E-15
6070	2.50296E-15
6072	2.50823E-15
6074	2.50658E-15
6076	2.50955E-15
6078	2.5079E-15
6080	2.51087E-15
6082	2.50922E-15
6084	2.50757E-15
6086	2.50592E-15
6088	2.50428E-15
6090	2.49803E-15
6092	2.49639E-15
6094	2.49016E-15
6096	2.48852E-15
6098	2.48689E-15
6100	2.48526E-15
6102	2.48363E-15
6104	2.482E-15
6106	2.48038E-15
6108	2.47875E-15
6110	2.4817E-15
6112	2.48008E-15
6114	2.47845E-15
6116	2.4814E-15
6118	2.47978E-15
6120	2.47816E-15
6122	2.47654E-15
6124	2.47492E-15
6126	2.46875E-15
6128	2.46714E-15
6130	2.46553E-15
6132	2.46392E-15
6134	2.46232E-15
6136	2.46071E-15
6138	2.45911E-15
6140	2.45751E-15
6142	2.45591E-15
6144	2.45431E-15
6146	2.45271E-15
6148	2.44661E-15
6150	2.44501E-15
6152	2.44342E-15
6154	2.4351E-15
6156	2.43352E-15
6158	2.43194E-15
6160	2.43036E-15
6162	2.42878E-15
6164	2.4272E-15
6166	2.42563E-15
6168	2.42406E-15
6170	2.41803E-15
6172	2.41646E-15
6174	2.41045E-15
6176	2.40667E-15
6178	2.40511E-15
6180	2.40356E-15
6182	2.402E-15
6184	2.40045E-15
6186	2.3989E-15
6188	2.39735E-15
6190	2.3958E-15
6192	2.39425E-15
6194	2.39271E-15
6196	2.39116E-15
6198	2.38962E-15
6200	2.38808E-15
6202	2.38654E-15
6204	2.385E-15
6206	2.37907E-15
6208	2.37754E-15
6210	2.37601E-15
6212	2.37448E-15
6214	2.37295E-15
6216	2.37143E-15
6218	2.3699E-15
6220	2.36838E-15
6222	2.36685E-15
6224	2.36533E-15
6226	2.36817E-15
6228	2.36665E-15
6230	2.36513E-15
6232	2.36362E-15
6234	2.3621E-15
6236	2.36058E-15
6238	2.35907E-15
6240	2.35756E-15
6242	2.35605E-15
6244	2.35454E-15
6246	2.35303E-15
6248	2.35152E-15
6250	2.35002E-15
6252	2.34852E-15
6254	2.34702E-15
6256	2.34551E-15
6258	2.3397E-15
6260	2.33821E-15
6262	2.33671E-15
6264	2.33522E-15
6266	2.33373E-15
6268	2.33224E-15
6270	2.32647E-15
6272	2.32498E-15
6274	2.31922E-15
6276	2.31561E-15
6278	2.30988E-15
6280	2.30416E-15
6282	2.30269E-15
6284	2.30123E-15
6286	2.29342E-15
6288	2.29196E-15
6290	2.2905E-15
6292	2.29538E-15
6294	2.29392E-15
6296	2.29246E-15
6298	2.29101E-15
6300	2.28323E-15
6302	2.28179E-15
6304	2.27614E-15
6306	2.2747E-15
6308	2.27326E-15
6310	2.27181E-15
6312	2.27456E-15
6314	2.27941E-15
6316	2.28217E-15
6318	2.28493E-15
6320	2.28559E-15
6322	2.28204E-15
6324	2.28059E-15
6326	2.27496E-15
6328	2.26934E-15
6330	2.2679E-15
6332	2.26022E-15
6334	2.25879E-15
6336	2.25321E-15
6338	2.25179E-15
6340	2.25037E-15
6342	2.24895E-15
6344	2.24753E-15
6346	2.24611E-15
6348	2.2447E-15
6350	2.24328E-15
6352	2.24187E-15
6354	2.24046E-15
6356	2.24318E-15
6358	2.24177E-15
6360	2.24036E-15
6362	2.24514E-15
6364	2.24373E-15
6366	2.24232E-15
6368	2.24092E-15
6370	2.23951E-15
6372	2.24223E-15
6374	2.2367E-15
6376	2.2353E-15
6378	2.23389E-15
6380	2.22633E-15
6382	2.22494E-15
6384	2.22354E-15
6386	2.22215E-15
6388	2.22076E-15
6390	2.21937E-15
6392	2.2139E-15
6394	2.20844E-15
6396	2.20706E-15
6398	2.20568E-15
6400	2.2043E-15
6402	2.20293E-15
6404	2.20155E-15
6406	2.20018E-15
6408	2.20286E-15
6410	2.20148E-15
6412	2.20417E-15
6414	2.20279E-15
6416	2.20142E-15
6418	2.20005E-15
6420	2.19463E-15
6422	2.19326E-15
6424	2.19594E-15
6426	2.19457E-15
6428	2.19321E-15
6430	2.18781E-15
6432	2.18645E-15
6434	2.18107E-15
6436	2.17971E-15
6438	2.17235E-15
6440	2.167E-15
6442	2.16566E-15
6444	2.16432E-15
6446	2.16696E-15
6448	2.16562E-15
6450	2.16427E-15
6452	2.16892E-15
6454	2.16757E-15
6456	2.16623E-15
6458	2.16489E-15
6460	2.16355E-15
6462	2.1662E-15
6464	2.16486E-15
6466	2.15953E-15
6468	2.1582E-15
6470	2.14696E-15
6472	2.14168E-15
6474	2.13445E-15
6476	2.12921E-15
6478	2.12398E-15
6480	2.12267E-15
6482	2.1194E-15
6484	2.1181E-15
6486	2.11874E-15
6488	2.11743E-15
6490	2.12003E-15
6492	2.11873E-15
6494	2.12132E-15
6496	2.11612E-15
6498	2.11092E-15
6500	2.10768E-15
6502	2.10251E-15
6504	2.09349E-15
6506	2.08643E-15
6508	2.08131E-15
6510	2.08003E-15
6512	2.07302E-15
6514	2.06793E-15
6516	2.06286E-15
6518	2.06159E-15
6520	2.05086E-15
6522	2.04395E-15
6524	2.03894E-15
6526	2.03019E-15
6528	2.02708E-15
6530	2.02211E-15
6532	2.02087E-15
6534	2.01592E-15
6536	2.01469E-15
6538	2.00975E-15
6540	2.00667E-15
6542	2.00544E-15
6544	2.00053E-15
6546	1.99563E-15
6548	1.99441E-15
6550	1.98769E-15
6552	1.97917E-15
6554	1.97797E-15
6556	1.9713E-15
6558	1.96648E-15
6560	1.96528E-15
6562	1.96408E-15
6564	1.96288E-15
6566	1.96169E-15
6568	1.96049E-15
6570	1.95569E-15
6572	1.9527E-15
6574	1.95152E-15
6576	1.95213E-15
6578	1.95454E-15
6580	1.95335E-15
6582	1.95576E-15
6584	1.95457E-15
6586	1.95879E-15
6588	1.9576E-15
6590	1.96002E-15
6592	1.95883E-15
6594	1.96668E-15
6596	1.96911E-15
6598	1.97155E-15
6600	1.97217E-15
6602	1.97097E-15
6604	1.97341E-15
6606	1.97222E-15
6608	1.97102E-15
6610	1.97346E-15
6612	1.9759E-15
6614	1.98017E-15
6616	1.98263E-15
6618	1.98143E-15
6620	1.98023E-15
6622	1.97903E-15
6624	1.97784E-15
6626	1.97665E-15
6628	1.97545E-15
6630	1.9779E-15
6632	1.97853E-15
6634	1.98098E-15
6636	1.98344E-15
6638	1.98224E-15
6640	1.98653E-15
6642	1.98534E-15
6644	1.98414E-15
6646	1.98295E-15
6648	1.98175E-15
6650	1.98056E-15
6652	1.97937E-15
6654	1.97818E-15
6656	1.97699E-15
6658	1.9758E-15
6660	1.97462E-15
6662	1.97343E-15
6664	1.96681E-15
6666	1.96563E-15
6668	1.96083E-15
6670	1.95966E-15
6672	1.95848E-15
6674	1.95731E-15
6676	1.95614E-15
6678	1.95496E-15
6680	1.95379E-15
6682	1.95262E-15
6684	1.95146E-15
6686	1.95029E-15
6688	1.94912E-15
6690	1.95155E-15
6692	1.95038E-15
6694	1.95461E-15
6696	1.95344E-15
6698	1.95588E-15
6700	1.95471E-15
6702	1.95354E-15
6704	1.95238E-15
6706	1.95121E-15
6708	1.95005E-15
6710	1.9453E-15
6712	1.94414E-15
6714	1.94298E-15
6716	1.94183E-15
6718	1.94067E-15
6720	1.93951E-15
6722	1.94193E-15
6724	1.94078E-15
6726	1.93963E-15
6728	1.93491E-15
6730	1.92842E-15
6732	1.92373E-15
6734	1.91905E-15
6736	1.91261E-15
6738	1.91148E-15
6740	1.91035E-15
6742	1.91273E-15
6744	1.91336E-15
6746	1.91222E-15
6748	1.91462E-15
6750	1.91348E-15
6752	1.91235E-15
6754	1.9077E-15
6756	1.90481E-15
6758	1.90369E-15
6760	1.89906E-15
6762	1.89793E-15
6764	1.89681E-15
6766	1.89569E-15
6768	1.89108E-15
6770	1.89345E-15
6772	1.89582E-15
6774	1.89645E-15
6776	1.89882E-15
6778	1.8977E-15
6780	1.89658E-15
6782	1.89896E-15
6784	1.89784E-15
6786	1.90197E-15
6788	1.90085E-15
6790	1.89973E-15
6792	1.89861E-15
6794	1.89749E-15
6796	1.89115E-15
6798	1.88655E-15
6800	1.88197E-15
6802	1.87914E-15
6804	1.87803E-15
6806	1.87693E-15
6808	1.87237E-15
6810	1.87127E-15
6812	1.87018E-15
6814	1.86908E-15
6816	1.86454E-15
6818	1.86345E-15
6820	1.86236E-15
6822	1.85784E-15
6824	1.85504E-15
6826	1.85395E-15
6828	1.84946E-15
6830	1.84838E-15
6832	1.84729E-15
6834	1.84962E-15
6836	1.84853E-15
6838	1.84745E-15
6840	1.84807E-15
6842	1.8504E-15
6844	1.84932E-15
6846	1.84484E-15
6848	1.84376E-15
6850	1.84099E-15
6852	1.83991E-15
6854	1.83884E-15
6856	1.83607E-15
6858	1.835E-15
6860	1.83393E-15
6862	1.83286E-15
6864	1.83011E-15
6866	1.82904E-15
6868	1.82798E-15
6870	1.82691E-15
6872	1.82417E-15
6874	1.82311E-15
6876	1.82205E-15
6878	1.82099E-15
6880	1.81825E-15
6882	1.8172E-15
6884	1.81614E-15
6886	1.81509E-15
6888	1.81236E-15
6890	1.81131E-15
6892	1.81026E-15
6894	1.80921E-15
6896	1.80816E-15
6898	1.80545E-15
6900	1.8044E-15
6902	1.80336E-15
6904	1.80231E-15
6906	1.80127E-15
6908	1.80023E-15
6910	1.79753E-15
6912	1.79649E-15
6914	1.79545E-15
6916	1.79441E-15
6918	1.79337E-15
6920	1.79234E-15
6922	1.78965E-15
6924	1.78862E-15
6926	1.78758E-15
6928	1.78655E-15
6930	1.78552E-15
6932	1.78449E-15
6934	1.78346E-15
6936	1.78079E-15
6938	1.77977E-15
6940	1.77874E-15
6942	1.77772E-15
6944	1.77669E-15
6946	1.77567E-15
6948	1.77465E-15
6950	1.77363E-15
6952	1.78079E-15
6954	1.77976E-15
6956	1.77874E-15
6958	1.77772E-15
6960	1.7767E-15
6962	1.77568E-15
6964	1.77466E-15
6966	1.77364E-15
6968	1.77262E-15
6970	1.7716E-15
6972	1.7657E-15
6974	1.76469E-15
6976	1.76043E-15
6978	1.75134E-15
6980	1.74711E-15
6982	1.7429E-15
6984	1.73709E-15
6986	1.7361E-15
6988	1.73511E-15
6990	1.73411E-15
6992	1.73312E-15
6994	1.73213E-15
6996	1.73593E-15
6998	1.74134E-15
7000	1.74516E-15
7002	1.74738E-15
7004	1.75121E-15
7006	1.75667E-15
7008	1.75244E-15
7010	1.75144E-15
7012	1.74722E-15
7014	1.74141E-15
7016	1.73721E-15
7018	1.73143E-15
7020	1.72726E-15
7022	1.7231E-15
7024	1.72212E-15
7026	1.72114E-15
7028	1.72016E-15
7030	1.71918E-15
7032	1.7182E-15
7034	1.71722E-15
7036	1.71941E-15
7038	1.71843E-15
7040	1.71746E-15
7042	1.71648E-15
7044	1.71235E-15
7046	1.71138E-15
7048	1.70569E-15
7050	1.70158E-15
7052	1.69593E-15
7054	1.69185E-15
7056	1.68777E-15
7058	1.68682E-15
7060	1.68276E-15
7062	1.68491E-15
7064	1.68706E-15
7066	1.6861E-15
7068	1.68826E-15
7070	1.69197E-15
7072	1.69882E-15
7074	1.69786E-15
7076	1.70003E-15
7078	1.69907E-15
7080	1.70124E-15
7082	1.70498E-15
7084	1.70402E-15
7086	1.70306E-15
7088	1.7021E-15
7090	1.70114E-15
7092	1.70018E-15
7094	1.69141E-15
7096	1.68735E-15
7098	1.67865E-15
7100	1.66999E-15
7102	1.66139E-15
7104	1.65434E-15
7106	1.64885E-15
7108	1.64489E-15
7110	1.64094E-15
7112	1.64002E-15
7114	1.63909E-15
7116	1.63817E-15
7118	1.6433E-15
7120	1.64692E-15
7122	1.65207E-15
7124	1.65571E-15
7126	1.66089E-15
7128	1.66762E-15
7130	1.67129E-15
7132	1.67652E-15
7134	1.68022E-15
7136	1.68237E-15
7138	1.68453E-15
7140	1.68359E-15
7142	1.68264E-15
7144	1.6817E-15
7146	1.68076E-15
7148	1.67982E-15
7150	1.67579E-15
7152	1.67485E-15
7154	1.67084E-15
7156	1.6699E-15
7158	1.66897E-15
7160	1.66343E-15
7162	1.65945E-15
7164	1.65547E-15
7166	1.65454E-15
7168	1.64602E-15
7170	1.64056E-15
7172	1.63362E-15
7174	1.62521E-15
7176	1.61833E-15
7178	1.61594E-15
7180	1.61207E-15
7182	1.6082E-15
7184	1.60731E-15
7186	1.60641E-15
7188	1.60552E-15
7190	1.60463E-15
7192	1.60373E-15
7194	1.60284E-15
7196	1.60195E-15
7198	1.60401E-15
7200	1.60312E-15
7202	1.60519E-15
7204	1.60873E-15
7206	1.61081E-15
7208	1.61288E-15
7210	1.61645E-15
7212	1.62151E-15
7214	1.62061E-15
7216	1.61971E-15
7218	1.61882E-15
7220	1.61792E-15
7222	1.61405E-15
7224	1.61316E-15
7226	1.6093E-15
7228	1.60397E-15
7230	1.60013E-15
7232	1.5963E-15
7234	1.59542E-15
7236	1.5916E-15
7238	1.58926E-15
7240	1.58838E-15
7242	1.58458E-15
7244	1.58079E-15
7246	1.57992E-15
7248	1.57905E-15
7250	1.57818E-15
7252	1.57731E-15
7254	1.57644E-15
7256	1.57557E-15
7258	1.5776E-15
7260	1.57673E-15
7262	1.57587E-15
7264	1.575E-15
7266	1.57413E-15
7268	1.57326E-15
7270	1.5724E-15
7272	1.57153E-15
7274	1.57067E-15
7276	1.56981E-15
7278	1.56894E-15
7280	1.56808E-15
7282	1.56722E-15
7284	1.56348E-15
7286	1.56262E-15
7288	1.55745E-15
7290	1.55373E-15
7292	1.55002E-15
7294	1.54206E-15
7296	1.53413E-15
7298	1.52624E-15
7300	1.52541E-15
7302	1.52457E-15
7304	1.52093E-15
7306	1.5229E-15
7308	1.52207E-15
7310	1.52264E-15
7312	1.52461E-15
7314	1.5294E-15
7316	1.52997E-15
7318	1.53478E-15
7320	1.53819E-15
7322	1.53735E-15
7324	1.53934E-15
7326	1.5385E-15
7328	1.53766E-15
7330	1.53966E-15
7332	1.53882E-15
7334	1.53798E-15
7336	1.53714E-15
7338	1.53347E-15
7340	1.53264E-15
7342	1.5318E-15
7344	1.53097E-15
7346	1.53014E-15
7348	1.5293E-15
7350	1.52847E-15
7352	1.53046E-15
7354	1.52681E-15
7356	1.52598E-15
7358	1.52234E-15
7360	1.52151E-15
7362	1.51649E-15
7364	1.51009E-15
7366	1.50788E-15
7368	1.50152E-15
7370	1.49795E-15
7372	1.49576E-15
7374	1.49495E-15
7376	1.49413E-15
7378	1.49332E-15
7380	1.49252E-15
7382	1.49308E-15
7384	1.49227E-15
7386	1.49009E-15
7388	1.48929E-15
7390	1.48848E-15
7392	1.48904E-15
7394	1.49098E-15
7396	1.49292E-15
7398	1.49487E-15
7400	1.49544E-15
7402	1.49738E-15
7404	1.49658E-15
7406	1.49577E-15
7408	1.49496E-15
7410	1.49691E-15
7412	1.4961E-15
7414	1.49529E-15
7416	1.49449E-15
7418	1.49093E-15
7420	1.48739E-15
7422	1.48658E-15
7424	1.48442E-15
7426	1.48362E-15
7428	1.48282E-15
7430	1.47929E-15
7432	1.4785E-15
7434	1.47498E-15
7436	1.47147E-15
7438	1.46933E-15
7440	1.46584E-15
7442	1.46505E-15
7444	1.46157E-15
7446	1.46078E-15
7448	1.46269E-15
7450	1.4619E-15
7452	1.46112E-15
7454	1.46034E-15
7456	1.45955E-15
7458	1.45609E-15
7460	1.4553E-15
7462	1.45452E-15
7464	1.45375E-15
7466	1.45297E-15
7468	1.45219E-15
7470	1.45141E-15
7472	1.45063E-15
7474	1.44986E-15
7476	1.44908E-15
7478	1.44831E-15
7480	1.44753E-15
7482	1.44676E-15
7484	1.44599E-15
7486	1.44521E-15
7488	1.44444E-15
7490	1.44367E-15
7492	1.43892E-15
7494	1.43815E-15
7496	1.43738E-15
7498	1.44059E-15
7500	1.43585E-15
7502	1.43508E-15
7504	1.43168E-15
7506	1.43092E-15
7508	1.43279E-15
7510	1.43599E-15
7512	1.43787E-15
7514	1.43976E-15
7516	1.44032E-15
7518	1.4422E-15
7520	1.43879E-15
7522	1.4367E-15
7524	1.43593E-15
7526	1.43253E-15
7528	1.43177E-15
7530	1.42837E-15
7532	1.42761E-15
7534	1.42292E-15
7536	1.42216E-15
7538	1.41879E-15
7540	1.41804E-15
7542	1.41468E-15
7544	1.41003E-15
7546	1.40669E-15
7548	1.40336E-15
7550	1.41429E-15
7552	1.41354E-15
7554	1.41279E-15
7556	1.41204E-15
7558	1.41E-15
7560	1.40925E-15
7562	1.4085E-15
7564	1.40776E-15
7566	1.40702E-15
7568	1.40498E-15
7570	1.40424E-15
7572	1.40349E-15
7574	1.40275E-15
7576	1.40072E-15
7578	1.39998E-15
7580	1.39924E-15
7582	1.39722E-15
7584	1.39648E-15
7586	1.39574E-15
7588	1.39501E-15
7590	1.39299E-15
7592	1.39226E-15
7594	1.39152E-15
7596	1.39079E-15
7598	1.38878E-15
7600	1.38805E-15
7602	1.38732E-15
7604	1.38531E-15
7606	1.38458E-15
7608	1.38386E-15
7610	1.38313E-15
7612	1.38113E-15
7614	1.3804E-15
7616	1.37968E-15
7618	1.37768E-15
7620	1.37696E-15
7622	1.37624E-15
7624	1.37552E-15
7626	1.37353E-15
7628	1.37281E-15
7630	1.37209E-15
7632	1.37011E-15
7634	1.36939E-15
7636	1.36867E-15
7638	1.3667E-15
7640	1.36598E-15
7642	1.36527E-15
7644	1.3633E-15
7646	1.36258E-15
7648	1.36187E-15
7650	1.35991E-15
7652	1.35919E-15
7654	1.35848E-15
7656	1.35652E-15
7658	1.35582E-15
7660	1.35511E-15
7662	1.35315E-15
7664	1.35245E-15
7666	1.35174E-15
7668	1.34979E-15
7670	1.34909E-15
7672	1.34715E-15
7674	1.34644E-15
7676	1.34574E-15
7678	1.3438E-15
7680	1.3431E-15
7682	1.3424E-15
7684	1.34047E-15
7686	1.33977E-15
7688	1.33907E-15
7690	1.33715E-15
7692	1.32786E-15
7694	1.32717E-15
7696	1.32893E-15
7698	1.32824E-15
7700	1.33E-15
7702	1.3293E-15
7704	1.32617E-15
7706	1.32304E-15
7708	1.32479E-15
7710	1.32411E-15
7712	1.32586E-15
7714	1.32639E-15
7716	1.32815E-15
7718	1.32991E-15
7720	1.32677E-15
7722	1.32609E-15
7724	1.3254E-15
7726	1.32106E-15
7728	1.31795E-15
7730	1.31484E-15
7732	1.31053E-15
7734	1.30986E-15
7736	1.30677E-15
7738	1.30609E-15
7740	1.30542E-15
7742	1.30234E-15
7744	1.30167E-15
7746	1.301E-15
7748	1.30033E-15
7750	1.29966E-15
7752	1.30138E-15
7754	1.30071E-15
7756	1.30243E-15
7758	1.30537E-15
7760	1.30469E-15
7762	1.30402E-15
7764	1.29975E-15
7766	1.29669E-15
7768	1.29364E-15
7770	1.29297E-15
7772	1.28874E-15
7774	1.28571E-15
7776	1.28505E-15
7778	1.28439E-15
7780	1.28373E-15
7782	1.28071E-15
7784	1.27887E-15
7786	1.27821E-15
7788	1.2752E-15
7790	1.27455E-15
7792	1.2739E-15
7794	1.2709E-15
7796	1.27025E-15
7798	1.26726E-15
7800	1.26661E-15
7802	1.26479E-15
7804	1.26415E-15
7806	1.26117E-15
7808	1.25821E-15
7810	1.25525E-15
7812	1.25692E-15
7814	1.25859E-15
7816	1.25795E-15
7818	1.25962E-15
7820	1.25898E-15
7822	1.25949E-15
7824	1.25885E-15
7826	1.25821E-15
7828	1.25756E-15
7830	1.26156E-15
7832	1.26324E-15
7834	1.26609E-15
7836	1.26544E-15
7838	1.26247E-15
7840	1.26066E-15
7842	1.2577E-15
7844	1.25475E-15
7846	1.25065E-15
7848	1.24771E-15
7850	1.24478E-15
7852	1.24071E-15
7854	1.24008E-15
7856	1.23945E-15
7858	1.23882E-15
7860	1.23933E-15
7862	1.24098E-15
7864	1.24264E-15
7866	1.24201E-15
7868	1.24137E-15
7870	1.24074E-15
7872	1.23783E-15
7874	1.23493E-15
7876	1.23089E-15
7878	1.23027E-15
7880	1.22738E-15
7882	1.22676E-15
7884	1.22614E-15
7886	1.22551E-15
7888	1.22715E-15
7890	1.22879E-15
7892	1.23157E-15
7894	1.23321E-15
7896	1.23486E-15
7898	1.23423E-15
7900	1.23361E-15
7902	1.23298E-15
7904	1.23009E-15
7906	1.22721E-15
7908	1.22659E-15
7910	1.22823E-15
7912	1.22761E-15
7914	1.22699E-15
7916	1.22863E-15
7918	1.22801E-15
7920	1.22739E-15
7922	1.22451E-15
7924	1.22389E-15
7926	1.22102E-15
7928	1.21816E-15
7930	1.21642E-15
7932	1.21134E-15
7934	1.21073E-15
7936	1.21012E-15
7938	1.20617E-15
7940	1.2089E-15
7942	1.20829E-15
7944	1.20991E-15
7946	1.2093E-15
7948	1.21092E-15
7950	1.21143E-15
7952	1.20748E-15
7954	1.20465E-15
7956	1.20072E-15
7958	1.19791E-15
7960	1.19731E-15
7962	1.1945E-15
7964	1.1939E-15
7966	1.1955E-15
7968	1.1949E-15
7970	1.19211E-15
7972	1.18822E-15
7974	1.18544E-15
7976	1.18484E-15
7978	1.18425E-15
7980	1.18148E-15
7982	1.18306E-15
7984	1.18247E-15
7986	1.18406E-15
7988	1.18347E-15
7990	1.18287E-15
7992	1.18011E-15
7994	1.17951E-15
7996	1.17892E-15
7998	1.17834E-15
8000	1.18318E-15
8002	1.18477E-15
8004	1.18965E-15
8006	1.18905E-15
8008	1.18846E-15
8010	1.18786E-15
8012	1.18727E-15
8014	1.18123E-15
8016	1.17521E-15
8018	1.17246E-15
8020	1.17188E-15
8022	1.1713E-15
8024	1.17071E-15
8026	1.17229E-15
8028	1.17494E-15
8030	1.17436E-15
8032	1.17377E-15
8034	1.17319E-15
8036	1.17261E-15
8038	1.17202E-15
8040	1.16821E-15
8042	1.16763E-15
8044	1.16704E-15
8046	1.16646E-15
8048	1.16588E-15
8050	1.16316E-15
8052	1.16258E-15
8054	1.16201E-15
8056	1.15929E-15
8058	1.15872E-15
8060	1.15814E-15
8062	1.1565E-15
8064	1.1538E-15
8066	1.15111E-15
8068	1.14842E-15
8070	1.14468E-15
8072	1.14201E-15
8074	1.14355E-15
8076	1.14298E-15
8078	1.14242E-15
8080	1.14395E-15
8082	1.14655E-15
8084	1.1481E-15
8086	1.14753E-15
8088	1.14696E-15
8090	1.1464E-15
8092	1.14372E-15
8094	1.14316E-15
8096	1.14049E-15
8098	1.13888E-15
8100	1.13831E-15
8102	1.13775E-15
8104	1.1351E-15
8106	1.12932E-15
8108	1.12669E-15
8110	1.12821E-15
8112	1.12869E-15
8114	1.13022E-15
8116	1.13174E-15
8118	1.13431E-15
8120	1.13585E-15
8122	1.13529E-15
8124	1.13473E-15
8126	1.13417E-15
8128	1.13361E-15
8130	1.12993E-15
8132	1.12729E-15
8134	1.12674E-15
8136	1.12411E-15
8138	1.12149E-15
8140	1.12094E-15
8142	1.12246E-15
8144	1.12397E-15
8146	1.12342E-15
8148	1.12287E-15
8150	1.12232E-15
8152	1.1197E-15
8154	1.1171E-15
8156	1.11347E-15
8158	1.11087E-15
8160	1.10726E-15
8162	1.10468E-15
8164	1.10414E-15
8166	1.1036E-15
8168	1.10306E-15
8170	1.10456E-15
8172	1.10401E-15
8174	1.10653E-15
8176	1.10599E-15
8178	1.10545E-15
8180	1.10491E-15
8182	1.10437E-15
8184	1.10078E-15
8186	1.09822E-15
8188	1.09566E-15
8190	1.09513E-15
8192	1.09157E-15
8194	1.08903E-15
8196	1.09051E-15
8198	1.08997E-15
8200	1.09246E-15
8202	1.09595E-15
8204	1.09845E-15
8206	1.10298E-15
8208	1.10651E-15
8210	1.11108E-15
8212	1.11464E-15
8214	1.11204E-15
8216	1.1115E-15
8218	1.11096E-15
8220	1.10532E-15
8222	1.10072E-15
8224	1.09513E-15
8226	1.08957E-15
8228	1.08204E-15
8230	1.07456E-15
8232	1.07009E-15
8234	1.06662E-15
8236	1.0612E-15
8238	1.06362E-15
8240	1.06507E-15
8242	1.06651E-15
8244	1.066E-15
8246	1.06646E-15
8248	1.06594E-15
8250	1.06739E-15
8252	1.06687E-15
8254	1.06832E-15
8256	1.06781E-15
8258	1.06729E-15
8260	1.06677E-15
8262	1.06626E-15
8264	1.06574E-15
8266	1.06522E-15
8268	1.06471E-15
8270	1.06224E-15
8272	1.06172E-15
8274	1.05926E-15
8276	1.05777E-15
8278	1.05726E-15
8280	1.05675E-15
8282	1.05624E-15
8284	1.05378E-15
8286	1.05327E-15
8288	1.05277E-15
8290	1.05226E-15
8292	1.05175E-15
8294	1.05124E-15
8296	1.05267E-15
8298	1.05217E-15
8300	1.04972E-15
8302	1.04729E-15
8304	1.04678E-15
8306	1.04821E-15
8308	1.0477E-15
8310	1.04913E-15
8312	1.04863E-15
8314	1.04909E-15
8316	1.04858E-15
8318	1.04808E-15
8320	1.04757E-15
8322	1.04611E-15
8324	1.04368E-15
8326	1.04126E-15
8328	1.04076E-15
8330	1.03548E-15
8332	1.03308E-15
8334	1.02973E-15
8336	1.02924E-15
8338	1.03159E-15
8340	1.0311E-15
8342	1.0325E-15
8344	1.03391E-15
8346	1.03627E-15
8348	1.03578E-15
8350	1.03528E-15
8352	1.03479E-15
8354	1.0362E-15
8356	1.0357E-15
8358	1.03521E-15
8360	1.03281E-15
8362	1.03231E-15
8364	1.02708E-15
8366	1.0247E-15
8368	1.02138E-15
8370	1.01714E-15
8372	1.01853E-15
8374	1.01992E-15
8376	1.02225E-15
8378	1.02176E-15
8380	1.02128E-15
8382	1.02267E-15
8384	1.0203E-15
8386	1.017E-15
8388	1.01465E-15
8390	1.0123E-15
8392	1.00717E-15
8394	1.00391E-15
8396	1.00158E-15
8398	9.99263E-16
8400	9.96949E-16
8402	9.98312E-16
8404	9.97837E-16
8406	9.99201E-16
8408	9.98726E-16
8410	9.98251E-16
8412	9.99616E-16
8414	1.00006E-15
8416	1.00143E-15
8418	1.0028E-15
8420	1.00232E-15
8422	1.00462E-15
8424	1.00599E-15
8426	1.00552E-15
8428	1.00504E-15
8430	1.00456E-15
8432	1.00408E-15
8434	1.00361E-15
8436	1.00498E-15
8438	1.00266E-15
8440	1.00218E-15
8442	9.99864E-16
8444	9.9939E-16
8446	9.96161E-16
8448	9.95689E-16
8450	9.95218E-16
8452	9.94747E-16
8454	9.94276E-16
8456	9.93806E-16
8458	9.93336E-16
8460	9.92867E-16
8462	9.92397E-16
8464	9.90103E-16
8466	9.87814E-16
8468	9.86438E-16
8470	9.85973E-16
8472	9.86415E-16
8474	9.8595E-16
8476	9.84577E-16
8478	9.84113E-16
8480	9.83648E-16
8482	9.84091E-16
8484	9.8544E-16
8486	9.84976E-16
8488	9.86327E-16
8490	9.85862E-16
8492	9.85398E-16
8494	9.84934E-16
8496	9.82659E-16
8498	9.82196E-16
8500	9.79025E-16
8502	9.76764E-16
8504	9.74507E-16
8506	9.69574E-16
8508	9.67334E-16
8510	9.62437E-16
8512	9.61985E-16
8514	9.63306E-16
8516	9.65518E-16
8518	9.68627E-16
8520	9.72641E-16
8522	9.76672E-16
8524	9.80719E-16
8526	9.83877E-16
8528	9.87955E-16
8530	9.89313E-16
8532	9.91585E-16
8534	9.92948E-16
8536	9.90656E-16
8538	9.90192E-16
8540	9.86997E-16
8542	9.82907E-16
8544	9.76133E-16
8546	9.71194E-16
8548	9.66279E-16
8550	9.62275E-16
8552	9.57406E-16
8554	9.56959E-16
8556	9.53872E-16
8558	9.4992E-16
8560	9.46856E-16
8562	9.42934E-16
8564	9.39893E-16
8566	9.37725E-16
8568	9.37287E-16
8570	9.35126E-16
8572	9.36413E-16
8574	9.37702E-16
8576	9.37264E-16
8578	9.36827E-16
8580	9.36391E-16
8582	9.35954E-16
8584	9.33796E-16
8586	9.30786E-16
8588	9.26931E-16
8590	9.265E-16
8592	9.27776E-16
8594	9.29054E-16
8596	9.31191E-16
8598	9.30758E-16
8600	9.3204E-16
8602	9.29893E-16
8604	9.26896E-16
8606	9.23058E-16
8608	9.22629E-16
8610	9.23901E-16
8612	9.23472E-16
8614	9.24745E-16
8616	9.22614E-16
8618	9.22186E-16
8620	9.21758E-16
8622	9.17943E-16
8624	9.14985E-16
8626	9.12878E-16
8628	9.12455E-16
8630	9.09515E-16
8632	9.09094E-16
8634	9.08673E-16
8636	9.10765E-16
8638	9.10343E-16
8640	9.116E-16
8642	9.15384E-16
8644	9.16647E-16
8646	9.18758E-16
8648	9.21723E-16
8650	9.23846E-16
8652	9.25121E-16
8654	9.26399E-16
8656	9.28533E-16
8658	9.28104E-16
8660	9.29385E-16
8662	9.28956E-16
8664	9.24261E-16
8666	9.17898E-16
8668	9.13259E-16
8670	9.09481E-16
8672	9.04884E-16
8674	9.00311E-16
8676	9.02386E-16
8678	9.03634E-16
8680	9.04882E-16
8682	9.06968E-16
8684	9.08222E-16
8686	9.10316E-16
8688	9.05716E-16
8690	9.02801E-16
8692	8.99067E-16
8694	8.98654E-16
8696	8.99897E-16
8698	8.99483E-16
8700	8.99069E-16
8702	8.98656E-16
8704	8.98243E-16
8706	8.96178E-16
8708	8.95766E-16
8710	8.95355E-16
8712	8.92475E-16
8714	8.88785E-16
8716	8.85925E-16
8718	8.8145E-16
8720	8.77806E-16
8722	8.73372E-16
8724	8.68961E-16
8726	8.65369E-16
8728	8.60998E-16
8730	8.5902E-16
8732	8.58626E-16
8734	8.58233E-16
8736	8.59422E-16
8738	8.62994E-16
8740	8.65782E-16
8742	8.67781E-16
8744	8.67384E-16
8746	8.68586E-16
8748	8.66591E-16
8750	8.62215E-16
8752	8.57861E-16
8754	8.51959E-16
8756	8.47657E-16
8758	8.41825E-16
8760	8.39892E-16
8762	8.41056E-16
8764	8.41447E-16
8766	8.42614E-16
8768	8.45338E-16
8770	8.47291E-16
8772	8.50814E-16
8774	8.51994E-16
8776	8.53176E-16
8778	8.51217E-16
8780	8.45362E-16
8782	8.38001E-16
8784	8.33771E-16
8786	8.33392E-16
8788	8.29185E-16
8790	8.30336E-16
8792	8.35327E-16
8794	8.40347E-16
8796	8.43842E-16
8798	8.45792E-16
8800	8.45408E-16
8802	8.45024E-16
8804	8.40759E-16
8806	8.34977E-16
8808	8.32294E-16
8810	8.30386E-16
8812	8.28481E-16
8814	8.2582E-16
8816	8.2773E-16
8818	8.27354E-16
8820	8.26979E-16
8822	8.29655E-16
8824	8.33107E-16
8826	8.36573E-16
8828	8.37736E-16
8830	8.39673E-16
8832	8.42391E-16
8834	8.42009E-16
8836	8.40079E-16
8838	8.39699E-16
8840	8.39319E-16
8842	8.37395E-16
8844	8.37017E-16
8846	8.3433E-16
8848	8.32418E-16
8850	8.29746E-16
8852	8.30135E-16
8854	8.3129E-16
8856	8.32447E-16
8858	8.34373E-16
8860	8.35534E-16
8862	8.39012E-16
8864	8.3478E-16
8866	8.32868E-16
8868	8.30195E-16
8870	8.24488E-16
8872	8.17313E-16
8874	8.11695E-16
8876	8.07601E-16
8878	8.03529E-16
8880	8.00213E-16
8882	7.99853E-16
8884	8.00967E-16
8886	8.00606E-16
8888	8.00246E-16
8890	8.01361E-16
8892	8.03217E-16
8894	8.0064E-16
8896	7.98807E-16
8898	7.98448E-16
8900	7.99561E-16
8902	8.01413E-16
8904	8.0253E-16
8906	8.0217E-16
8908	8.00334E-16
8910	7.97767E-16
8912	7.95942E-16
8914	7.93389E-16
8916	7.90117E-16
8918	7.89763E-16
8920	7.90864E-16
8922	7.9051E-16
8924	7.88701E-16
8926	7.86173E-16
8928	7.82931E-16
8930	7.8258E-16
8932	7.8223E-16
8934	7.81879E-16
8936	7.81529E-16
8938	7.8118E-16
8940	7.8227E-16
8942	7.80481E-16
8944	7.77979E-16
8946	7.74772E-16
8948	7.74426E-16
8950	7.74079E-16
8952	7.73734E-16
8954	7.73388E-16
8956	7.73043E-16
8958	7.72698E-16
8960	7.72353E-16
8962	7.6634E-16
8964	7.61777E-16
8966	7.59336E-16
8968	7.58998E-16
8970	7.58659E-16
8972	7.58321E-16
8974	7.6008E-16
8976	7.62546E-16
8978	7.62206E-16
8980	7.60465E-16
8982	7.58028E-16
8984	7.56297E-16
8986	7.5596E-16
8988	7.57017E-16
8990	7.57377E-16
8992	7.59835E-16
8994	7.61598E-16
8996	7.62663E-16
8998	7.60921E-16
9000	7.59883E-16
9002	7.58147E-16
9004	7.59208E-16
9006	7.5957E-16
9008	7.60632E-16
9010	7.61697E-16
9012	7.61359E-16
9014	7.63126E-16
9016	7.59283E-16
9018	7.55459E-16
9020	7.52348E-16
9022	7.49939E-16
9024	7.46163E-16
9026	7.43089E-16
9028	7.40711E-16
9030	7.3766E-16
9032	7.33945E-16
9034	7.3227E-16
9036	7.31272E-16
9038	7.29604E-16
9040	7.29281E-16
9042	7.28958E-16
9044	7.28636E-16
9046	7.29657E-16
9048	7.31352E-16
9050	7.32377E-16
9052	7.34079E-16
9054	7.36463E-16
9056	7.38174E-16
9058	7.42621E-16
9060	7.48471E-16
9062	7.5298E-16
9064	7.57516E-16
9066	7.62079E-16
9068	7.6667E-16
9070	7.58607E-16
9072	7.49938E-16
9074	7.41368E-16
9076	7.32897E-16
9078	7.25189E-16
9080	7.18224E-16
9082	7.13294E-16
9084	7.08398E-16
9086	7.04833E-16
9088	7.07775E-16
9090	7.10729E-16
9092	7.15011E-16
9094	7.19319E-16
9096	7.23654E-16
9098	7.28014E-16
9100	7.29036E-16
9102	7.28715E-16
9104	7.30411E-16
9106	7.3009E-16
9108	7.29769E-16
9110	7.29449E-16
9112	7.25779E-16
9114	7.24125E-16
9116	7.20482E-16
9118	7.18179E-16
9120	7.16542E-16
9122	7.12938E-16
9124	7.13282E-16
9126	7.15601E-16
9128	7.16606E-16
9130	7.14974E-16
9132	7.10068E-16
9134	7.05196E-16
9136	7.0359E-16
9138	7.04578E-16
9140	7.0427E-16
9142	7.07211E-16
9144	7.10165E-16
9146	7.13788E-16
9148	7.13476E-16
9150	7.10541E-16
9152	7.05667E-16
9154	7.02118E-16
9156	6.98586E-16
9158	6.95713E-16
9160	6.92214E-16
9162	6.91912E-16
9164	6.9161E-16
9166	6.92583E-16
9168	6.94196E-16
9170	6.95173E-16
9172	6.96151E-16
9174	6.95848E-16
9176	6.95544E-16
9178	6.93962E-16
9180	6.93659E-16
9182	6.92081E-16
9184	6.9178E-16
9186	6.91479E-16
9188	6.92452E-16
9190	6.92151E-16
9192	6.91849E-16
9194	6.91548E-16
9196	6.91248E-16
9198	6.89676E-16
9200	6.89376E-16
