3200	5.94E-14
3201	5.29E-14
3202	4.76E-14
3203	4.44E-14
3204	4.19E-14
3205	4.46E-14
3206	4.76E-14
3207	5.29E-14
3208	5.90E-14
3209	5.55E-14
3210	5.01E-14
3211	4.96E-14
3212	5.10E-14
3213	5.12E-14
3214	5.02E-14
3215	4.86E-14
3216	4.60E-14
3217	4.49E-14
3218	4.71E-14
3219	4.96E-14
3220	5.31E-14
3221	5.68E-14
3222	5.56E-14
3223	5.45E-14
3224	5.39E-14
3225	5.34E-14
3226	5.43E-14
3227	5.58E-14
3228	5.48E-14
3229	5.22E-14
3230	5.06E-14
3231	5.04E-14
3232	5.04E-14
3233	5.12E-14
3234	5.21E-14
3235	5.37E-14
3236	5.54E-14
3237	5.39E-14
3238	5.26E-14
3239	5.36E-14
3240	5.49E-14
3241	5.34E-14
3242	5.15E-14
3243	5.14E-14
3244	5.24E-14
3245	5.28E-14
3246	5.25E-14
3247	5.23E-14
3248	5.18E-14
3249	5.16E-14
3250	5.20E-14
3251	5.24E-14
3252	5.34E-14
3253	5.43E-14
3254	5.27E-14
3255	5.07E-14
3256	5.01E-14
3257	4.99E-14
3258	4.83E-14
3259	4.60E-14
3260	4.52E-14
3261	4.58E-14
3262	4.59E-14
3263	4.54E-14
3264	4.54E-14
3265	4.72E-14
3266	4.85E-14
3267	4.66E-14
3268	4.47E-14
3269	4.42E-14
3270	4.38E-14
3271	4.49E-14
3272	4.62E-14
3273	4.61E-14
3274	4.54E-14
3275	4.55E-14
3276	4.65E-14
3277	4.68E-14
3278	4.59E-14
3279	4.53E-14
3280	4.54E-14
3281	4.56E-14
3282	4.64E-14
3283	4.72E-14
3284	4.57E-14
3285	4.42E-14
3286	4.39E-14
3287	4.37E-14
3288	4.37E-14
3289	4.40E-14
3290	4.45E-14
3291	4.53E-14
3292	4.59E-14
3293	4.60E-14
3294	4.63E-14
3295	4.69E-14
3296	4.75E-14
3297	4.75E-14
3298	4.76E-14
3299	4.76E-14
3300	4.75E-14
3301	4.78E-14
3302	4.81E-14
3303	4.82E-14
3304	4.84E-14
3305	4.88E-14
3306	4.95E-14
3307	4.92E-14
3308	4.81E-14
3309	4.79E-14
3310	4.94E-14
3311	5.05E-14
3312	5.03E-14
3313	5.00E-14
3314	5.10E-14
3315	5.18E-14
3316	5.13E-14
3317	5.07E-14
3318	4.98E-14
3319	4.90E-14
3320	4.84E-14
3321	4.81E-14
3322	4.84E-14
3323	4.97E-14
3324	5.06E-14
3325	5.02E-14
3326	4.95E-14
3327	4.75E-14
3328	4.56E-14
3329	4.50E-14
3330	4.43E-14
3331	4.47E-14
3332	4.52E-14
3333	4.60E-14
3334	4.69E-14
3335	4.62E-14
3336	4.45E-14
3337	4.28E-14
3338	4.14E-14
3339	4.13E-14
3340	4.42E-14
3341	4.64E-14
3342	4.47E-14
3343	4.30E-14
3344	4.46E-14
3345	4.63E-14
3346	4.64E-14
3347	4.62E-14
3348	4.51E-14
3349	4.36E-14
3350	4.30E-14
3351	4.29E-14
3352	4.25E-14
3353	4.19E-14
3354	4.15E-14
3355	4.17E-14
3356	4.18E-14
3357	4.15E-14
3358	4.11E-14
3359	4.01E-14
3360	3.92E-14
3361	3.92E-14
3362	3.93E-14
3363	3.94E-14
3364	3.95E-14
3365	3.98E-14
3366	4.02E-14
3367	3.96E-14
3368	3.77E-14
3369	3.68E-14
3370	3.79E-14
3371	3.90E-14
3372	3.93E-14
3373	3.96E-14
3374	4.03E-14
3375	4.10E-14
3376	4.18E-14
3377	4.26E-14
3378	4.27E-14
3379	4.24E-14
3380	4.19E-14
3381	4.12E-14
3382	4.09E-14
3383	4.11E-14
3384	4.13E-14
3385	4.10E-14
3386	4.09E-14
3387	4.16E-14
3388	4.24E-14
3389	4.31E-14
3390	4.37E-14
3391	4.38E-14
3392	4.36E-14
3393	4.36E-14
3394	4.35E-14
3395	4.42E-14
3396	4.54E-14
3397	4.55E-14
3398	4.42E-14
3399	4.33E-14
3400	4.33E-14
3401	4.34E-14
3402	4.43E-14
3403	4.52E-14
3404	4.58E-14
3405	4.63E-14
3406	4.55E-14
3407	4.45E-14
3408	4.49E-14
3409	4.57E-14
3410	4.59E-14
3411	4.54E-14
3412	4.50E-14
3413	4.46E-14
3414	4.42E-14
3415	4.44E-14
3416	4.46E-14
3417	4.43E-14
3418	4.39E-14
3419	4.44E-14
3420	4.50E-14
3421	4.50E-14
3422	4.50E-14
3423	4.52E-14
3424	4.54E-14
3425	4.53E-14
3426	4.49E-14
3427	4.46E-14
3428	4.45E-14
3429	4.44E-14
3430	4.48E-14
3431	4.50E-14
3432	4.41E-14
3433	4.32E-14
3434	4.28E-14
3435	4.24E-14
3436	4.16E-14
3437	4.09E-14
3438	4.11E-14
3439	4.17E-14
3440	4.20E-14
3441	4.17E-14
3442	4.16E-14
3443	4.18E-14
3444	4.20E-14
3445	4.19E-14
3446	4.19E-14
3447	4.23E-14
3448	4.28E-14
3449	4.23E-14
3450	4.16E-14
3451	4.06E-14
3452	3.96E-14
3453	3.91E-14
3454	3.90E-14
3455	3.89E-14
3456	3.89E-14
3457	3.90E-14
3458	3.96E-14
3459	4.00E-14
3460	3.99E-14
3461	3.99E-14
3462	3.94E-14
3463	3.88E-14
3464	3.86E-14
3465	3.86E-14
3466	3.86E-14
3467	3.86E-14
3468	3.94E-14
3469	4.07E-14
3470	4.16E-14
3471	4.16E-14
3472	4.12E-14
3473	4.00E-14
3474	3.88E-14
3475	3.93E-14
3476	3.97E-14
3477	3.91E-14
3478	3.84E-14
3479	3.76E-14
3480	3.69E-14
3481	3.66E-14
3482	3.67E-14
3483	3.68E-14
3484	3.69E-14
3485	3.68E-14
3486	3.62E-14
3487	3.61E-14
3488	3.73E-14
3489	3.85E-14
3490	3.92E-14
3491	3.99E-14
3492	4.02E-14
3493	4.05E-14
3494	3.98E-14
3495	3.87E-14
3496	3.83E-14
3497	3.83E-14
3498	3.83E-14
3499	3.83E-14
3500	3.84E-14
3501	3.88E-14
3502	3.91E-14
3503	3.88E-14
3504	3.83E-14
3505	3.78E-14
3506	3.72E-14
3507	3.69E-14
3508	3.66E-14
3509	3.64E-14
3510	3.63E-14
3511	3.59E-14
3512	3.57E-14
3513	3.50E-14
3514	3.40E-14
3515	3.35E-14
3516	3.47E-14
3517	3.58E-14
3518	3.58E-14
3519	3.58E-14
3520	3.50E-14
3521	3.43E-14
3522	3.43E-14
3523	3.44E-14
3524	3.47E-14
3525	3.51E-14
3526	3.56E-14
3527	3.63E-14
3528	3.71E-14
3529	3.80E-14
3530	3.84E-14
3531	3.72E-14
3532	3.60E-14
3533	3.68E-14
3534	3.76E-14
3535	3.77E-14
3536	3.77E-14
3537	3.75E-14
3538	3.71E-14
3539	3.67E-14
3540	3.63E-14
3541	3.56E-14
3542	3.46E-14
3543	3.40E-14
3544	3.42E-14
3545	3.43E-14
3546	3.47E-14
3547	3.50E-14
3548	3.52E-14
3549	3.55E-14
3550	3.55E-14
3551	3.56E-14
3552	3.56E-14
3553	3.57E-14
3554	3.55E-14
3555	3.53E-14
3556	3.53E-14
3557	3.53E-14
3558	3.56E-14
3559	3.65E-14
3560	3.74E-14
3561	3.69E-14
3562	3.65E-14
3563	3.75E-14
3564	3.87E-14
3565	3.87E-14
3566	3.83E-14
3567	3.74E-14
3568	3.61E-14
3569	3.54E-14
3570	3.55E-14
3571	3.56E-14
3572	3.58E-14
3573	3.58E-14
3574	3.58E-14
3575	3.58E-14
3576	3.53E-14
3577	3.49E-14
3578	3.52E-14
3579	3.56E-14
3580	3.59E-14
3581	3.61E-14
3582	3.59E-14
3583	3.52E-14
3584	3.48E-14
3585	3.48E-14
3586	3.47E-14
3587	3.49E-14
3588	3.51E-14
3589	3.58E-14
3590	3.64E-14
3591	3.59E-14
3592	3.54E-14
3593	3.55E-14
3594	3.59E-14
3595	3.52E-14
3596	3.40E-14
3597	3.37E-14
3598	3.45E-14
3599	3.50E-14
3600	3.46E-14
3601	3.43E-14
3602	3.41E-14
3603	3.38E-14
3604	3.43E-14
3605	3.48E-14
3606	3.43E-14
3607	3.36E-14
3608	3.35E-14
3609	3.36E-14
3610	3.36E-14
3611	3.34E-14
3612	3.33E-14
3613	3.33E-14
3614	3.33E-14
3615	3.29E-14
3616	3.27E-14
3617	3.36E-14
3618	3.46E-14
3619	3.42E-14
3620	3.37E-14
3621	3.30E-14
3622	3.23E-14
3623	3.23E-14
3624	3.26E-14
3625	3.31E-14
3626	3.39E-14
3627	3.43E-14
3628	3.40E-14
3629	3.37E-14
3630	3.31E-14
3631	3.24E-14
3632	3.26E-14
3633	3.27E-14
3634	3.29E-14
3635	3.31E-14
3636	3.29E-14
3637	3.25E-14
3638	3.26E-14
3639	3.30E-14
3640	3.33E-14
3641	3.34E-14
3642	3.33E-14
3643	3.27E-14
3644	3.20E-14
3645	3.21E-14
3646	3.23E-14
3647	3.22E-14
3648	3.21E-14
3649	3.22E-14
3650	3.25E-14
3651	3.26E-14
3652	3.24E-14
3653	3.24E-14
3654	3.24E-14
3655	3.24E-14
3656	3.22E-14
3657	3.21E-14
3658	3.20E-14
3659	3.20E-14
3660	3.18E-14
3661	3.16E-14
3662	3.16E-14
3663	3.17E-14
3664	3.18E-14
3665	3.20E-14
3666	3.21E-14
3667	3.21E-14
3668	3.19E-14
3669	3.16E-14
3670	3.14E-14
3671	3.15E-14
3672	3.16E-14
3673	3.12E-14
3674	3.09E-14
3675	3.13E-14
3676	3.18E-14
3677	3.18E-14
3678	3.14E-14
3679	3.12E-14
3680	3.10E-14
3681	3.10E-14
3682	3.12E-14
3683	3.13E-14
3684	3.11E-14
3685	3.09E-14
3686	3.12E-14
3687	3.16E-14
3688	3.13E-14
3689	3.09E-14
3690	3.10E-14
3691	3.11E-14
3692	3.10E-14
3693	3.08E-14
3694	3.08E-14
3695	3.12E-14
3696	3.15E-14
3697	3.15E-14
3698	3.14E-14
3699	3.09E-14
3700	3.04E-14
3701	3.01E-14
3702	2.98E-14
3703	2.99E-14
3704	3.01E-14
3705	3.01E-14
3706	3.01E-14
3707	2.99E-14
3708	2.98E-14
3709	2.97E-14
3710	2.97E-14
3711	2.97E-14
3712	2.98E-14
3713	2.99E-14
3714	2.98E-14
3715	2.97E-14
3716	2.94E-14
3717	2.91E-14
3718	2.91E-14
3719	2.92E-14
3720	2.94E-14
3721	2.98E-14
3722	2.99E-14
3723	2.96E-14
3724	2.94E-14
3725	2.94E-14
3726	2.94E-14
3727	2.92E-14
3728	2.90E-14
3729	2.92E-14
3730	2.95E-14
3731	2.97E-14
3732	2.98E-14
3733	2.98E-14
3734	2.99E-14
3735	2.98E-14
3736	2.97E-14
3737	2.94E-14
3738	2.89E-14
3739	2.84E-14
3740	2.89E-14
3741	2.94E-14
3742	2.94E-14
3743	2.92E-14
3744	2.93E-14
3745	2.93E-14
3746	2.94E-14
3747	2.96E-14
3748	2.95E-14
3749	2.93E-14
3750	2.91E-14
3751	2.91E-14
3752	2.91E-14
3753	2.90E-14
3754	2.88E-14
3755	2.87E-14
3756	2.85E-14
3757	2.87E-14
3758	2.88E-14
3759	2.87E-14
3760	2.85E-14
3761	2.85E-14
3762	2.86E-14
3763	2.86E-14
3764	2.85E-14
3765	2.85E-14
3766	2.85E-14
3767	2.85E-14
3768	2.87E-14
3769	2.88E-14
3770	2.87E-14
3771	2.85E-14
3772	2.86E-14
3773	2.88E-14
3774	2.89E-14
3775	2.89E-14
3776	2.89E-14
3777	2.87E-14
3778	2.86E-14
3779	2.87E-14
3780	2.87E-14
3781	2.85E-14
3782	2.85E-14
3783	2.82E-14
3784	2.79E-14
3785	2.77E-14
3786	2.75E-14
3787	2.73E-14
3788	2.73E-14
3789	2.73E-14
3790	2.72E-14
3791	2.71E-14
3792	2.69E-14
3793	2.67E-14
3794	2.65E-14
3795	2.64E-14
3796	2.68E-14
3797	2.72E-14
3798	2.73E-14
3799	2.73E-14
3800	2.73E-14
3801	2.74E-14
3802	2.75E-14
3803	2.77E-14
3804	2.78E-14
3805	2.79E-14
3806	2.80E-14
3807	2.78E-14
3808	2.75E-14
3809	2.77E-14
3810	2.79E-14
3811	2.80E-14
3812	2.81E-14
3813	2.81E-14
3814	2.80E-14
3815	2.78E-14
3816	2.76E-14
3817	2.75E-14
3818	2.74E-14
3819	2.73E-14
3820	2.69E-14
3821	2.66E-14
3822	2.65E-14
3823	2.64E-14
3824	2.66E-14
3825	2.67E-14
3826	2.68E-14
3827	2.70E-14
3828	2.69E-14
3829	2.69E-14
3830	2.68E-14
3831	2.68E-14
3832	2.69E-14
3833	2.71E-14
3834	2.74E-14
3835	2.73E-14
3836	2.73E-14
3837	2.73E-14
3838	2.74E-14
3839	2.74E-14
3840	2.74E-14
3841	2.73E-14
3842	2.74E-14
3843	2.74E-14
3844	2.74E-14
3845	2.73E-14
3846	2.73E-14
3847	2.73E-14
3848	2.72E-14
3849	2.71E-14
3850	2.73E-14
3851	2.74E-14
3852	2.75E-14
3853	2.76E-14
3854	2.77E-14
3855	2.77E-14
3856	2.78E-14
3857	2.78E-14
3858	2.79E-14
3859	2.78E-14
3860	2.77E-14
3861	2.75E-14
3862	2.72E-14
3863	2.74E-14
3864	2.75E-14
3865	2.75E-14
3866	2.73E-14
3867	2.73E-14
3868	2.73E-14
3869	2.72E-14
3870	2.70E-14
3871	2.69E-14
3872	2.69E-14
3873	2.69E-14
3874	2.68E-14
3875	2.67E-14
3876	2.68E-14
3877	2.68E-14
3878	2.68E-14
3879	2.68E-14
3880	2.69E-14
3881	2.68E-14
3882	2.68E-14
3883	2.67E-14
3884	2.67E-14
3885	2.68E-14
3886	2.68E-14
3887	2.68E-14
3888	2.67E-14
3889	2.68E-14
3890	2.69E-14
3891	2.69E-14
3892	2.69E-14
3893	2.70E-14
3894	2.70E-14
3895	2.71E-14
3896	2.72E-14
3897	2.73E-14
3898	2.73E-14
3899	2.72E-14
3900	2.73E-14
3901	2.73E-14
3902	2.71E-14
3903	2.69E-14
3904	2.67E-14
3905	2.66E-14
3906	2.66E-14
3907	2.65E-14
3908	2.65E-14
3909	2.65E-14
3910	2.65E-14
3911	2.65E-14
3912	2.66E-14
3913	2.66E-14
3914	2.66E-14
3915	2.65E-14
3916	2.64E-14
3917	2.64E-14
3918	2.62E-14
3919	2.61E-14
3920	2.61E-14
3921	2.60E-14
3922	2.60E-14
3923	2.60E-14
3924	2.59E-14
3925	2.58E-14
3926	2.56E-14
3927	2.54E-14
3928	2.53E-14
3929	2.53E-14
3930	2.53E-14
3931	2.53E-14
3932	2.53E-14
3933	2.53E-14
3934	2.52E-14
3935	2.51E-14
3936	2.51E-14
3937	2.52E-14
3938	2.54E-14
3939	2.55E-14
3940	2.56E-14
3941	2.56E-14
3942	2.56E-14
3943	2.55E-14
3944	2.53E-14
3945	2.53E-14
3946	2.52E-14
3947	2.52E-14
3948	2.52E-14
3949	2.52E-14
3950	2.53E-14
3951	2.52E-14
3952	2.50E-14
3953	2.48E-14
3954	2.49E-14
3955	2.50E-14
3956	2.50E-14
3957	2.51E-14
3958	2.50E-14
3959	2.48E-14
3960	2.47E-14
3961	2.47E-14
3962	2.47E-14
3963	2.48E-14
3964	2.47E-14
3965	2.45E-14
3966	2.43E-14
3967	2.43E-14
3968	2.43E-14
3969	2.44E-14
3970	2.45E-14
3971	2.43E-14
3972	2.42E-14
3973	2.40E-14
3974	2.40E-14
3975	2.39E-14
3976	2.37E-14
3977	2.36E-14
3978	2.37E-14
3979	2.37E-14
3980	2.37E-14
3981	2.37E-14
3982	2.36E-14
3983	2.34E-14
3984	2.35E-14
3985	2.35E-14
3986	2.36E-14
3987	2.36E-14
3988	2.37E-14
3989	2.37E-14
3990	2.38E-14
3991	2.40E-14
3992	2.41E-14
3993	2.42E-14
3994	2.43E-14
3995	2.43E-14
3996	2.43E-14
3997	2.43E-14
3998	2.44E-14
3999	2.44E-14
4000	2.43E-14
4001	2.43E-14
4002	2.43E-14
4003	2.43E-14
4004	2.43E-14
4005	2.43E-14
4006	2.42E-14
4007	2.42E-14
4008	2.42E-14
4009	2.41E-14
4010	2.40E-14
4011	2.39E-14
4012	2.38E-14
4013	2.38E-14
4014	2.38E-14
4015	2.38E-14
4016	2.38E-14
4017	2.39E-14
4018	2.41E-14
4019	2.40E-14
4020	2.39E-14
4021	2.40E-14
4022	2.40E-14
4023	2.40E-14
4024	2.40E-14
4025	2.39E-14
4026	2.40E-14
4027	2.41E-14
4028	2.42E-14
4029	2.41E-14
4030	2.41E-14
4031	2.40E-14
4032	2.40E-14
4033	2.39E-14
4034	2.37E-14
4035	2.35E-14
4036	2.36E-14
4037	2.37E-14
4038	2.36E-14
4039	2.36E-14
4040	2.37E-14
4041	2.37E-14
4042	2.37E-14
4043	2.37E-14
4044	2.36E-14
4045	2.36E-14
4046	2.34E-14
4047	2.34E-14
4048	2.35E-14
4049	2.34E-14
4050	2.34E-14
4051	2.33E-14
4052	2.32E-14
4053	2.31E-14
4054	2.32E-14
4055	2.32E-14
4056	2.32E-14
4057	2.31E-14
4058	2.31E-14
4059	2.31E-14
4060	2.32E-14
4061	2.33E-14
4062	2.33E-14
4063	2.32E-14
4064	2.31E-14
4065	2.30E-14
4066	2.29E-14
4067	2.29E-14
4068	2.29E-14
4069	2.29E-14
4070	2.29E-14
4071	2.29E-14
4072	2.29E-14
4073	2.28E-14
4074	2.26E-14
4075	2.26E-14
4076	2.27E-14
4077	2.27E-14
4078	2.27E-14
4079	2.26E-14
4080	2.25E-14
4081	2.24E-14
4082	2.23E-14
4083	2.22E-14
4084	2.21E-14
4085	2.20E-14
4086	2.19E-14
4087	2.19E-14
4088	2.18E-14
4089	2.18E-14
4090	2.17E-14
4091	2.16E-14
4092	2.15E-14
4093	2.14E-14
4094	2.13E-14
4095	2.14E-14
4096	2.14E-14
4097	2.14E-14
4098	2.13E-14
4099	2.12E-14
4100	2.11E-14
4101	2.11E-14
4102	2.12E-14
4103	2.12E-14
4104	2.11E-14
4105	2.11E-14
4106	2.11E-14
4107	2.11E-14
4108	2.10E-14
4109	2.10E-14
4110	2.09E-14
4111	2.09E-14
4112	2.08E-14
4113	2.08E-14
4114	2.08E-14
4115	2.09E-14
4116	2.09E-14
4117	2.10E-14
4118	2.11E-14
4119	2.11E-14
4120	2.12E-14
4121	2.11E-14
4122	2.11E-14
4123	2.11E-14
4124	2.10E-14
4125	2.10E-14
4126	2.09E-14
4127	2.09E-14
4128	2.10E-14
4129	2.10E-14
4130	2.11E-14
4131	2.12E-14
4132	2.11E-14
4133	2.11E-14
4134	2.11E-14
4135	2.11E-14
4136	2.11E-14
4137	2.12E-14
4138	2.12E-14
4139	2.11E-14
4140	2.11E-14
4141	2.11E-14
4142	2.11E-14
4143	2.11E-14
4144	2.12E-14
4145	2.12E-14
4146	2.12E-14
4147	2.13E-14
4148	2.13E-14
4149	2.13E-14
4150	2.13E-14
4151	2.13E-14
4152	2.13E-14
4153	2.13E-14
4154	2.13E-14
4155	2.14E-14
4156	2.14E-14
4157	2.14E-14
4158	2.13E-14
4159	2.12E-14
4160	2.13E-14
4161	2.14E-14
4162	2.13E-14
4163	2.12E-14
4164	2.12E-14
4165	2.13E-14
4166	2.13E-14
4167	2.12E-14
4168	2.13E-14
4169	2.13E-14
4170	2.14E-14
4171	2.14E-14
4172	2.15E-14
4173	2.14E-14
4174	2.14E-14
4175	2.14E-14
4176	2.14E-14
4177	2.14E-14
4178	2.15E-14
4179	2.15E-14
4180	2.14E-14
4181	2.14E-14
4182	2.15E-14
4183	2.15E-14
4184	2.15E-14
4185	2.15E-14
4186	2.15E-14
4187	2.15E-14
4188	2.15E-14
4189	2.14E-14
4190	2.14E-14
4191	2.13E-14
4192	2.14E-14
4193	2.14E-14
4194	2.15E-14
4195	2.14E-14
4196	2.14E-14
4197	2.15E-14
4198	2.15E-14
4199	2.16E-14
4200	2.16E-14
4201	2.15E-14
4202	2.14E-14
4203	2.13E-14
4204	2.12E-14
4205	2.12E-14
4206	2.13E-14
4207	2.13E-14
4208	2.12E-14
4209	2.11E-14
4210	2.11E-14
4211	2.11E-14
4212	2.12E-14
4213	2.12E-14
4214	2.12E-14
4215	2.11E-14
4216	2.11E-14
4217	2.12E-14
4218	2.12E-14
4219	2.11E-14
4220	2.11E-14
4221	2.12E-14
4222	2.13E-14
4223	2.13E-14
4224	2.14E-14
4225	2.14E-14
4226	2.13E-14
4227	2.13E-14
4228	2.13E-14
4229	2.13E-14
4230	2.12E-14
4231	2.11E-14
4232	2.10E-14
4233	2.09E-14
4234	2.09E-14
4235	2.09E-14
4236	2.09E-14
4237	2.09E-14
4238	2.09E-14
4239	2.08E-14
4240	2.07E-14
4241	2.07E-14
4242	2.07E-14
4243	2.07E-14
4244	2.07E-14
4245	2.06E-14
4246	2.06E-14
4247	2.07E-14
4248	2.07E-14
4249	2.07E-14
4250	2.07E-14
4251	2.07E-14
4252	2.07E-14
4253	2.07E-14
4254	2.07E-14
4255	2.06E-14
4256	2.05E-14
4257	2.04E-14
4258	2.04E-14
4259	2.04E-14
4260	2.03E-14
4261	2.02E-14
4262	2.02E-14
4263	2.02E-14
4264	2.02E-14
4265	2.02E-14
4266	2.02E-14
4267	2.02E-14
4268	2.01E-14
4269	2.01E-14
4270	2.01E-14
4271	2.00E-14
4272	2.00E-14
4273	1.99E-14
4274	1.99E-14
4275	1.98E-14
4276	1.98E-14
4277	1.98E-14
4278	1.98E-14
4279	1.97E-14
4280	1.96E-14
4281	1.96E-14
4282	1.96E-14
4283	1.96E-14
4284	1.96E-14
4285	1.95E-14
4286	1.95E-14
4287	1.95E-14
4288	1.95E-14
4289	1.94E-14
4290	1.94E-14
4291	1.93E-14
4292	1.93E-14
4293	1.92E-14
4294	1.91E-14
4295	1.91E-14
4296	1.90E-14
4297	1.88E-14
4298	1.87E-14
4299	1.86E-14
4300	1.85E-14
4301	1.85E-14
4302	1.84E-14
4303	1.84E-14
4304	1.84E-14
4305	1.83E-14
4306	1.83E-14
4307	1.83E-14
4308	1.83E-14
4309	1.82E-14
4310	1.81E-14
4311	1.80E-14
4312	1.80E-14
4313	1.80E-14
4314	1.80E-14
4315	1.79E-14
4316	1.79E-14
4317	1.80E-14
4318	1.79E-14
4319	1.78E-14
4320	1.78E-14
4321	1.77E-14
4322	1.77E-14
4323	1.77E-14
4324	1.76E-14
4325	1.75E-14
4326	1.74E-14
4327	1.73E-14
4328	1.72E-14
4329	1.71E-14
4330	1.71E-14
4331	1.69E-14
4332	1.68E-14
4333	1.67E-14
4334	1.65E-14
4335	1.64E-14
4336	1.62E-14
4337	1.62E-14
4338	1.61E-14
4339	1.60E-14
4340	1.59E-14
4341	1.58E-14
4342	1.58E-14
4343	1.57E-14
4344	1.57E-14
4345	1.58E-14
4346	1.58E-14
4347	1.58E-14
4348	1.58E-14
4349	1.58E-14
4350	1.58E-14
4351	1.58E-14
4352	1.58E-14
4353	1.59E-14
4354	1.59E-14
4355	1.59E-14
4356	1.60E-14
4357	1.60E-14
4358	1.61E-14
4359	1.62E-14
4360	1.63E-14
4361	1.64E-14
4362	1.64E-14
4363	1.65E-14
4364	1.66E-14
4365	1.66E-14
4366	1.67E-14
4367	1.67E-14
4368	1.68E-14
4369	1.68E-14
4370	1.68E-14
4371	1.68E-14
4372	1.69E-14
4373	1.70E-14
4374	1.71E-14
4375	1.70E-14
4376	1.71E-14
4377	1.71E-14
4378	1.72E-14
4379	1.72E-14
4380	1.73E-14
4381	1.73E-14
4382	1.72E-14
4383	1.72E-14
4384	1.73E-14
4385	1.73E-14
4386	1.73E-14
4387	1.73E-14
4388	1.73E-14
4389	1.74E-14
4390	1.74E-14
4391	1.75E-14
4392	1.74E-14
4393	1.74E-14
4394	1.74E-14
4395	1.75E-14
4396	1.75E-14
4397	1.76E-14
4398	1.76E-14
4399	1.76E-14
4400	1.76E-14
4401	1.76E-14
4402	1.76E-14
4403	1.76E-14
4404	1.76E-14
4405	1.76E-14
4406	1.76E-14
4407	1.77E-14
4408	1.77E-14
4409	1.77E-14
4410	1.78E-14
4411	1.77E-14
4412	1.76E-14
4413	1.76E-14
4414	1.76E-14
4415	1.76E-14
4416	1.76E-14
4417	1.76E-14
4418	1.77E-14
4419	1.77E-14
4420	1.77E-14
4421	1.77E-14
4422	1.77E-14
4423	1.78E-14
4424	1.78E-14
4425	1.77E-14
4426	1.77E-14
4427	1.77E-14
4428	1.77E-14
4429	1.77E-14
4430	1.78E-14
4431	1.77E-14
4432	1.77E-14
4433	1.77E-14
4434	1.77E-14
4435	1.77E-14
4436	1.76E-14
4437	1.76E-14
4438	1.77E-14
4439	1.77E-14
4440	1.77E-14
4441	1.77E-14
4442	1.77E-14
4443	1.78E-14
4444	1.78E-14
4445	1.78E-14
4446	1.78E-14
4447	1.77E-14
4448	1.77E-14
4449	1.76E-14
4450	1.76E-14
4451	1.76E-14
4452	1.76E-14
4453	1.76E-14
4454	1.77E-14
4455	1.77E-14
4456	1.77E-14
4457	1.77E-14
4458	1.77E-14
4459	1.77E-14
4460	1.76E-14
4461	1.76E-14
4462	1.75E-14
4463	1.75E-14
4464	1.75E-14
4465	1.75E-14
4466	1.76E-14
4467	1.76E-14
4468	1.75E-14
4469	1.76E-14
4470	1.76E-14
4471	1.76E-14
4472	1.75E-14
4473	1.75E-14
4474	1.75E-14
4475	1.74E-14
4476	1.74E-14
4477	1.73E-14
4478	1.73E-14
4479	1.73E-14
4480	1.73E-14
4481	1.73E-14
4482	1.73E-14
4483	1.73E-14
4484	1.74E-14
4485	1.73E-14
4486	1.73E-14
4487	1.73E-14
4488	1.72E-14
4489	1.72E-14
4490	1.72E-14
4491	1.72E-14
4492	1.72E-14
4493	1.72E-14
4494	1.72E-14
4495	1.72E-14
4496	1.71E-14
4497	1.71E-14
4498	1.71E-14
4499	1.71E-14
4500	1.71E-14
4501	1.71E-14
4502	1.71E-14
4503	1.71E-14
4504	1.71E-14
4505	1.71E-14
4506	1.71E-14
4507	1.71E-14
4508	1.70E-14
4509	1.70E-14
4510	1.70E-14
4511	1.69E-14
4512	1.69E-14
4513	1.69E-14
4514	1.68E-14
4515	1.69E-14
4516	1.69E-14
4517	1.69E-14
4518	1.69E-14
4519	1.69E-14
4520	1.68E-14
4521	1.68E-14
4522	1.68E-14
4523	1.68E-14
4524	1.68E-14
4525	1.69E-14
4526	1.69E-14
4527	1.69E-14
4528	1.69E-14
4529	1.69E-14
4530	1.69E-14
4531	1.68E-14
4532	1.68E-14
4533	1.68E-14
4534	1.68E-14
4535	1.68E-14
4536	1.68E-14
4537	1.68E-14
4538	1.67E-14
4539	1.66E-14
4540	1.66E-14
4541	1.65E-14
4542	1.65E-14
4543	1.65E-14
4544	1.65E-14
4545	1.66E-14
4546	1.66E-14
4547	1.66E-14
4548	1.66E-14
4549	1.66E-14
4550	1.66E-14
4551	1.65E-14
4552	1.66E-14
4553	1.66E-14
4554	1.66E-14
4555	1.66E-14
4556	1.65E-14
4557	1.64E-14
4558	1.64E-14
4559	1.64E-14
4560	1.64E-14
4561	1.64E-14
4562	1.64E-14
4563	1.64E-14
4564	1.63E-14
4565	1.63E-14
4566	1.63E-14
4567	1.63E-14
4568	1.62E-14
4569	1.62E-14
4570	1.62E-14
4571	1.63E-14
4572	1.63E-14
4573	1.62E-14
4574	1.62E-14
4575	1.61E-14
4576	1.61E-14
4577	1.61E-14
4578	1.60E-14
4579	1.60E-14
4580	1.60E-14
4581	1.60E-14
4582	1.60E-14
4583	1.60E-14
4584	1.60E-14
4585	1.60E-14
4586	1.60E-14
4587	1.60E-14
4588	1.61E-14
4589	1.60E-14
4590	1.60E-14
4591	1.59E-14
4592	1.58E-14
4593	1.58E-14
4594	1.57E-14
4595	1.57E-14
4596	1.57E-14
4597	1.57E-14
4598	1.57E-14
4599	1.57E-14
4600	1.57E-14
4601	1.57E-14
4602	1.57E-14
4603	1.57E-14
4604	1.57E-14
4605	1.57E-14
4606	1.57E-14
4607	1.58E-14
4608	1.58E-14
4609	1.57E-14
4610	1.56E-14
4611	1.56E-14
4612	1.56E-14
4613	1.56E-14
4614	1.56E-14
4615	1.56E-14
4616	1.55E-14
4617	1.56E-14
4618	1.56E-14
4619	1.55E-14
4620	1.55E-14
4621	1.55E-14
4622	1.55E-14
4623	1.55E-14
4624	1.55E-14
4625	1.55E-14
4626	1.54E-14
4627	1.54E-14
4628	1.54E-14
4629	1.55E-14
4630	1.55E-14
4631	1.55E-14
4632	1.55E-14
4633	1.55E-14
4634	1.55E-14
4635	1.54E-14
4636	1.53E-14
4637	1.53E-14
4638	1.53E-14
4639	1.52E-14
4640	1.52E-14
4641	1.53E-14
4642	1.53E-14
4643	1.53E-14
4644	1.53E-14
4645	1.53E-14
4646	1.53E-14
4647	1.54E-14
4648	1.54E-14
4649	1.54E-14
4650	1.54E-14
4651	1.54E-14
4652	1.54E-14
4653	1.53E-14
4654	1.53E-14
4655	1.53E-14
4656	1.53E-14
4657	1.53E-14
4658	1.53E-14
4659	1.53E-14
4660	1.53E-14
4661	1.53E-14
4662	1.54E-14
4663	1.54E-14
4664	1.54E-14
4665	1.54E-14
4666	1.53E-14
4667	1.53E-14
4668	1.53E-14
4669	1.53E-14
4670	1.53E-14
4671	1.53E-14
4672	1.52E-14
4673	1.52E-14
4674	1.52E-14
4675	1.52E-14
4676	1.51E-14
4677	1.51E-14
4678	1.52E-14
4679	1.52E-14
4680	1.52E-14
4681	1.53E-14
4682	1.53E-14
4683	1.53E-14
4684	1.52E-14
4685	1.52E-14
4686	1.53E-14
4687	1.53E-14
4688	1.53E-14
4689	1.53E-14
4690	1.53E-14
4691	1.52E-14
4692	1.51E-14
4693	1.51E-14
4694	1.51E-14
4695	1.51E-14
4696	1.50E-14
4697	1.51E-14
4698	1.51E-14
4699	1.50E-14
4700	1.50E-14
4702	1.50E-14
4704	1.51E-14
4706	1.51E-14
4708	1.51E-14
4710	1.51E-14
4712	1.51E-14
4714	1.52E-14
4716	1.52E-14
4718	1.51E-14
4720	1.48E-14
4722	1.46E-14
4724	1.50E-14
4726	1.53E-14
4728	1.53E-14
4730	1.51E-14
4732	1.47E-14
4734	1.45E-14
4736	1.47E-14
4738	1.48E-14
4740	1.47E-14
4742	1.37E-14
4744	1.40E-14
4746	1.43E-14
4748	1.47E-14
4750	1.48E-14
4752	1.48E-14
4754	1.47E-14
4756	1.47E-14
4758	1.47E-14
4760	1.46E-14
4762	1.45E-14
4764	1.45E-14
4766	1.44E-14
4768	1.44E-14
4770	1.43E-14
4772	1.43E-14
4774	1.42E-14
4776	1.42E-14
4778	1.42E-14
4780	1.41E-14
4782	1.40E-14
4784	1.39E-14
4786	1.39E-14
4788	1.39E-14
4790	1.38E-14
4792	1.38E-14
4794	1.38E-14
4796	1.38E-14
4798	1.37E-14
4800	1.36E-14
4802	1.35E-14
4804	1.34E-14
4806	1.33E-14
4808	1.32E-14
4810	1.32E-14
4812	1.31E-14
4814	1.30E-14
4816	1.30E-14
4818	1.29E-14
4820	1.29E-14
4822	1.28E-14
4824	1.27E-14
4826	1.26E-14
4828	1.25E-14
4830	1.24E-14
4832	1.23E-14
4834	1.23E-14
4836	1.22E-14
4838	1.21E-14
4840	1.20E-14
4842	1.19E-14
4844	1.19E-14
4846	1.18E-14
4848	1.17E-14
4850	1.16E-14
4852	1.15E-14
4854	1.15E-14
4856	1.14E-14
4858	1.13E-14
4860	1.13E-14
4862	1.12E-14
4864	1.11E-14
4866	1.11E-14
4868	1.11E-14
4870	1.11E-14
4872	1.11E-14
4874	1.12E-14
4876	1.12E-14
4878	1.14E-14
4880	1.15E-14
4882	1.16E-14
4884	1.17E-14
4886	1.18E-14
4888	1.18E-14
4890	1.18E-14
4892	1.18E-14
4894	1.18E-14
4896	1.19E-14
4898	1.19E-14
4900	1.19E-14
4902	1.19E-14
4904	1.19E-14
4906	1.19E-14
4908	1.20E-14
4910	1.20E-14
4912	1.20E-14
4914	1.20E-14
4916	1.20E-14
4918	1.21E-14
4920	1.21E-14
4922	1.21E-14
4924	1.21E-14
4926	1.21E-14
4928	1.21E-14
4930	1.21E-14
4932	1.21E-14
4934	1.21E-14
4936	1.21E-14
4938	1.21E-14
4940	1.22E-14
4942	1.22E-14
4944	1.22E-14
4946	1.22E-14
4948	1.22E-14
4950	1.22E-14
4952	1.22E-14
4954	1.22E-14
4956	1.22E-14
4958	1.22E-14
4960	1.22E-14
4962	1.21E-14
4964	1.21E-14
4966	1.21E-14
4968	1.21E-14
4970	1.21E-14
4972	1.21E-14
4974	1.22E-14
4976	1.22E-14
4978	1.21E-14
4980	1.21E-14
4982	1.21E-14
4984	1.21E-14
4986	1.21E-14
4988	1.20E-14
4990	1.20E-14
4992	1.20E-14
4994	1.20E-14
4996	1.20E-14
4998	1.20E-14
5000	1.20E-14
5002	1.20E-14
5004	1.20E-14
5006	1.20E-14
5008	1.20E-14
5010	1.20E-14
5012	1.20E-14
5014	1.20E-14
5016	1.20E-14
5018	1.19E-14
5020	1.19E-14
5022	1.19E-14
5024	1.19E-14
5026	1.18E-14
5028	1.18E-14
5030	1.18E-14
5032	1.17E-14
5034	1.17E-14
5036	1.17E-14
5038	1.16E-14
5040	1.16E-14
5042	1.16E-14
5044	1.16E-14
5046	1.16E-14
5048	1.16E-14
5050	1.15E-14
5052	1.16E-14
5054	1.16E-14
5056	1.15E-14
5058	1.15E-14
5060	1.15E-14
5062	1.15E-14
5064	1.15E-14
5066	1.14E-14
5068	1.14E-14
5070	1.14E-14
5072	1.14E-14
5074	1.14E-14
5076	1.13E-14
5078	1.13E-14
5080	1.13E-14
5082	1.13E-14
5084	1.12E-14
5086	1.12E-14
5088	1.12E-14
5090	1.12E-14
5092	1.12E-14
5094	1.12E-14
5096	1.12E-14
5098	1.12E-14
5100	1.12E-14
5102	1.11E-14
5104	1.11E-14
5106	1.11E-14
5108	1.11E-14
5110	1.11E-14
5112	1.10E-14
5114	1.10E-14
5116	1.10E-14
5118	1.10E-14
5120	1.10E-14
5122	1.10E-14
5124	1.10E-14
5126	1.10E-14
5128	1.10E-14
5130	1.09E-14
5132	1.09E-14
5134	1.09E-14
5136	1.09E-14
5138	1.08E-14
5140	1.08E-14
5142	1.08E-14
5144	1.08E-14
5146	1.08E-14
5148	1.08E-14
5150	1.07E-14
5152	1.07E-14
5154	1.07E-14
5156	1.07E-14
5158	1.07E-14
5160	1.07E-14
5162	1.06E-14
5164	1.06E-14
5166	1.06E-14
5168	1.06E-14
5170	1.06E-14
5172	1.06E-14
5174	1.05E-14
5176	1.05E-14
5178	1.05E-14
5180	1.05E-14
5182	1.05E-14
5184	1.04E-14
5186	1.04E-14
5188	1.04E-14
5190	1.04E-14
5192	1.04E-14
5194	1.04E-14
5196	1.03E-14
5198	1.03E-14
5200	1.03E-14
5202	1.03E-14
5204	1.03E-14
5206	1.02E-14
5208	1.02E-14
5210	1.02E-14
5212	1.02E-14
5214	1.02E-14
5216	1.01E-14
5218	1.01E-14
5220	1.01E-14
5222	1.01E-14
5224	1.01E-14
5226	1.01E-14
5228	1.01E-14
5230	1.00E-14
5232	1.00E-14
5234	1.00E-14
5236	9.99E-15
5238	9.97E-15
5240	9.96E-15
5242	9.93E-15
5244	9.92E-15
5246	9.89E-15
5248	9.86E-15
5250	9.84E-15
5252	9.83E-15
5254	9.80E-15
5256	9.79E-15
5258	9.76E-15
5260	9.76E-15
5262	9.75E-15
5264	9.76E-15
5266	9.75E-15
5268	9.77E-15
5270	9.76E-15
5272	9.76E-15
5274	9.72E-15
5276	9.71E-15
5278	9.69E-15
5280	9.66E-15
5282	9.65E-15
5284	9.62E-15
5286	9.60E-15
5288	9.56E-15
5290	9.56E-15
5292	9.53E-15
5294	9.52E-15
5296	9.50E-15
5298	9.49E-15
5300	9.47E-15
5302	9.45E-15
5304	9.43E-15
5306	9.40E-15
5308	9.37E-15
5310	9.35E-15
5312	9.32E-15
5314	9.31E-15
5316	9.31E-15
5318	9.30E-15
5320	9.29E-15
5322	9.29E-15
5324	9.30E-15
5326	9.29E-15
5328	9.28E-15
5330	9.26E-15
5332	9.25E-15
5334	9.25E-15
5336	9.24E-15
5338	9.21E-15
5340	9.18E-15
5342	9.18E-15
5344	9.15E-15
5346	9.14E-15
5348	9.13E-15
5350	9.12E-15
5352	9.12E-15
5354	9.11E-15
5356	9.10E-15
5358	9.10E-15
5360	9.10E-15
5362	9.09E-15
5364	9.07E-15
5366	9.05E-15
5368	9.03E-15
5370	9.00E-15
5372	9.00E-15
5374	8.98E-15
5376	8.98E-15
5378	8.97E-15
5380	8.96E-15
5382	8.94E-15
5384	8.93E-15
5386	8.93E-15
5388	8.92E-15
5390	8.91E-15
5392	8.91E-15
5394	8.90E-15
5396	8.89E-15
5398	8.87E-15
5400	8.86E-15
5402	8.83E-15
5404	8.81E-15
5406	8.80E-15
5408	8.80E-15
5410	8.77E-15
5412	8.77E-15
5414	8.74E-15
5416	8.71E-15
5418	8.71E-15
5420	8.69E-15
5422	8.68E-15
5424	8.67E-15
5426	8.64E-15
5428	8.64E-15
5430	8.63E-15
5432	8.62E-15
5434	8.62E-15
5436	8.61E-15
5438	8.60E-15
5440	8.60E-15
5442	8.59E-15
5444	8.59E-15
5446	8.58E-15
5448	8.56E-15
5450	8.54E-15
5452	8.52E-15
5454	8.50E-15
5456	8.49E-15
5458	8.47E-15
5460	8.45E-15
5462	8.44E-15
5464	8.43E-15
5466	8.41E-15
5468	8.40E-15
5470	8.38E-15
5472	8.37E-15
5474	8.37E-15
5476	8.36E-15
5478	8.33E-15
5480	8.33E-15
5482	8.31E-15
5484	8.30E-15
5486	8.28E-15
5488	8.27E-15
5490	8.27E-15
5492	8.26E-15
5494	8.25E-15
5496	8.22E-15
5498	8.22E-15
5500	8.21E-15
5502	8.19E-15
5504	8.19E-15
5506	8.16E-15
5508	8.16E-15
5510	8.15E-15
5512	8.14E-15
5514	8.13E-15
5516	8.13E-15
5518	8.12E-15
5520	8.12E-15
5522	8.10E-15
5524	8.09E-15
5526	8.08E-15
5528	8.08E-15
5530	8.07E-15
5532	8.07E-15
5534	8.05E-15
5536	8.04E-15
5538	8.03E-15
5540	8.01E-15
5542	8.00E-15
5544	7.99E-15
5546	7.99E-15
5548	7.97E-15
5550	7.96E-15
5552	7.94E-15
5554	7.92E-15
5556	7.91E-15
5558	7.90E-15
5560	7.88E-15
5562	7.88E-15
5564	7.86E-15
5566	7.85E-15
5568	7.85E-15
5570	7.84E-15
5572	7.83E-15
5574	7.83E-15
5576	7.82E-15
5578	7.82E-15
5580	7.81E-15
5582	7.81E-15
5584	7.80E-15
5586	7.80E-15
5588	7.79E-15
5590	7.76E-15
5592	7.74E-15
5594	7.74E-15
5596	7.72E-15
5598	7.71E-15
5600	7.69E-15
5602	7.68E-15
5604	7.66E-15
5606	7.65E-15
5608	7.65E-15
5610	7.64E-15
5612	7.64E-15
5614	7.63E-15
5616	7.63E-15
5618	7.61E-15
5620	7.60E-15
5622	7.58E-15
5624	7.56E-15
5626	7.55E-15
5628	7.53E-15
5630	7.52E-15
5632	7.51E-15
5634	7.50E-15
5636	7.49E-15
5638	7.47E-15
5640	7.47E-15
5642	7.45E-15
5644	7.44E-15
5646	7.43E-15
5648	7.41E-15
5650	7.39E-15
5652	7.39E-15
5654	7.38E-15
5656	7.36E-15
5658	7.35E-15
5660	7.33E-15
5662	7.33E-15
5664	7.32E-15
5666	7.32E-15
5668	7.31E-15
5670	7.31E-15
5672	7.29E-15
5674	7.28E-15
5676	7.28E-15
5678	7.25E-15
5680	7.25E-15
5682	7.23E-15
5684	7.20E-15
5686	7.18E-15
5688	7.17E-15
5690	7.15E-15
5692	7.14E-15
5694	7.13E-15
5696	7.13E-15
5698	7.11E-15
5700	7.10E-15
5702	7.10E-15
5704	7.09E-15
5706	7.09E-15
5708	7.08E-15
5710	7.08E-15
5712	7.07E-15
5714	7.06E-15
5716	7.05E-15
5718	7.05E-15
5720	7.04E-15
5722	7.04E-15
5724	7.03E-15
5726	7.01E-15
5728	7.00E-15
5730	7.00E-15
5732	6.99E-15
5734	6.97E-15
5736	6.97E-15
5738	6.95E-15
5740	6.93E-15
5742	6.92E-15
5744	6.92E-15
5746	6.91E-15
5748	6.91E-15
5750	6.90E-15
5752	6.92E-15
5754	6.91E-15
5756	6.91E-15
5758	6.88E-15
5760	6.88E-15
5762	6.86E-15
5764	6.85E-15
5766	6.84E-15
5768	6.84E-15
5770	6.83E-15
5772	6.83E-15
5774	6.82E-15
5776	6.82E-15
5778	6.81E-15
5780	6.79E-15
5782	6.78E-15
5784	6.78E-15
5786	6.77E-15
5788	6.77E-15
5790	6.76E-15
5792	6.75E-15
5794	6.73E-15
5796	6.72E-15
5798	6.72E-15
5800	6.71E-15
5802	6.71E-15
5804	6.70E-15
5806	6.68E-15
5808	6.68E-15
5810	6.68E-15
5812	6.66E-15
5814	6.65E-15
5816	6.65E-15
5818	6.64E-15
5820	6.64E-15
5822	6.62E-15
5824	6.62E-15
5826	6.61E-15
5828	6.60E-15
5830	6.59E-15
5832	6.58E-15
5834	6.58E-15
5836	6.57E-15
5838	6.57E-15
5840	6.56E-15
5842	6.55E-15
5844	6.54E-15
5846	6.54E-15
5848	6.52E-15
5850	6.51E-15
5852	6.51E-15
5854	6.49E-15
5856	6.49E-15
5858	6.47E-15
5860	6.47E-15
5862	6.46E-15
5864	6.46E-15
5866	6.45E-15
5868	6.45E-15
5870	6.44E-15
5872	6.44E-15
5874	6.44E-15
5876	6.41E-15
5878	6.40E-15
5880	6.39E-15
5882	6.38E-15
5884	6.37E-15
5886	6.36E-15
5888	6.36E-15
5890	6.35E-15
5892	6.34E-15
5894	6.33E-15
5896	6.32E-15
5898	6.30E-15
5900	6.29E-15
5902	6.29E-15
5904	6.27E-15
5906	6.27E-15
5908	6.26E-15
5910	6.25E-15
5912	6.24E-15
5914	6.22E-15
5916	6.22E-15
5918	6.20E-15
5920	6.19E-15
5922	6.16E-15
5924	6.16E-15
5926	6.16E-15
5928	6.15E-15
5930	6.15E-15
5932	6.14E-15
5934	6.14E-15
5936	6.14E-15
5938	6.12E-15
5940	6.10E-15
5942	6.10E-15
5944	6.10E-15
5946	6.09E-15
5948	6.09E-15
5950	6.08E-15
5952	6.09E-15
5954	6.09E-15
5956	6.08E-15
5958	6.08E-15
5960	6.06E-15
5962	6.06E-15
5964	6.04E-15
5966	6.03E-15
5968	6.03E-15
5970	6.03E-15
5972	6.02E-15
5974	6.02E-15
5976	6.01E-15
5978	6.01E-15
5980	6.00E-15
5982	5.99E-15
5984	5.99E-15
5986	5.97E-15
5988	5.97E-15
5990	5.96E-15
5992	5.95E-15
5994	5.95E-15
5996	5.94E-15
5998	5.93E-15
6000	5.93E-15
6002	5.92E-15
6004	5.92E-15
6006	5.92E-15
6008	5.91E-15
6010	5.91E-15
6012	5.90E-15
6014	5.90E-15
6016	5.90E-15
6018	5.89E-15
6020	5.89E-15
6022	5.88E-15
6024	5.88E-15
6026	5.87E-15
6028	5.86E-15
6030	5.84E-15
6032	5.84E-15
6034	5.82E-15
6036	5.82E-15
6038	5.82E-15
6040	5.81E-15
6042	5.80E-15
6044	5.79E-15
6046	5.79E-15
6048	5.79E-15
6050	5.77E-15
6052	5.77E-15
6054	5.76E-15
6056	5.76E-15
6058	5.75E-15
6060	5.74E-15
6062	5.73E-15
6064	5.73E-15
6066	5.72E-15
6068	5.71E-15
6070	5.69E-15
6072	5.69E-15
6074	5.67E-15
6076	5.67E-15
6078	5.66E-15
6080	5.65E-15
6082	5.65E-15
6084	5.63E-15
6086	5.63E-15
6088	5.62E-15
6090	5.61E-15
6092	5.60E-15
6094	5.60E-15
6096	5.59E-15
6098	5.58E-15
6100	5.57E-15
6102	5.58E-15
6104	5.57E-15
6106	5.57E-15
6108	5.56E-15
6110	5.56E-15
6112	5.56E-15
6114	5.55E-15
6116	5.54E-15
6118	5.54E-15
6120	5.53E-15
6122	5.52E-15
6124	5.52E-15
6126	5.51E-15
6128	5.50E-15
6130	5.49E-15
6132	5.48E-15
6134	5.47E-15
6136	5.46E-15
6138	5.46E-15
6140	5.46E-15
6142	5.46E-15
6144	5.46E-15
6146	5.46E-15
6148	5.45E-15
6150	5.45E-15
6152	5.44E-15
6154	5.43E-15
6156	5.42E-15
6158	5.40E-15
6160	5.40E-15
6162	5.41E-15
6164	5.40E-15
6166	5.39E-15
6168	5.38E-15
6170	5.38E-15
6172	5.37E-15
6174	5.35E-15
6176	5.35E-15
6178	5.33E-15
6180	5.33E-15
6182	5.32E-15
6184	5.31E-15
6186	5.31E-15
6188	5.30E-15
6190	5.29E-15
6192	5.29E-15
6194	5.27E-15
6196	5.26E-15
6198	5.25E-15
6200	5.25E-15
6202	5.24E-15
6204	5.23E-15
6206	5.22E-15
6208	5.22E-15
6210	5.21E-15
6212	5.20E-15
6214	5.20E-15
6216	5.20E-15
6218	5.19E-15
6220	5.19E-15
6222	5.19E-15
6224	5.18E-15
6226	5.17E-15
6228	5.17E-15
6230	5.16E-15
6232	5.15E-15
6234	5.15E-15
6236	5.14E-15
6238	5.14E-15
6240	5.12E-15
6242	5.12E-15
6244	5.11E-15
6246	5.11E-15
6248	5.09E-15
6250	5.08E-15
6252	5.07E-15
6254	5.07E-15
6256	5.07E-15
6258	5.06E-15
6260	5.06E-15
6262	5.06E-15
6264	5.04E-15
6266	5.03E-15
6268	5.01E-15
6270	5.00E-15
6272	4.98E-15
6274	4.96E-15
6276	4.96E-15
6278	4.94E-15
6280	4.93E-15
6282	4.93E-15
6284	4.92E-15
6286	4.91E-15
6288	4.92E-15
6290	4.91E-15
6292	4.91E-15
6294	4.91E-15
6296	4.91E-15
6298	4.91E-15
6300	4.91E-15
6302	4.90E-15
6304	4.89E-15
6306	4.89E-15
6308	4.89E-15
6310	4.88E-15
6312	4.88E-15
6314	4.88E-15
6316	4.88E-15
6318	4.87E-15
6320	4.87E-15
6322	4.87E-15
6324	4.86E-15
6326	4.86E-15
6328	4.86E-15
6330	4.85E-15
6332	4.85E-15
6334	4.85E-15
6336	4.83E-15
6338	4.83E-15
6340	4.82E-15
6342	4.80E-15
6344	4.80E-15
6346	4.78E-15
6348	4.78E-15
6350	4.78E-15
6352	4.78E-15
6354	4.77E-15
6356	4.77E-15
6358	4.77E-15
6360	4.76E-15
6362	4.76E-15
6364	4.75E-15
6366	4.75E-15
6368	4.73E-15
6370	4.73E-15
6372	4.73E-15
6374	4.71E-15
6376	4.71E-15
6378	4.71E-15
6380	4.70E-15
6382	4.70E-15
6384	4.70E-15
6386	4.69E-15
6388	4.68E-15
6390	4.67E-15
6392	4.67E-15
6394	4.67E-15
6396	4.66E-15
6398	4.66E-15
6400	4.65E-15
6402	4.65E-15
6404	4.64E-15
6406	4.64E-15
6408	4.62E-15
6410	4.61E-15
6412	4.61E-15
6414	4.59E-15
6416	4.59E-15
6418	4.58E-15
6420	4.57E-15
6422	4.56E-15
6424	4.56E-15
6426	4.55E-15
6428	4.54E-15
6430	4.54E-15
6432	4.54E-15
6434	4.54E-15
6436	4.53E-15
6438	4.52E-15
6440	4.52E-15
6442	4.52E-15
6444	4.50E-15
6446	4.50E-15
6448	4.49E-15
6450	4.48E-15
6452	4.46E-15
6454	4.45E-15
6456	4.44E-15
6458	4.42E-15
6460	4.41E-15
6462	4.39E-15
6464	4.38E-15
6466	4.36E-15
6468	4.35E-15
6470	4.33E-15
6472	4.31E-15
6474	4.30E-15
6476	4.29E-15
6478	4.27E-15
6480	4.27E-15
6482	4.26E-15
6484	4.25E-15
6486	4.25E-15
6488	4.24E-15
6490	4.24E-15
6492	4.24E-15
6494	4.24E-15
6496	4.23E-15
6498	4.22E-15
6500	4.20E-15
6502	4.19E-15
6504	4.17E-15
6506	4.14E-15
6508	4.11E-15
6510	4.08E-15
6512	4.06E-15
6514	4.03E-15
6516	4.00E-15
6518	3.98E-15
6520	3.96E-15
6522	3.94E-15
6524	3.92E-15
6526	3.91E-15
6528	3.89E-15
6530	3.87E-15
6532	3.85E-15
6534	3.83E-15
6536	3.80E-15
6538	3.77E-15
6540	3.75E-15
6542	3.73E-15
6544	3.71E-15
6546	3.68E-15
6548	3.67E-15
6550	3.64E-15
6552	3.61E-15
6554	3.59E-15
6556	3.55E-15
6558	3.53E-15
6560	3.50E-15
6562	3.48E-15
6564	3.46E-15
6566	3.44E-15
6568	3.42E-15
6570	3.40E-15
6572	3.41E-15
6574	3.41E-15
6576	3.42E-15
6578	3.43E-15
6580	3.44E-15
6582	3.47E-15
6584	3.49E-15
6586	3.52E-15
6588	3.54E-15
6590	3.56E-15
6592	3.58E-15
6594	3.60E-15
6596	3.62E-15
6598	3.63E-15
6600	3.65E-15
6602	3.66E-15
6604	3.67E-15
6606	3.69E-15
6608	3.70E-15
6610	3.72E-15
6612	3.73E-15
6614	3.75E-15
6616	3.76E-15
6618	3.78E-15
6620	3.79E-15
6622	3.81E-15
6624	3.81E-15
6626	3.82E-15
6628	3.83E-15
6630	3.84E-15
6632	3.85E-15
6634	3.86E-15
6636	3.87E-15
6638	3.87E-15
6640	3.88E-15
6642	3.89E-15
6644	3.89E-15
6646	3.89E-15
6648	3.90E-15
6650	3.89E-15
6652	3.88E-15
6654	3.88E-15
6656	3.88E-15
6658	3.87E-15
6660	3.87E-15
6662	3.87E-15
6664	3.87E-15
6666	3.88E-15
6668	3.87E-15
6670	3.88E-15
6672	3.89E-15
6674	3.89E-15
6676	3.89E-15
6678	3.89E-15
6680	3.89E-15
6682	3.88E-15
6684	3.88E-15
6686	3.88E-15
6688	3.87E-15
6690	3.87E-15
6692	3.86E-15
6694	3.86E-15
6696	3.86E-15
6698	3.85E-15
6700	3.85E-15
6702	3.85E-15
6704	3.85E-15
6706	3.85E-15
6708	3.85E-15
6710	3.85E-15
6712	3.85E-15
6714	3.84E-15
6716	3.84E-15
6718	3.83E-15
6720	3.83E-15
6722	3.82E-15
6724	3.82E-15
6726	3.82E-15
6728	3.82E-15
6730	3.82E-15
6732	3.81E-15
6734	3.80E-15
6736	3.80E-15
6738	3.79E-15
6740	3.79E-15
6742	3.79E-15
6744	3.79E-15
6746	3.78E-15
6748	3.78E-15
6750	3.78E-15
6752	3.78E-15
6754	3.77E-15
6756	3.77E-15
6758	3.77E-15
6760	3.77E-15
6762	3.77E-15
6764	3.76E-15
6766	3.76E-15
6768	3.76E-15
6770	3.76E-15
6772	3.75E-15
6774	3.75E-15
6776	3.75E-15
6778	3.75E-15
6780	3.75E-15
6782	3.74E-15
6784	3.73E-15
6786	3.73E-15
6788	3.72E-15
6790	3.72E-15
6792	3.72E-15
6794	3.71E-15
6796	3.71E-15
6798	3.71E-15
6800	3.71E-15
6802	3.71E-15
6804	3.71E-15
6806	3.71E-15
6808	3.70E-15
6810	3.70E-15
6812	3.69E-15
6814	3.68E-15
6816	3.68E-15
6818	3.68E-15
6820	3.67E-15
6822	3.67E-15
6824	3.66E-15
6826	3.66E-15
6828	3.65E-15
6830	3.64E-15
6832	3.64E-15
6834	3.64E-15
6836	3.63E-15
6838	3.63E-15
6840	3.62E-15
6842	3.62E-15
6844	3.63E-15
6846	3.62E-15
6848	3.61E-15
6850	3.61E-15
6852	3.61E-15
6854	3.61E-15
6856	3.60E-15
6858	3.60E-15
6860	3.59E-15
6862	3.59E-15
6864	3.58E-15
6866	3.58E-15
6868	3.57E-15
6870	3.57E-15
6872	3.57E-15
6874	3.56E-15
6876	3.56E-15
6878	3.55E-15
6880	3.55E-15
6882	3.55E-15
6884	3.54E-15
6886	3.54E-15
6888	3.53E-15
6890	3.53E-15
6892	3.53E-15
6894	3.52E-15
6896	3.52E-15
6898	3.51E-15
6900	3.51E-15
6902	3.50E-15
6904	3.50E-15
6906	3.50E-15
6908	3.49E-15
6910	3.49E-15
6912	3.48E-15
6914	3.48E-15
6916	3.47E-15
6918	3.47E-15
6920	3.46E-15
6922	3.46E-15
6924	3.46E-15
6926	3.45E-15
6928	3.45E-15
6930	3.44E-15
6932	3.43E-15
6934	3.43E-15
6936	3.43E-15
6938	3.42E-15
6940	3.42E-15
6942	3.41E-15
6944	3.41E-15
6946	3.40E-15
6948	3.40E-15
6950	3.40E-15
6952	3.36E-15
6954	3.36E-15
6956	3.36E-15
6958	3.36E-15
6960	3.37E-15
6962	3.36E-15
6964	3.37E-15
6966	3.37E-15
6968	3.37E-15
6970	3.37E-15
6972	3.37E-15
6974	3.36E-15
6976	3.36E-15
6978	3.35E-15
6980	3.34E-15
6982	3.32E-15
6984	3.31E-15
6986	3.30E-15
6988	3.29E-15
6990	3.28E-15
6992	3.28E-15
6994	3.28E-15
6996	3.27E-15
6998	3.27E-15
7000	3.26E-15
7002	3.26E-15
7004	3.26E-15
7006	3.26E-15
7008	3.25E-15
7010	3.25E-15
7012	3.24E-15
7014	3.24E-15
7016	3.25E-15
7018	3.24E-15
7020	3.25E-15
7022	3.25E-15
7024	3.25E-15
7026	3.25E-15
7028	3.25E-15
7030	3.25E-15
7032	3.26E-15
7034	3.25E-15
7036	3.25E-15
7038	3.26E-15
7040	3.25E-15
7042	3.25E-15
7044	3.24E-15
7046	3.24E-15
7048	3.23E-15
7050	3.23E-15
7052	3.23E-15
7054	3.22E-15
7056	3.22E-15
7058	3.21E-15
7060	3.21E-15
7062	3.20E-15
7064	3.19E-15
7066	3.19E-15
7068	3.19E-15
7070	3.18E-15
7072	3.17E-15
7074	3.17E-15
7076	3.17E-15
7078	3.18E-15
7080	3.18E-15
7082	3.18E-15
7084	3.18E-15
7086	3.18E-15
7088	3.18E-15
7090	3.17E-15
7092	3.17E-15
7094	3.16E-15
7096	3.15E-15
7098	3.15E-15
7100	3.14E-15
7102	3.14E-15
7104	3.14E-15
7106	3.14E-15
7108	3.14E-15
7110	3.14E-15
7112	3.13E-15
7114	3.13E-15
7116	3.12E-15
7118	3.12E-15
7120	3.11E-15
7122	3.11E-15
7124	3.10E-15
7126	3.10E-15
7128	3.09E-15
7130	3.09E-15
7132	3.09E-15
7134	3.08E-15
7136	3.08E-15
7138	3.08E-15
7140	3.07E-15
7142	3.07E-15
7144	3.07E-15
7146	3.06E-15
7148	3.06E-15
7150	3.06E-15
7152	3.05E-15
7154	3.05E-15
7156	3.04E-15
7158	3.03E-15
7160	3.02E-15
7162	3.01E-15
7164	3.00E-15
7166	2.99E-15
7168	2.97E-15
7170	2.95E-15
7172	2.94E-15
7174	2.92E-15
7176	2.90E-15
7178	2.89E-15
7180	2.88E-15
7182	2.87E-15
7184	2.87E-15
7186	2.86E-15
7188	2.86E-15
7190	2.86E-15
7192	2.86E-15
7194	2.86E-15
7196	2.87E-15
7198	2.87E-15
7200	2.88E-15
7202	2.88E-15
7204	2.89E-15
7206	2.90E-15
7208	2.92E-15
7210	2.93E-15
7212	2.94E-15
7214	2.96E-15
7216	2.96E-15
7218	2.96E-15
7220	2.95E-15
7222	2.95E-15
7224	2.94E-15
7226	2.94E-15
7228	2.92E-15
7230	2.90E-15
7232	2.89E-15
7234	2.88E-15
7236	2.87E-15
7238	2.86E-15
7240	2.85E-15
7242	2.84E-15
7244	2.84E-15
7246	2.84E-15
7248	2.83E-15
7250	2.83E-15
7252	2.83E-15
7254	2.82E-15
7256	2.82E-15
7258	2.81E-15
7260	2.81E-15
7262	2.79E-15
7264	2.79E-15
7266	2.78E-15
7268	2.78E-15
7270	2.78E-15
7272	2.78E-15
7274	2.77E-15
7276	2.77E-15
7278	2.77E-15
7280	2.78E-15
7282	2.79E-15
7284	2.79E-15
7286	2.80E-15
7288	2.80E-15
7290	2.81E-15
7292	2.81E-15
7294	2.80E-15
7296	2.80E-15
7298	2.79E-15
7300	2.78E-15
7302	2.78E-15
7304	2.77E-15
7306	2.77E-15
7308	2.76E-15
7310	2.76E-15
7312	2.75E-15
7314	2.75E-15
7316	2.74E-15
7318	2.74E-15
7320	2.74E-15
7322	2.75E-15
7324	2.74E-15
7326	2.75E-15
7328	2.75E-15
7330	2.75E-15
7332	2.76E-15
7334	2.76E-15
7336	2.77E-15
7338	2.77E-15
7340	2.77E-15
7342	2.77E-15
7344	2.77E-15
7346	2.77E-15
7348	2.77E-15
7350	2.76E-15
7352	2.75E-15
7354	2.75E-15
7356	2.74E-15
7358	2.74E-15
7360	2.74E-15
7362	2.73E-15
7364	2.73E-15
7366	2.73E-15
7368	2.72E-15
7370	2.71E-15
7372	2.70E-15
7374	2.70E-15
7376	2.71E-15
7378	2.70E-15
7380	2.70E-15
7382	2.70E-15
7384	2.70E-15
7386	2.70E-15
7388	2.70E-15
7390	2.70E-15
7392	2.70E-15
7394	2.71E-15
7396	2.71E-15
7398	2.71E-15
7400	2.71E-15
7402	2.71E-15
7404	2.71E-15
7406	2.70E-15
7408	2.70E-15
7410	2.69E-15
7412	2.69E-15
7414	2.67E-15
7416	2.67E-15
7418	2.67E-15
7420	2.67E-15
7422	2.67E-15
7424	2.66E-15
7426	2.66E-15
7428	2.66E-15
7430	2.65E-15
7432	2.65E-15
7434	2.65E-15
7436	2.65E-15
7438	2.65E-15
7440	2.65E-15
7442	2.65E-15
7444	2.65E-15
7446	2.65E-15
7448	2.65E-15
7450	2.65E-15
7452	2.64E-15
7454	2.63E-15
7456	2.63E-15
7458	2.62E-15
7460	2.62E-15
7462	2.62E-15
7464	2.61E-15
7466	2.61E-15
7468	2.61E-15
7470	2.61E-15
7472	2.61E-15
7474	2.61E-15
7476	2.61E-15
7478	2.60E-15
7480	2.61E-15
7482	2.61E-15
7484	2.60E-15
7486	2.60E-15
7488	2.60E-15
7490	2.59E-15
7492	2.59E-15
7494	2.59E-15
7496	2.59E-15
7498	2.59E-15
7500	2.58E-15
7502	2.58E-15
7504	2.57E-15
7506	2.57E-15
7508	2.56E-15
7510	2.56E-15
7512	2.55E-15
7514	2.55E-15
7516	2.56E-15
7518	2.56E-15
7520	2.55E-15
7522	2.55E-15
7524	2.55E-15
7526	2.55E-15
7528	2.55E-15
7530	2.54E-15
7532	2.54E-15
7534	2.54E-15
7536	2.54E-15
7538	2.53E-15
7540	2.53E-15
7542	2.52E-15
7544	2.52E-15
7546	2.51E-15
7548	2.50E-15
7550	2.51E-15
7552	2.51E-15
7554	2.51E-15
7556	2.50E-15
7558	2.50E-15
7560	2.50E-15
7562	2.50E-15
7564	2.49E-15
7566	2.49E-15
7568	2.49E-15
7570	2.49E-15
7572	2.48E-15
7574	2.48E-15
7576	2.48E-15
7578	2.48E-15
7580	2.47E-15
7582	2.47E-15
7584	2.47E-15
7586	2.47E-15
7588	2.46E-15
7590	2.46E-15
7592	2.46E-15
7594	2.46E-15
7596	2.45E-15
7598	2.45E-15
7600	2.45E-15
7602	2.45E-15
7604	2.44E-15
7606	2.44E-15
7608	2.44E-15
7610	2.44E-15
7612	2.44E-15
7614	2.43E-15
7616	2.43E-15
7618	2.43E-15
7620	2.43E-15
7622	2.42E-15
7624	2.42E-15
7626	2.42E-15
7628	2.42E-15
7630	2.41E-15
7632	2.41E-15
7634	2.41E-15
7636	2.41E-15
7638	2.40E-15
7640	2.40E-15
7642	2.40E-15
7644	2.40E-15
7646	2.40E-15
7648	2.39E-15
7650	2.39E-15
7652	2.39E-15
7654	2.39E-15
7656	2.38E-15
7658	2.38E-15
7660	2.38E-15
7662	2.38E-15
7664	2.38E-15
7666	2.37E-15
7668	2.37E-15
7670	2.37E-15
7672	2.37E-15
7674	2.37E-15
7676	2.36E-15
7678	2.36E-15
7680	2.36E-15
7682	2.36E-15
7684	2.36E-15
7686	2.35E-15
7688	2.35E-15
7690	2.35E-15
7692	2.36E-15
7694	2.36E-15
7696	2.35E-15
7698	2.34E-15
7700	2.34E-15
7702	2.34E-15
7704	2.34E-15
7706	2.34E-15
7708	2.34E-15
7710	2.33E-15
7712	2.32E-15
7714	2.32E-15
7716	2.31E-15
7718	2.30E-15
7720	2.29E-15
7722	2.29E-15
7724	2.30E-15
7726	2.30E-15
7728	2.31E-15
7730	2.31E-15
7732	2.31E-15
7734	2.31E-15
7736	2.30E-15
7738	2.30E-15
7740	2.30E-15
7742	2.30E-15
7744	2.30E-15
7746	2.30E-15
7748	2.30E-15
7750	2.30E-15
7752	2.30E-15
7754	2.30E-15
7756	2.30E-15
7758	2.30E-15
7760	2.29E-15
7762	2.29E-15
7764	2.28E-15
7766	2.27E-15
7768	2.26E-15
7770	2.26E-15
7772	2.25E-15
7774	2.25E-15
7776	2.25E-15
7778	2.24E-15
7780	2.23E-15
7782	2.23E-15
7784	2.24E-15
7786	2.24E-15
7788	2.24E-15
7790	2.24E-15
7792	2.25E-15
7794	2.25E-15
7796	2.24E-15
7798	2.25E-15
7800	2.25E-15
7802	2.25E-15
7804	2.25E-15
7806	2.24E-15
7808	2.23E-15
7810	2.23E-15
7812	2.22E-15
7814	2.22E-15
7816	2.21E-15
7818	2.20E-15
7820	2.20E-15
7822	2.19E-15
7824	2.19E-15
7826	2.19E-15
7828	2.19E-15
7830	2.20E-15
7832	2.20E-15
7834	2.20E-15
7836	2.19E-15
7838	2.19E-15
7840	2.18E-15
7842	2.18E-15
7844	2.18E-15
7846	2.18E-15
7848	2.18E-15
7850	2.18E-15
7852	2.18E-15
7854	2.18E-15
7856	2.18E-15
7858	2.18E-15
7860	2.17E-15
7862	2.16E-15
7864	2.15E-15
7866	2.13E-15
7868	2.13E-15
7870	2.12E-15
7872	2.12E-15
7874	2.12E-15
7876	2.12E-15
7878	2.12E-15
7880	2.13E-15
7882	2.14E-15
7884	2.13E-15
7886	2.13E-15
7888	2.13E-15
7890	2.13E-15
7892	2.12E-15
7894	2.12E-15
7896	2.12E-15
7898	2.11E-15
7900	2.11E-15
7902	2.10E-15
7904	2.09E-15
7906	2.09E-15
7908	2.08E-15
7910	2.08E-15
7912	2.08E-15
7914	2.08E-15
7916	2.07E-15
7918	2.07E-15
7920	2.07E-15
7922	2.07E-15
7924	2.08E-15
7926	2.09E-15
7928	2.09E-15
7930	2.10E-15
7932	2.10E-15
7934	2.09E-15
7936	2.09E-15
7938	2.08E-15
7940	2.09E-15
7942	2.09E-15
7944	2.09E-15
7946	2.09E-15
7948	2.08E-15
7950	2.08E-15
7952	2.07E-15
7954	2.06E-15
7956	2.05E-15
7958	2.05E-15
7960	2.05E-15
7962	2.05E-15
7964	2.05E-15
7966	2.05E-15
7968	2.04E-15
7970	2.04E-15
7972	2.05E-15
7974	2.04E-15
7976	2.04E-15
7978	2.04E-15
7980	2.04E-15
7982	2.04E-15
7984	2.04E-15
7986	2.04E-15
7988	2.03E-15
7990	2.03E-15
7992	2.02E-15
7994	2.02E-15
7996	2.01E-15
7998	2.01E-15
8000	2.01E-15
8002	2.00E-15
8004	2.00E-15
8006	2.00E-15
8008	1.99E-15
8010	1.98E-15
8012	1.98E-15
8014	1.99E-15
8016	1.98E-15
8018	1.99E-15
8020	1.99E-15
8022	1.99E-15
8024	1.99E-15
8026	1.98E-15
8028	1.98E-15
8030	1.97E-15
8032	1.97E-15
8034	1.98E-15
8036	1.98E-15
8038	1.98E-15
8040	1.98E-15
8042	1.98E-15
8044	1.98E-15
8046	1.98E-15
8048	1.98E-15
8050	1.98E-15
8052	1.98E-15
8054	1.97E-15
8056	1.97E-15
8058	1.96E-15
8060	1.95E-15
8062	1.95E-15
8064	1.95E-15
8066	1.95E-15
8068	1.96E-15
8070	1.96E-15
8072	1.96E-15
8074	1.96E-15
8076	1.96E-15
8078	1.96E-15
8080	1.95E-15
8082	1.94E-15
8084	1.92E-15
8086	1.92E-15
8088	1.91E-15
8090	1.90E-15
8092	1.91E-15
8094	1.91E-15
8096	1.92E-15
8098	1.92E-15
8100	1.92E-15
8102	1.91E-15
8104	1.92E-15
8106	1.92E-15
8108	1.92E-15
8110	1.92E-15
8112	1.92E-15
8114	1.92E-15
8116	1.91E-15
8118	1.91E-15
8120	1.90E-15
8122	1.90E-15
8124	1.89E-15
8126	1.88E-15
8128	1.88E-15
8130	1.87E-15
8132	1.87E-15
8134	1.86E-15
8136	1.86E-15
8138	1.85E-15
8140	1.85E-15
8142	1.84E-15
8144	1.84E-15
8146	1.84E-15
8148	1.83E-15
8150	1.82E-15
8152	1.82E-15
8154	1.82E-15
8156	1.82E-15
8158	1.82E-15
8160	1.81E-15
8162	1.81E-15
8164	1.81E-15
8166	1.80E-15
8168	1.80E-15
8170	1.80E-15
8172	1.81E-15
8174	1.81E-15
8176	1.81E-15
8178	1.81E-15
8180	1.81E-15
8182	1.80E-15
8184	1.80E-15
8186	1.80E-15
8188	1.80E-15
8190	1.80E-15
8192	1.80E-15
8194	1.80E-15
8196	1.80E-15
8198	1.81E-15
8200	1.81E-15
8202	1.81E-15
8204	1.81E-15
8206	1.81E-15
8208	1.81E-15
8210	1.81E-15
8212	1.81E-15
8214	1.81E-15
8216	1.81E-15
8218	1.81E-15
8220	1.79E-15
8222	1.78E-15
8224	1.77E-15
8226	1.77E-15
8228	1.75E-15
8230	1.75E-15
8232	1.75E-15
8234	1.76E-15
8236	1.77E-15
8238	1.78E-15
8240	1.80E-15
8242	1.81E-15
8244	1.81E-15
8246	1.80E-15
8248	1.79E-15
8250	1.78E-15
8252	1.77E-15
8254	1.76E-15
8256	1.76E-15
8258	1.76E-15
8260	1.76E-15
8262	1.75E-15
8264	1.75E-15
8266	1.75E-15
8268	1.75E-15
8270	1.75E-15
8272	1.75E-15
8274	1.75E-15
8276	1.75E-15
8278	1.75E-15
8280	1.75E-15
8282	1.75E-15
8284	1.74E-15
8286	1.74E-15
8288	1.75E-15
8290	1.75E-15
8292	1.75E-15
8294	1.74E-15
8296	1.74E-15
8298	1.74E-15
8300	1.74E-15
8302	1.74E-15
8304	1.75E-15
8306	1.76E-15
8308	1.76E-15
8310	1.76E-15
8312	1.75E-15
8314	1.74E-15
8316	1.74E-15
8318	1.74E-15
8320	1.74E-15
8322	1.74E-15
8324	1.73E-15
8326	1.72E-15
8328	1.72E-15
8330	1.72E-15
8332	1.72E-15
8334	1.72E-15
8336	1.72E-15
8338	1.73E-15
8340	1.73E-15
8342	1.74E-15
8344	1.74E-15
8346	1.74E-15
8348	1.74E-15
8350	1.74E-15
8352	1.74E-15
8354	1.73E-15
8356	1.72E-15
8358	1.72E-15
8360	1.72E-15
8362	1.72E-15
8364	1.71E-15
8366	1.71E-15
8368	1.71E-15
8370	1.70E-15
8372	1.70E-15
8374	1.71E-15
8376	1.71E-15
8378	1.71E-15
8380	1.72E-15
8382	1.72E-15
8384	1.72E-15
8386	1.72E-15
8388	1.72E-15
8390	1.72E-15
8392	1.72E-15
8394	1.72E-15
8396	1.72E-15
8398	1.71E-15
8400	1.70E-15
8402	1.69E-15
8404	1.68E-15
8406	1.67E-15
8408	1.67E-15
8410	1.66E-15
8412	1.66E-15
8414	1.67E-15
8416	1.67E-15
8418	1.68E-15
8420	1.68E-15
8422	1.68E-15
8424	1.68E-15
8426	1.68E-15
8428	1.68E-15
8430	1.67E-15
8432	1.67E-15
8434	1.66E-15
8436	1.65E-15
8438	1.65E-15
8440	1.65E-15
8442	1.65E-15
8444	1.65E-15
8446	1.65E-15
8448	1.66E-15
8450	1.66E-15
8452	1.66E-15
8454	1.65E-15
8456	1.65E-15
8458	1.65E-15
8460	1.65E-15
8462	1.65E-15
8464	1.64E-15
8466	1.64E-15
8468	1.64E-15
8470	1.64E-15
8472	1.64E-15
8474	1.64E-15
8476	1.64E-15
8478	1.64E-15
8480	1.64E-15
8482	1.64E-15
8484	1.65E-15
8486	1.65E-15
8488	1.64E-15
8490	1.64E-15
8492	1.64E-15
8494	1.63E-15
8496	1.63E-15
8498	1.62E-15
8500	1.62E-15
8502	1.63E-15
8504	1.63E-15
8506	1.63E-15
8508	1.63E-15
8510	1.63E-15
8512	1.62E-15
8514	1.62E-15
8516	1.61E-15
8518	1.60E-15
8520	1.60E-15
8522	1.60E-15
8524	1.60E-15
8526	1.60E-15
8528	1.60E-15
8530	1.60E-15
8532	1.60E-15
8534	1.61E-15
8536	1.61E-15
8538	1.61E-15
8540	1.62E-15
8542	1.62E-15
8544	1.62E-15
8546	1.62E-15
8548	1.62E-15
8550	1.62E-15
8552	1.61E-15
8554	1.61E-15
8556	1.61E-15
8558	1.60E-15
8560	1.60E-15
8562	1.59E-15
8564	1.59E-15
8566	1.58E-15
8568	1.57E-15
8570	1.56E-15
8572	1.56E-15
8574	1.56E-15
8576	1.56E-15
8578	1.56E-15
8580	1.56E-15
8582	1.56E-15
8584	1.56E-15
8586	1.56E-15
8588	1.56E-15
8590	1.56E-15
8592	1.55E-15
8594	1.55E-15
8596	1.55E-15
8598	1.55E-15
8600	1.56E-15
8602	1.56E-15
8604	1.56E-15
8606	1.56E-15
8608	1.56E-15
8610	1.56E-15
8612	1.56E-15
8614	1.56E-15
8616	1.55E-15
8618	1.55E-15
8620	1.54E-15
8622	1.54E-15
8624	1.54E-15
8626	1.54E-15
8628	1.54E-15
8630	1.54E-15
8632	1.54E-15
8634	1.54E-15
8636	1.53E-15
8638	1.53E-15
8640	1.52E-15
8642	1.51E-15
8644	1.51E-15
8646	1.51E-15
8648	1.51E-15
8650	1.51E-15
8652	1.52E-15
8654	1.52E-15
8656	1.52E-15
8658	1.52E-15
8660	1.52E-15
8662	1.52E-15
8664	1.52E-15
8666	1.52E-15
8668	1.51E-15
8670	1.51E-15
8672	1.50E-15
8674	1.50E-15
8676	1.50E-15
8678	1.50E-15
8680	1.50E-15
8682	1.50E-15
8684	1.49E-15
8686	1.49E-15
8688	1.49E-15
8690	1.49E-15
8692	1.48E-15
8694	1.48E-15
8696	1.48E-15
8698	1.48E-15
8700	1.47E-15
8702	1.47E-15
8704	1.47E-15
8706	1.47E-15
8708	1.47E-15
8710	1.47E-15
8712	1.47E-15
8714	1.48E-15
8716	1.48E-15
8718	1.48E-15
8720	1.49E-15
8722	1.49E-15
8724	1.49E-15
8726	1.48E-15
8728	1.47E-15
8730	1.46E-15
8732	1.45E-15
8734	1.44E-15
8736	1.44E-15
8738	1.44E-15
8740	1.44E-15
8742	1.44E-15
8744	1.45E-15
8746	1.46E-15
8748	1.46E-15
8750	1.46E-15
8752	1.46E-15
8754	1.45E-15
8756	1.45E-15
8758	1.44E-15
8760	1.44E-15
8762	1.44E-15
8764	1.44E-15
8766	1.43E-15
8768	1.42E-15
8770	1.41E-15
8772	1.41E-15
8774	1.40E-15
8776	1.40E-15
8778	1.40E-15
8780	1.42E-15
8782	1.44E-15
8784	1.45E-15
8786	1.47E-15
8788	1.48E-15
8790	1.48E-15
8792	1.48E-15
8794	1.48E-15
8796	1.47E-15
8798	1.47E-15
8800	1.46E-15
8802	1.45E-15
8804	1.45E-15
8806	1.45E-15
8808	1.45E-15
8810	1.44E-15
8812	1.43E-15
8814	1.42E-15
8816	1.42E-15
8818	1.42E-15
8820	1.42E-15
8822	1.41E-15
8824	1.40E-15
8826	1.39E-15
8828	1.39E-15
8830	1.39E-15
8832	1.39E-15
8834	1.39E-15
8836	1.39E-15
8838	1.40E-15
8840	1.40E-15
8842	1.41E-15
8844	1.42E-15
8846	1.43E-15
8848	1.43E-15
8850	1.43E-15
8852	1.43E-15
8854	1.42E-15
8856	1.41E-15
8858	1.41E-15
8860	1.41E-15
8862	1.42E-15
8864	1.42E-15
8866	1.42E-15
8868	1.43E-15
8870	1.43E-15
8872	1.44E-15
8874	1.45E-15
8876	1.44E-15
8878	1.43E-15
8880	1.42E-15
8882	1.41E-15
8884	1.39E-15
8886	1.38E-15
8888	1.37E-15
8890	1.35E-15
8892	1.33E-15
8894	1.32E-15
8896	1.33E-15
8898	1.33E-15
8900	1.34E-15
8902	1.34E-15
8904	1.36E-15
8906	1.36E-15
8908	1.35E-15
8910	1.33E-15
8912	1.32E-15
8914	1.31E-15
8916	1.30E-15
8918	1.29E-15
8920	1.29E-15
8922	1.30E-15
8924	1.29E-15
8926	1.29E-15
8928	1.29E-15
8930	1.29E-15
8932	1.29E-15
8934	1.28E-15
8936	1.27E-15
8938	1.27E-15
8940	1.26E-15
8942	1.26E-15
8944	1.26E-15
8946	1.25E-15
8948	1.25E-15
8950	1.24E-15
8952	1.23E-15
8954	1.22E-15
8956	1.21E-15
8958	1.21E-15
8960	1.20E-15
8962	1.20E-15
8964	1.20E-15
8966	1.20E-15
8968	1.19E-15
8970	1.19E-15
8972	1.19E-15
8974	1.19E-15
8976	1.20E-15
8978	1.21E-15
8980	1.23E-15
8982	1.25E-15
8984	1.27E-15
8986	1.27E-15
8988	1.27E-15
8990	1.27E-15
8992	1.28E-15
8994	1.28E-15
8996	1.29E-15
8998	1.29E-15
9000	1.29E-15
9002	1.29E-15
9004	1.28E-15
9006	1.27E-15
9008	1.25E-15
9010	1.24E-15
9012	1.23E-15
9014	1.22E-15
9016	1.21E-15
9018	1.21E-15
9020	1.21E-15
9022	1.21E-15
9024	1.20E-15
9026	1.20E-15
9028	1.20E-15
9030	1.19E-15
9032	1.19E-15
9034	1.19E-15
9036	1.19E-15
9038	1.20E-15
9040	1.19E-15
9042	1.18E-15
9044	1.17E-15
9046	1.16E-15
9048	1.15E-15
9050	1.15E-15
9052	1.14E-15
9054	1.14E-15
9056	1.13E-15
9058	1.14E-15
9060	1.15E-15
9062	1.16E-15
9064	1.18E-15
9066	1.18E-15
9068	1.18E-15
9070	1.18E-15
9072	1.18E-15
9074	1.17E-15
9076	1.17E-15
9078	1.16E-15
9080	1.16E-15
9082	1.15E-15
9084	1.15E-15
9086	1.14E-15
9088	1.14E-15
9090	1.14E-15
9092	1.15E-15
9094	1.15E-15
9096	1.15E-15
9098	1.14E-15
9100	1.14E-15
9102	1.14E-15
9104	1.13E-15
9106	1.13E-15
9108	1.13E-15
9110	1.14E-15
9112	1.14E-15
9114	1.14E-15
9116	1.15E-15
9118	1.14E-15
9120	1.15E-15
9122	1.15E-15
9124	1.15E-15
9126	1.14E-15
9128	1.13E-15
9130	1.13E-15
9132	1.13E-15
9134	1.13E-15
9136	1.14E-15
9138	1.14E-15
9140	1.14E-15
9142	1.15E-15
9144	1.15E-15
9146	1.14E-15
9148	1.14E-15
9150	1.14E-15
9152	1.14E-15
9154	1.13E-15
9156	1.13E-15
9158	1.12E-15
9160	1.12E-15
9162	1.12E-15
9164	1.11E-15
9166	1.11E-15
9168	1.11E-15
9170	1.10E-15
9172	1.10E-15
9174	1.10E-15
9176	1.10E-15
9178	1.10E-15
9180	1.10E-15
9182	1.10E-15
9184	1.10E-15
9186	1.10E-15
9188	1.10E-15
9190	1.09E-15
9192	1.10E-15
9194	1.11E-15
9196	1.13E-15
9198	1.14E-15
9200	1.14E-15
