3200	3.5393E-11
3201	3.5371E-11
3202	3.5382E-11
3203	3.5392E-11
3204	3.5435E-11
3205	3.5478E-11
3206	3.5489E-11
3207	3.5532E-11
3208	3.5674E-11
3209	3.5816E-11
3210	3.5827E-11
3211	3.5871E-11
3212	3.5848E-11
3213	3.5826E-11
3214	3.5936E-11
3215	3.6013E-11
3216	3.5991E-11
3217	3.5935E-11
3218	3.5814E-11
3219	3.5627E-11
3220	3.5539E-11
3221	3.5484E-11
3222	3.5495E-11
3223	3.5571E-11
3224	3.5713E-11
3225	3.5922E-11
3226	3.6099E-11
3227	3.6143E-11
3228	3.6287E-11
3229	3.6298E-11
3230	3.6376E-11
3231	3.6354E-11
3232	3.6331E-11
3233	3.6142E-11
3234	3.592E-11
3235	3.5667E-11
3236	3.5416E-11
3237	3.5135E-11
3238	3.4823E-11
3239	3.4546E-11
3240	3.4271E-11
3241	3.403E-11
3242	3.3853E-11
3243	3.377E-11
3244	3.3687E-11
3245	3.3635E-11
3246	3.3614E-11
3247	3.3563E-11
3248	3.3542E-11
3249	3.349E-11
3250	3.3439E-11
3251	3.3388E-11
3252	3.3275E-11
3253	3.3224E-11
3254	3.3173E-11
3255	3.3122E-11
3256	3.301E-11
3257	3.296E-11
3258	3.2909E-11
3259	3.2768E-11
3260	3.2688E-11
3261	3.2398E-11
3262	3.2081E-11
3263	3.1856E-11
3264	3.1602E-11
3265	3.1554E-11
3266	3.1535E-11
3267	3.1573E-11
3268	3.17E-11
3269	3.1739E-11
3270	3.1778E-11
3271	3.1846E-11
3272	3.1856E-11
3273	3.1837E-11
3274	3.1905E-11
3275	3.2004E-11
3276	3.2013E-11
3277	3.2023E-11
3278	3.1945E-11
3279	3.1779E-11
3280	3.173E-11
3281	3.1682E-11
3282	3.1662E-11
3283	3.1527E-11
3284	3.1449E-11
3285	3.1373E-11
3286	3.1267E-11
3287	3.119E-11
3288	3.1114E-11
3289	3.0952E-11
3290	3.0763E-11
3291	3.0547E-11
3292	3.036E-11
3293	3.0202E-11
3294	3.01E-11
3295	2.9999E-11
3296	2.9953E-11
3297	2.9908E-11
3298	2.9862E-11
3299	2.9844E-11
3300	2.9798E-11
3301	2.9808E-11
3302	2.9817E-11
3303	2.9854E-11
3304	2.9891E-11
3305	2.99E-11
3306	2.991E-11
3307	2.9892E-11
3308	2.9874E-11
3309	2.9856E-11
3310	2.9838E-11
3311	2.9792E-11
3312	2.9747E-11
3313	2.9647E-11
3314	2.9629E-11
3315	2.9611E-11
3316	2.962E-11
3317	2.9657E-11
3318	2.9639E-11
3319	2.954E-11
3320	2.9495E-11
3321	2.9423E-11
3322	2.9297E-11
3323	2.9225E-11
3324	2.9127E-11
3325	2.9083E-11
3326	2.9039E-11
3327	2.8994E-11
3328	2.8977E-11
3329	2.896E-11
3330	2.8969E-11
3331	2.8978E-11
3332	2.8987E-11
3333	2.905E-11
3334	2.9086E-11
3335	2.9176E-11
3336	2.932E-11
3337	2.9465E-11
3338	2.9502E-11
3339	2.9511E-11
3340	2.9548E-11
3341	2.9585E-11
3342	2.9622E-11
3343	2.9604E-11
3344	2.9613E-11
3345	2.9623E-11
3346	2.9578E-11
3347	2.9533E-11
3348	2.938E-11
3349	2.9281E-11
3350	2.9129E-11
3351	2.8952E-11
3352	2.8748E-11
3353	2.8626E-11
3354	2.853E-11
3355	2.8486E-11
3356	2.8443E-11
3357	2.8479E-11
3358	2.8514E-11
3359	2.8576E-11
3360	2.8585E-11
3361	2.8568E-11
3362	2.8551E-11
3363	2.8561E-11
3364	2.8596E-11
3365	2.8685E-11
3366	2.8694E-11
3367	2.8677E-11
3368	2.8766E-11
3369	2.8802E-11
3370	2.8811E-11
3371	2.8874E-11
3372	2.8857E-11
3373	2.8786E-11
3374	2.8769E-11
3375	2.8726E-11
3376	2.8682E-11
3377	2.856E-11
3378	2.8491E-11
3379	2.8474E-11
3380	2.8457E-11
3381	2.844E-11
3382	2.8423E-11
3383	2.8354E-11
3384	2.8259E-11
3385	2.8191E-11
3386	2.8122E-11
3387	2.8054E-11
3388	2.8037E-11
3389	2.8021E-11
3390	2.8082E-11
3391	2.8091E-11
3392	2.8074E-11
3393	2.8058E-11
3394	2.7887E-11
3395	2.7793E-11
3396	2.7675E-11
3397	2.7608E-11
3398	2.7541E-11
3399	2.7499E-11
3400	2.7508E-11
3401	2.7568E-11
3402	2.7577E-11
3403	2.7586E-11
3404	2.7596E-11
3405	2.7656E-11
3406	2.764E-11
3407	2.7623E-11
3408	2.7582E-11
3409	2.7489E-11
3410	2.7448E-11
3411	2.7306E-11
3412	2.7215E-11
3413	2.7099E-11
3414	2.7058E-11
3415	2.7017E-11
3416	2.7001E-11
3417	2.6936E-11
3418	2.6846E-11
3419	2.6781E-11
3420	2.6667E-11
3421	2.6651E-11
3422	2.6709E-11
3423	2.6718E-11
3424	2.6678E-11
3425	2.6589E-11
3426	2.65E-11
3427	2.6363E-11
3428	2.6323E-11
3429	2.6284E-11
3430	2.6293E-11
3431	2.6301E-11
3432	2.631E-11
3433	2.6319E-11
3434	2.6377E-11
3435	2.641E-11
3436	2.6443E-11
3437	2.6525E-11
3438	2.6632E-11
3439	2.669E-11
3440	2.6773E-11
3441	2.6783E-11
3442	2.6816E-11
3443	2.6727E-11
3444	2.6589E-11
3445	2.65E-11
3446	2.6387E-11
3447	2.6275E-11
3448	2.6211E-11
3449	2.6148E-11
3450	2.6133E-11
3451	2.6142E-11
3452	2.615E-11
3453	2.6183E-11
3454	2.6217E-11
3455	2.6226E-11
3456	2.621E-11
3457	2.6219E-11
3458	2.6204E-11
3459	2.6189E-11
3460	2.6126E-11
3461	2.6039E-11
3462	2.6E-11
3463	2.5913E-11
3464	2.5803E-11
3465	2.574E-11
3466	2.5631E-11
3467	2.5569E-11
3468	2.546E-11
3469	2.5539E-11
3470	2.5548E-11
3471	2.5581E-11
3472	2.566E-11
3473	2.5622E-11
3474	2.5536E-11
3475	2.5475E-11
3476	2.5343E-11
3477	2.5212E-11
3478	2.5082E-11
3479	2.4975E-11
3480	2.4892E-11
3481	2.4832E-11
3482	2.4886E-11
3483	2.4918E-11
3484	2.4927E-11
3485	2.5004E-11
3486	2.5013E-11
3487	2.5068E-11
3488	2.5169E-11
3489	2.5271E-11
3490	2.5373E-11
3491	2.5452E-11
3492	2.5484E-11
3493	2.5399E-11
3494	2.5338E-11
3495	2.5207E-11
3496	2.5123E-11
3497	2.504E-11
3498	2.5002E-11
3499	2.4896E-11
3500	2.4836E-11
3501	2.4776E-11
3502	2.4694E-11
3503	2.468E-11
3504	2.4666E-11
3505	2.472E-11
3506	2.4728E-11
3507	2.4714E-11
3508	2.4678E-11
3509	2.4663E-11
3510	2.4649E-11
3511	2.4658E-11
3512	2.4644E-11
3513	2.463E-11
3514	2.4616E-11
3515	2.4602E-11
3516	2.4633E-11
3517	2.4687E-11
3518	2.4742E-11
3519	2.4819E-11
3520	2.485E-11
3521	2.4928E-11
3522	2.496E-11
3523	2.4946E-11
3524	2.4932E-11
3525	2.4826E-11
3526	2.4743E-11
3527	2.4593E-11
3528	2.4421E-11
3529	2.4295E-11
3530	2.4147E-11
3531	2.4089E-11
3532	2.4053E-11
3533	2.3952E-11
3534	2.3894E-11
3535	2.3836E-11
3536	2.3735E-11
3537	2.3678E-11
3538	2.3578E-11
3539	2.3521E-11
3540	2.3508E-11
3541	2.3495E-11
3542	2.3481E-11
3543	2.349E-11
3544	2.3455E-11
3545	2.342E-11
3546	2.3364E-11
3547	2.3329E-11
3548	2.3294E-11
3549	2.3281E-11
3550	2.3247E-11
3551	2.3191E-11
3552	2.3114E-11
3553	2.308E-11
3554	2.3045E-11
3555	2.3054E-11
3556	2.3041E-11
3557	2.3028E-11
3558	2.3036E-11
3559	2.3002E-11
3560	2.2947E-11
3561	2.2976E-11
3562	2.3006E-11
3563	2.3077E-11
3564	2.3086E-11
3565	2.3094E-11
3566	2.3102E-11
3567	2.3068E-11
3568	2.3055E-11
3569	2.3021E-11
3570	2.3008E-11
3571	2.2995E-11
3572	2.2982E-11
3573	2.297E-11
3574	2.2915E-11
3575	2.2839E-11
3576	2.2784E-11
3577	2.275E-11
3578	2.2654E-11
3579	2.262E-11
3580	2.2566E-11
3581	2.2491E-11
3582	2.2437E-11
3583	2.2383E-11
3584	2.2289E-11
3585	2.2256E-11
3586	2.2223E-11
3587	2.221E-11
3588	2.2198E-11
3589	2.2227E-11
3590	2.2296E-11
3591	2.2345E-11
3592	2.2457E-11
3593	2.2444E-11
3594	2.2411E-11
3595	2.2316E-11
3596	2.2283E-11
3597	2.2251E-11
3598	2.2259E-11
3599	2.2308E-11
3600	2.2316E-11
3601	2.2304E-11
3602	2.2291E-11
3603	2.2299E-11
3604	2.2308E-11
3605	2.2316E-11
3606	2.2365E-11
3607	2.2394E-11
3608	2.2381E-11
3609	2.2369E-11
3610	2.2357E-11
3611	2.2344E-11
3612	2.2332E-11
3613	2.232E-11
3614	2.2307E-11
3615	2.2315E-11
3616	2.2303E-11
3617	2.2311E-11
3618	2.234E-11
3619	2.2266E-11
3620	2.2213E-11
3621	2.2099E-11
3622	2.1985E-11
3623	2.1852E-11
3624	2.1759E-11
3625	2.1647E-11
3626	2.1596E-11
3627	2.1504E-11
3628	2.1453E-11
3629	2.1362E-11
3630	2.1331E-11
3631	2.1299E-11
3632	2.1249E-11
3633	2.1198E-11
3634	2.1147E-11
3635	2.1058E-11
3636	2.0988E-11
3637	2.0938E-11
3638	2.0888E-11
3639	2.0954E-11
3640	2.0961E-11
3641	2.1046E-11
3642	2.1093E-11
3643	2.1159E-11
3644	2.1167E-11
3645	2.1234E-11
3646	2.1261E-11
3647	2.1289E-11
3648	2.1336E-11
3649	2.1344E-11
3650	2.1313E-11
3651	2.1262E-11
3652	2.1191E-11
3653	2.1102E-11
3654	2.1052E-11
3655	2.1021E-11
3656	2.1009E-11
3657	2.0998E-11
3658	2.0948E-11
3659	2.0859E-11
3660	2.0809E-11
3661	2.076E-11
3662	2.0729E-11
3663	2.0737E-11
3664	2.0726E-11
3665	2.0714E-11
3666	2.0703E-11
3667	2.0692E-11
3668	2.0661E-11
3669	2.065E-11
3670	2.0639E-11
3671	2.0647E-11
3672	2.0693E-11
3673	2.0719E-11
3674	2.0785E-11
3675	2.0812E-11
3676	2.0839E-11
3677	2.0866E-11
3678	2.0816E-11
3679	2.0843E-11
3680	2.087E-11
3681	2.0859E-11
3682	2.0867E-11
3683	2.0855E-11
3684	2.0825E-11
3685	2.0813E-11
3686	2.0764E-11
3687	2.0695E-11
3688	2.0627E-11
3689	2.0502E-11
3690	2.036E-11
3691	2.018E-11
3692	2.004E-11
3693	1.9974E-11
3694	1.989E-11
3695	1.9842E-11
3696	1.9832E-11
3697	1.973E-11
3698	1.9683E-11
3699	1.9582E-11
3700	1.9535E-11
3701	1.9507E-11
3702	1.9514E-11
3703	1.9521E-11
3704	1.9529E-11
3705	1.9536E-11
3706	1.949E-11
3707	1.9461E-11
3708	1.9469E-11
3709	1.9476E-11
3710	1.952E-11
3711	1.9527E-11
3712	1.9553E-11
3713	1.9542E-11
3714	1.9622E-11
3715	1.9684E-11
3716	1.9746E-11
3717	1.9826E-11
3718	1.987E-11
3719	1.9878E-11
3720	1.9922E-11
3721	1.993E-11
3722	1.9956E-11
3723	1.9945E-11
3724	1.9934E-11
3725	1.9924E-11
3726	1.9895E-11
3727	1.9902E-11
3728	1.9928E-11
3729	1.9936E-11
3730	1.9962E-11
3731	1.997E-11
3732	2.0051E-11
3733	2.0151E-11
3734	2.029E-11
3735	2.0466E-11
3736	2.0418E-11
3737	2.0388E-11
3738	2.0283E-11
3739	2.0198E-11
3740	2.0206E-11
3741	2.0251E-11
3742	2.0277E-11
3743	2.0211E-11
3744	2.0144E-11
3745	1.9986E-11
3746	1.981E-11
3747	1.9672E-11
3748	1.9535E-11
3749	1.9471E-11
3750	1.9389E-11
3751	1.9379E-11
3752	1.9386E-11
3753	1.943E-11
3754	1.9437E-11
3755	1.9445E-11
3756	1.9434E-11
3757	1.946E-11
3758	1.9467E-11
3759	1.9529E-11
3760	1.9536E-11
3761	1.958E-11
3762	1.9516E-11
3763	1.9487E-11
3764	1.937E-11
3765	1.927E-11
3766	1.9119E-11
3767	1.8986E-11
3768	1.8889E-11
3769	1.8826E-11
3770	1.8851E-11
3771	1.8981E-11
3772	1.9164E-11
3773	1.942E-11
3774	1.9716E-11
3775	1.998E-11
3776	2.0265E-11
3777	2.0273E-11
3778	2.0281E-11
3779	2.0233E-11
3780	2.0148E-11
3781	2.0138E-11
3782	2.0145E-11
3783	2.0153E-11
3784	2.0124E-11
3785	2.0095E-11
3786	1.9974E-11
3787	1.9853E-11
3788	1.9661E-11
3789	1.9452E-11
3790	1.9211E-11
3791	1.8954E-11
3792	1.8685E-11
3793	1.8402E-11
3794	1.824E-11
3795	1.8097E-11
3796	1.8037E-11
3797	1.8094E-11
3798	1.8151E-11
3799	1.8327E-11
3800	1.8503E-11
3801	1.8751E-11
3802	1.9019E-11
3803	1.9274E-11
3804	1.9514E-11
3805	1.963E-11
3806	1.9746E-11
3807	1.979E-11
3808	1.9853E-11
3809	1.9916E-11
3810	1.9961E-11
3811	1.9968E-11
3812	1.994E-11
3813	1.9892E-11
3814	1.9754E-11
3815	1.9635E-11
3816	1.9517E-11
3817	1.9399E-11
3818	1.9317E-11
3819	1.9272E-11
3820	1.9262E-11
3821	1.9287E-11
3822	1.933E-11
3823	1.9338E-11
3824	1.931E-11
3825	1.9211E-11
3826	1.9095E-11
3827	1.8928E-11
3828	1.8745E-11
3829	1.8529E-11
3830	1.8333E-11
3831	1.8122E-11
3832	1.7913E-11
3833	1.7854E-11
3834	1.7779E-11
3835	1.7852E-11
3836	1.7975E-11
3837	1.8165E-11
3838	1.8425E-11
3839	1.8723E-11
3840	1.9062E-11
3841	1.9352E-11
3842	1.9539E-11
3843	1.9728E-11
3844	1.9845E-11
3845	1.9945E-11
3846	2.0026E-11
3847	2.0127E-11
3848	2.0172E-11
3849	2.0255E-11
3850	2.0263E-11
3851	2.0271E-11
3852	2.0279E-11
3853	2.0268E-11
3854	2.0258E-11
3855	2.0229E-11
3856	2.02E-11
3857	2.0171E-11
3858	2.0105E-11
3859	2.0057E-11
3860	2.001E-11
3861	1.9944E-11
3862	1.9897E-11
3863	1.985E-11
3864	1.9804E-11
3865	1.9775E-11
3866	1.9765E-11
3867	1.9737E-11
3868	1.9745E-11
3869	1.9734E-11
3870	1.9724E-11
3871	1.9696E-11
3872	1.9686E-11
3873	1.9657E-11
3874	1.9629E-11
3875	1.9565E-11
3876	1.9483E-11
3877	1.9366E-11
3878	1.9231E-11
3879	1.9045E-11
3880	1.8878E-11
3881	1.8644E-11
3882	1.8412E-11
3883	1.8084E-11
3884	1.7777E-11
3885	1.7524E-11
3886	1.7307E-11
3887	1.7187E-11
3888	1.7099E-11
3889	1.7201E-11
3890	1.7399E-11
3891	1.7648E-11
3892	1.7934E-11
3893	1.8224E-11
3894	1.8502E-11
3895	1.875E-11
3896	1.8966E-11
3897	1.9185E-11
3898	1.9317E-11
3899	1.945E-11
3900	1.9548E-11
3901	1.9628E-11
3902	1.9708E-11
3903	1.9734E-11
3904	1.9797E-11
3905	1.9805E-11
3906	1.9795E-11
3907	1.9712E-11
3908	1.9666E-11
3909	1.962E-11
3910	1.9555E-11
3911	1.9545E-11
3912	1.9535E-11
3913	1.9525E-11
3914	1.9515E-11
3915	1.947E-11
3916	1.9424E-11
3917	1.9343E-11
3918	1.9208E-11
3919	1.9093E-11
3920	1.8995E-11
3921	1.8916E-11
3922	1.8837E-11
3923	1.8792E-11
3924	1.8714E-11
3925	1.867E-11
3926	1.8592E-11
3927	1.8531E-11
3928	1.8453E-11
3929	1.8427E-11
3930	1.8401E-11
3931	1.8391E-11
3932	1.8399E-11
3933	1.8424E-11
3934	1.8482E-11
3935	1.8558E-11
3936	1.8617E-11
3937	1.8694E-11
3938	1.877E-11
3939	1.8813E-11
3940	1.8872E-11
3941	1.888E-11
3942	1.8905E-11
3943	1.8948E-11
3944	1.8956E-11
3945	1.8964E-11
3946	1.9024E-11
3947	1.905E-11
3948	1.904E-11
3949	1.903E-11
3950	1.8916E-11
3951	1.8561E-11
3952	1.8501E-11
3953	1.8423E-11
3954	1.8329E-11
3955	1.8253E-11
3956	1.811E-11
3957	1.7967E-11
3958	1.781E-11
3959	1.7606E-11
3960	1.7387E-11
3961	1.7093E-11
3962	1.685E-11
3963	1.6534E-11
3964	1.6239E-11
3965	1.6008E-11
3966	1.5766E-11
3967	1.5628E-11
3968	1.5519E-11
3969	1.5512E-11
3970	1.5532E-11
3971	1.5625E-11
3972	1.5776E-11
3973	1.5943E-11
3974	1.6142E-11
3975	1.6359E-11
3976	1.6563E-11
3977	1.6785E-11
3978	1.6947E-11
3979	1.7127E-11
3980	1.7308E-11
3981	1.7476E-11
3982	1.7596E-11
3983	1.7685E-11
3984	1.7725E-11
3985	1.7781E-11
3986	1.7805E-11
3987	1.7813E-11
3988	1.782E-11
3989	1.7844E-11
3990	1.7852E-11
3991	1.7859E-11
3992	1.7883E-11
3993	1.7923E-11
3994	1.7931E-11
3995	1.7939E-11
3996	1.793E-11
3997	1.7904E-11
3998	1.7895E-11
3999	1.787E-11
4000	1.7795E-11
4001	1.777E-11
4002	1.7696E-11
4003	1.7638E-11
4004	1.7597E-11
4005	1.7539E-11
4006	1.7515E-11
4007	1.7474E-11
4008	1.7449E-11
4009	1.744E-11
4010	1.7399E-11
4011	1.7391E-11
4012	1.7366E-11
4013	1.7341E-11
4014	1.7333E-11
4015	1.726E-11
4016	1.722E-11
4017	1.7101E-11
4018	1.6982E-11
4019	1.6849E-11
4020	1.6671E-11
4021	1.6556E-11
4022	1.6426E-11
4023	1.6343E-11
4024	1.6304E-11
4025	1.6266E-11
4026	1.6318E-11
4027	1.6385E-11
4028	1.6498E-11
4029	1.6597E-11
4030	1.6727E-11
4031	1.6873E-11
4032	1.6958E-11
4033	1.7044E-11
4034	1.7082E-11
4035	1.7137E-11
4036	1.7144E-11
4037	1.7151E-11
4038	1.7159E-11
4039	1.715E-11
4040	1.7173E-11
4041	1.7197E-11
4042	1.7204E-11
4043	1.7211E-11
4044	1.7219E-11
4045	1.7242E-11
4046	1.7249E-11
4047	1.7257E-11
4048	1.7248E-11
4049	1.7224E-11
4050	1.7215E-11
4051	1.7191E-11
4052	1.7151E-11
4053	1.7142E-11
4054	1.7118E-11
4055	1.711E-11
4056	1.7085E-11
4057	1.7077E-11
4058	1.7069E-11
4059	1.706E-11
4060	1.7036E-11
4061	1.7012E-11
4062	1.6957E-11
4063	1.6917E-11
4064	1.6878E-11
4065	1.6807E-11
4066	1.6753E-11
4067	1.6698E-11
4068	1.6659E-11
4069	1.6605E-11
4070	1.6567E-11
4071	1.6543E-11
4072	1.6535E-11
4073	1.6542E-11
4074	1.6549E-11
4075	1.6556E-11
4076	1.6579E-11
4077	1.6571E-11
4078	1.6532E-11
4079	1.6494E-11
4080	1.644E-11
4081	1.6371E-11
4082	1.6273E-11
4083	1.6176E-11
4084	1.6079E-11
4085	1.5968E-11
4086	1.5872E-11
4087	1.5762E-11
4088	1.5653E-11
4089	1.5531E-11
4090	1.5409E-11
4091	1.5232E-11
4092	1.5057E-11
4093	1.4844E-11
4094	1.4592E-11
4095	1.4372E-11
4096	1.4116E-11
4097	1.3928E-11
4098	1.3768E-11
4099	1.3686E-11
4100	1.3679E-11
4101	1.371E-11
4102	1.3868E-11
4103	1.4029E-11
4104	1.4269E-11
4105	1.4514E-11
4106	1.4763E-11
4107	1.5003E-11
4108	1.5176E-11
4109	1.5309E-11
4110	1.5429E-11
4111	1.5478E-11
4112	1.5542E-11
4113	1.5535E-11
4114	1.5542E-11
4115	1.5534E-11
4116	1.5541E-11
4117	1.5576E-11
4118	1.5597E-11
4119	1.5618E-11
4120	1.5668E-11
4121	1.5733E-11
4122	1.5769E-11
4123	1.582E-11
4124	1.5856E-11
4125	1.5906E-11
4126	1.5928E-11
4127	1.595E-11
4128	1.5971E-11
4129	1.5964E-11
4130	1.5926E-11
4131	1.5904E-11
4132	1.5867E-11
4133	1.583E-11
4134	1.5764E-11
4135	1.5713E-11
4136	1.5648E-11
4137	1.5554E-11
4138	1.5504E-11
4139	1.5439E-11
4140	1.5375E-11
4141	1.5339E-11
4142	1.5318E-11
4143	1.5311E-11
4144	1.5289E-11
4145	1.5296E-11
4146	1.5288E-11
4147	1.5309E-11
4148	1.5344E-11
4149	1.5365E-11
4150	1.5372E-11
4151	1.5407E-11
4152	1.5414E-11
4153	1.542E-11
4154	1.5413E-11
4155	1.5406E-11
4156	1.5398E-11
4157	1.5391E-11
4158	1.5383E-11
4159	1.5376E-11
4160	1.5354E-11
4161	1.5333E-11
4162	1.5326E-11
4163	1.529E-11
4164	1.5283E-11
4165	1.5275E-11
4166	1.5268E-11
4167	1.5261E-11
4168	1.5253E-11
4169	1.5274E-11
4170	1.5267E-11
4171	1.5259E-11
4172	1.5266E-11
4173	1.5259E-11
4174	1.5252E-11
4175	1.5244E-11
4176	1.5237E-11
4177	1.5216E-11
4178	1.5208E-11
4179	1.5173E-11
4180	1.5166E-11
4181	1.5145E-11
4182	1.5123E-11
4183	1.5116E-11
4184	1.5095E-11
4185	1.5074E-11
4186	1.5039E-11
4187	1.5018E-11
4188	1.4997E-11
4189	1.4976E-11
4190	1.4955E-11
4191	1.4907E-11
4192	1.4872E-11
4193	1.4851E-11
4194	1.4817E-11
4195	1.4769E-11
4196	1.4749E-11
4197	1.4742E-11
4198	1.4735E-11
4199	1.4728E-11
4200	1.4721E-11
4201	1.4727E-11
4202	1.4761E-11
4203	1.4767E-11
4204	1.4787E-11
4205	1.478E-11
4206	1.4787E-11
4207	1.4794E-11
4208	1.4787E-11
4209	1.478E-11
4210	1.4773E-11
4211	1.4793E-11
4212	1.4786E-11
4213	1.4792E-11
4214	1.4799E-11
4215	1.4792E-11
4216	1.4785E-11
4217	1.4805E-11
4218	1.4812E-11
4219	1.4846E-11
4220	1.4852E-11
4221	1.4859E-11
4222	1.4893E-11
4223	1.49E-11
4224	1.4906E-11
4225	1.4899E-11
4226	1.4892E-11
4227	1.4885E-11
4228	1.4878E-11
4229	1.4857E-11
4230	1.4809E-11
4231	1.4775E-11
4232	1.4755E-11
4233	1.4693E-11
4234	1.4659E-11
4235	1.4639E-11
4236	1.4592E-11
4237	1.4558E-11
4238	1.4551E-11
4239	1.4531E-11
4240	1.4511E-11
4241	1.4504E-11
4242	1.4497E-11
4243	1.4504E-11
4244	1.4497E-11
4245	1.449E-11
4246	1.4496E-11
4247	1.449E-11
4248	1.4483E-11
4249	1.4463E-11
4250	1.4456E-11
4251	1.4449E-11
4252	1.4429E-11
4253	1.4422E-11
4254	1.4402E-11
4255	1.4369E-11
4256	1.4349E-11
4257	1.4342E-11
4258	1.4322E-11
4259	1.4316E-11
4260	1.4309E-11
4261	1.4289E-11
4262	1.4269E-11
4263	1.4236E-11
4264	1.4216E-11
4265	1.4197E-11
4266	1.419E-11
4267	1.4183E-11
4268	1.4177E-11
4269	1.417E-11
4270	1.4163E-11
4271	1.4157E-11
4272	1.4137E-11
4273	1.4117E-11
4274	1.4098E-11
4275	1.4065E-11
4276	1.4059E-11
4277	1.4039E-11
4278	1.4033E-11
4279	1.4026E-11
4280	1.4007E-11
4281	1.4E-11
4282	1.3994E-11
4283	1.3987E-11
4284	1.398E-11
4285	1.3974E-11
4286	1.3967E-11
4287	1.3961E-11
4288	1.3954E-11
4289	1.3948E-11
4290	1.3941E-11
4291	1.3935E-11
4292	1.3928E-11
4293	1.3922E-11
4294	1.3903E-11
4295	1.3883E-11
4296	1.3877E-11
4297	1.3845E-11
4298	1.3826E-11
4299	1.3819E-11
4300	1.38E-11
4301	1.3794E-11
4302	1.3775E-11
4303	1.3768E-11
4304	1.3762E-11
4305	1.3755E-11
4306	1.3749E-11
4307	1.3743E-11
4308	1.3736E-11
4309	1.373E-11
4310	1.3724E-11
4311	1.3717E-11
4312	1.3711E-11
4313	1.3704E-11
4314	1.3698E-11
4315	1.3692E-11
4316	1.3685E-11
4317	1.3679E-11
4318	1.3673E-11
4319	1.3666E-11
4320	1.366E-11
4321	1.3654E-11
4322	1.3635E-11
4323	1.3591E-11
4324	1.356E-11
4325	1.3528E-11
4326	1.3472E-11
4327	1.3392E-11
4328	1.3312E-11
4329	1.3208E-11
4330	1.3069E-11
4331	1.2908E-11
4332	1.2713E-11
4333	1.2498E-11
4334	1.2253E-11
4335	1.2024E-11
4336	1.1821E-11
4337	1.1632E-11
4338	1.152E-11
4339	1.143E-11
4340	1.1446E-11
4341	1.1483E-11
4342	1.1584E-11
4343	1.1739E-11
4344	1.1897E-11
4345	1.2102E-11
4346	1.2276E-11
4347	1.2452E-11
4348	1.2608E-11
4349	1.2719E-11
4350	1.2842E-11
4351	1.2931E-11
4352	1.3033E-11
4353	1.3075E-11
4354	1.3129E-11
4355	1.3184E-11
4356	1.3202E-11
4357	1.3245E-11
4358	1.3263E-11
4359	1.3269E-11
4360	1.3263E-11
4361	1.3257E-11
4362	1.3251E-11
4363	1.3233E-11
4364	1.3227E-11
4365	1.3208E-11
4366	1.319E-11
4367	1.316E-11
4368	1.3154E-11
4369	1.3148E-11
4370	1.3142E-11
4371	1.3124E-11
4372	1.3106E-11
4373	1.3088E-11
4374	1.3058E-11
4375	1.3016E-11
4376	1.2986E-11
4377	1.2944E-11
4378	1.2914E-11
4379	1.2885E-11
4380	1.2831E-11
4381	1.279E-11
4382	1.2726E-11
4383	1.2673E-11
4384	1.2644E-11
4385	1.2592E-11
4386	1.2563E-11
4387	1.2545E-11
4388	1.254E-11
4389	1.2534E-11
4390	1.2586E-11
4391	1.2604E-11
4392	1.2644E-11
4393	1.2674E-11
4394	1.2715E-11
4395	1.2744E-11
4396	1.2773E-11
4397	1.2791E-11
4398	1.2797E-11
4399	1.2803E-11
4400	1.2809E-11
4401	1.2791E-11
4402	1.2786E-11
4403	1.278E-11
4404	1.2762E-11
4405	1.2756E-11
4406	1.2727E-11
4407	1.2686E-11
4408	1.2657E-11
4409	1.264E-11
4410	1.2599E-11
4411	1.257E-11
4412	1.2553E-11
4413	1.2536E-11
4414	1.2519E-11
4415	1.2513E-11
4416	1.2507E-11
4417	1.2502E-11
4418	1.2507E-11
4419	1.2513E-11
4420	1.2508E-11
4421	1.2502E-11
4422	1.2496E-11
4423	1.2479E-11
4424	1.2462E-11
4425	1.2422E-11
4426	1.2405E-11
4427	1.2399E-11
4428	1.2371E-11
4429	1.2343E-11
4430	1.2314E-11
4431	1.2298E-11
4432	1.2292E-11
4433	1.2286E-11
4434	1.227E-11
4435	1.2264E-11
4436	1.2258E-11
4437	1.2242E-11
4438	1.2247E-11
4439	1.2242E-11
4440	1.2248E-11
4441	1.2242E-11
4442	1.2237E-11
4443	1.2242E-11
4444	1.2237E-11
4445	1.2243E-11
4446	1.2237E-11
4447	1.222E-11
4448	1.2215E-11
4449	1.2198E-11
4450	1.2193E-11
4451	1.2187E-11
4452	1.2182E-11
4453	1.2165E-11
4454	1.2148E-11
4455	1.2121E-11
4456	1.2093E-11
4457	1.2065E-11
4458	1.2026E-11
4459	1.1977E-11
4460	1.1917E-11
4461	1.1846E-11
4462	1.1743E-11
4463	1.1619E-11
4464	1.1486E-11
4465	1.1355E-11
4466	1.1246E-11
4467	1.1117E-11
4468	1.1051E-11
4469	1.0975E-11
4470	1.095E-11
4471	1.0945E-11
4472	1.097E-11
4473	1.1026E-11
4474	1.1103E-11
4475	1.12E-11
4476	1.1278E-11
4477	1.1367E-11
4478	1.1467E-11
4479	1.1525E-11
4480	1.1584E-11
4481	1.1622E-11
4482	1.1659E-11
4483	1.1686E-11
4484	1.1714E-11
4485	1.1719E-11
4486	1.1725E-11
4487	1.173E-11
4488	1.1725E-11
4489	1.1741E-11
4490	1.1736E-11
4491	1.1742E-11
4492	1.1737E-11
4493	1.1731E-11
4494	1.1726E-11
4495	1.1721E-11
4496	1.1716E-11
4497	1.171E-11
4498	1.1695E-11
4499	1.1689E-11
4500	1.1652E-11
4501	1.1636E-11
4502	1.1609E-11
4503	1.1572E-11
4504	1.1546E-11
4505	1.1498E-11
4506	1.1472E-11
4507	1.1414E-11
4508	1.1378E-11
4509	1.1331E-11
4510	1.1305E-11
4511	1.1279E-11
4512	1.1253E-11
4513	1.1238E-11
4514	1.1233E-11
4515	1.1228E-11
4516	1.1233E-11
4517	1.126E-11
4518	1.1275E-11
4519	1.127E-11
4520	1.1286E-11
4521	1.1312E-11
4522	1.1318E-11
4523	1.1313E-11
4524	1.1318E-11
4525	1.1324E-11
4526	1.1319E-11
4527	1.1314E-11
4528	1.1309E-11
4529	1.1304E-11
4530	1.1288E-11
4531	1.1273E-11
4532	1.1257E-11
4533	1.1211E-11
4534	1.1186E-11
4535	1.1129E-11
4536	1.1104E-11
4537	1.1048E-11
4538	1.1023E-11
4539	1.0977E-11
4540	1.0962E-11
4541	1.0937E-11
4542	1.0943E-11
4543	1.0938E-11
4544	1.0943E-11
4545	1.0948E-11
4546	1.0974E-11
4547	1.0989E-11
4548	1.0995E-11
4549	1.101E-11
4550	1.1036E-11
4551	1.1041E-11
4552	1.1056E-11
4553	1.1072E-11
4554	1.1087E-11
4555	1.1083E-11
4556	1.1088E-11
4557	1.1083E-11
4558	1.1078E-11
4559	1.1073E-11
4560	1.1058E-11
4561	1.1053E-11
4562	1.1038E-11
4563	1.1003E-11
4564	1.0988E-11
4565	1.0973E-11
4566	1.0958E-11
4567	1.0944E-11
4568	1.0919E-11
4569	1.0914E-11
4570	1.0909E-11
4571	1.0904E-11
4572	1.092E-11
4573	1.0915E-11
4574	1.092E-11
4575	1.0925E-11
4576	1.0921E-11
4577	1.0926E-11
4578	1.0931E-11
4579	1.0947E-11
4580	1.0952E-11
4581	1.0947E-11
4582	1.0942E-11
4583	1.0938E-11
4584	1.0923E-11
4585	1.0898E-11
4586	1.0883E-11
4587	1.0868E-11
4588	1.0854E-11
4589	1.0819E-11
4590	1.0804E-11
4591	1.078E-11
4592	1.0775E-11
4593	1.075E-11
4594	1.0746E-11
4595	1.0721E-11
4596	1.0717E-11
4597	1.0712E-11
4598	1.0707E-11
4599	1.0693E-11
4600	1.0678E-11
4601	1.0634E-11
4602	1.063E-11
4603	1.0615E-11
4604	1.0601E-11
4605	1.0596E-11
4606	1.0582E-11
4607	1.0587E-11
4608	1.0583E-11
4609	1.0588E-11
4610	1.0593E-11
4611	1.0588E-11
4612	1.0574E-11
4613	1.0579E-11
4614	1.0575E-11
4615	1.057E-11
4616	1.0556E-11
4617	1.0541E-11
4618	1.0537E-11
4619	1.0523E-11
4620	1.0518E-11
4621	1.0514E-11
4622	1.0499E-11
4623	1.0485E-11
4624	1.0461E-11
4625	1.0438E-11
4626	1.0414E-11
4627	1.0371E-11
4628	1.0347E-11
4629	1.0305E-11
4630	1.0272E-11
4631	1.023E-11
4632	1.0207E-11
4633	1.0174E-11
4634	1.0142E-11
4635	1.0119E-11
4636	1.0077E-11
4637	1.0026E-11
4638	9.9945E-12
4639	9.9442E-12
4640	9.8851E-12
4641	9.8265E-12
4642	9.7681E-12
4643	9.7101E-12
4644	9.6791E-12
4645	9.6305E-12
4646	9.6175E-12
4647	9.5957E-12
4648	9.6004E-12
4649	9.5962E-12
4650	9.6364E-12
4651	9.6678E-12
4652	9.7172E-12
4653	9.7759E-12
4654	9.8348E-12
4655	9.8942E-12
4656	9.9447E-12
4657	9.9864E-12
4658	1.0028E-11
4659	1.0042E-11
4660	1.0075E-11
4661	1.008E-11
4662	1.0085E-11
4663	1.0081E-11
4664	1.0076E-11
4665	1.0072E-11
4666	1.0068E-11
4667	1.0063E-11
4668	1.005E-11
4669	1.0009E-11
4670	9.9859E-12
4671	9.9632E-12
4672	9.9406E-12
4673	9.9273E-12
4674	9.9321E-12
4675	9.9462E-12
4676	9.9054E-12
4677	9.8829E-12
4678	9.8243E-12
4679	9.7659E-12
4680	9.708E-12
4681	9.6503E-12
4682	9.6196E-12
4683	9.589E-12
4684	9.576E-12
4685	9.5808E-12
4686	9.6032E-12
4687	9.6256E-12
4688	9.6749E-12
4689	9.7243E-12
4690	9.7651E-12
4691	9.7789E-12
4692	9.7927E-12
4693	9.8157E-12
4694	9.8205E-12
4695	9.8254E-12
4696	9.8212E-12
4697	9.8261E-12
4698	9.8219E-12
4699	9.8267E-12
4700	9.7955E-12
4702	9.7332E-12
4704	9.7249E-12
4706	9.7166E-12
4708	9.6995E-12
4710	9.6823E-12
4712	9.6741E-12
4714	9.6481E-12
4716	9.6577E-12
4718	9.6495E-12
4720	9.6502E-12
4722	9.6509E-12
4724	9.6427E-12
4726	9.6435E-12
4728	9.6531E-12
4730	9.6627E-12
4732	9.6634E-12
4734	9.6642E-12
4736	9.6649E-12
4738	9.6656E-12
4740	9.6574E-12
4742	9.6493E-12
4744	9.6412E-12
4746	9.633E-12
4748	9.6249E-12
4750	9.608E-12
4752	9.5999E-12
4754	9.5918E-12
4756	9.5838E-12
4758	9.5757E-12
4760	9.5765E-12
4762	9.5596E-12
4764	9.5428E-12
4766	9.5348E-12
4768	9.5268E-12
4770	9.5013E-12
4772	9.4759E-12
4774	9.4592E-12
4776	9.4426E-12
4778	9.426E-12
4780	9.4095E-12
4782	9.3929E-12
4784	9.3851E-12
4786	9.36E-12
4788	9.3435E-12
4790	9.3357E-12
4792	9.3194E-12
4794	9.3116E-12
4796	9.3038E-12
4798	9.2961E-12
4800	9.2883E-12
4802	9.2806E-12
4804	9.2729E-12
4806	9.2566E-12
4808	9.2489E-12
4810	9.2328E-12
4812	9.2166E-12
4814	9.1919E-12
4816	9.1758E-12
4818	9.1598E-12
4820	9.1522E-12
4822	9.1362E-12
4824	9.1286E-12
4826	9.1211E-12
4828	9.1219E-12
4830	9.1144E-12
4832	9.1068E-12
4834	9.0993E-12
4836	9.0918E-12
4838	9.0843E-12
4840	9.0767E-12
4842	9.0359E-12
4844	9.0035E-12
4846	8.9547E-12
4848	8.8899E-12
4850	8.8254E-12
4852	8.7534E-12
4854	8.6501E-12
4856	8.5716E-12
4858	8.4782E-12
4860	8.4091E-12
4862	8.3251E-12
4864	8.2877E-12
4866	8.2809E-12
4868	8.2588E-12
4870	8.2901E-12
4872	8.3446E-12
4874	8.4072E-12
4876	8.4702E-12
4878	8.5494E-12
4880	8.6215E-12
4882	8.6861E-12
4884	8.711E-12
4886	8.744E-12
4888	8.7611E-12
4890	8.7539E-12
4892	8.7387E-12
4894	8.7236E-12
4896	8.7084E-12
4898	8.6853E-12
4900	8.6542E-12
4902	8.6312E-12
4904	8.6083E-12
4906	8.5697E-12
4908	8.5548E-12
4910	8.5164E-12
4912	8.4938E-12
4914	8.4557E-12
4916	8.4333E-12
4918	8.3954E-12
4920	8.3655E-12
4922	8.3433E-12
4924	8.3135E-12
4926	8.2991E-12
4928	8.2847E-12
4930	8.278E-12
4932	8.2789E-12
4934	8.2799E-12
4936	8.296E-12
4938	8.3046E-12
4940	8.3208E-12
4942	8.3371E-12
4944	8.338E-12
4946	8.3467E-12
4948	8.3629E-12
4950	8.3639E-12
4952	8.3571E-12
4954	8.3581E-12
4956	8.3514E-12
4958	8.3446E-12
4960	8.3302E-12
4962	8.3158E-12
4964	8.3015E-12
4966	8.2796E-12
4968	8.2653E-12
4970	8.251E-12
4972	8.2444E-12
4974	8.2302E-12
4976	8.216E-12
4978	8.1943E-12
4980	8.1802E-12
4982	8.1661E-12
4984	8.1595E-12
4986	8.1455E-12
4988	8.1389E-12
4990	8.1324E-12
4992	8.1184E-12
4994	8.1119E-12
4996	8.083E-12
4998	8.0617E-12
5000	8.0479E-12
5002	8.034E-12
5004	8.0054E-12
5006	7.9843E-12
5008	7.9633E-12
5010	7.935E-12
5012	7.9213E-12
5014	7.9004E-12
5016	7.8651E-12
5018	7.8516E-12
5020	7.8309E-12
5022	7.8247E-12
5024	7.804E-12
5026	7.7978E-12
5028	7.806E-12
5030	7.7998E-12
5032	7.8008E-12
5034	7.8018E-12
5036	7.7956E-12
5038	7.7894E-12
5040	7.7761E-12
5042	7.7627E-12
5044	7.7423E-12
5046	7.7219E-12
5048	7.7158E-12
5050	7.6955E-12
5052	7.6823E-12
5054	7.6621E-12
5056	7.6561E-12
5058	7.65E-12
5060	7.644E-12
5062	7.6379E-12
5064	7.6319E-12
5066	7.6259E-12
5068	7.6198E-12
5070	7.6138E-12
5072	7.6219E-12
5074	7.6159E-12
5076	7.5958E-12
5078	7.5899E-12
5080	7.5769E-12
5082	7.571E-12
5084	7.558E-12
5086	7.5521E-12
5088	7.5462E-12
5090	7.5402E-12
5092	7.5274E-12
5094	7.5146E-12
5096	7.4948E-12
5098	7.482E-12
5100	7.4693E-12
5102	7.4566E-12
5104	7.4507E-12
5106	7.4449E-12
5108	7.4391E-12
5110	7.4264E-12
5112	7.4206E-12
5114	7.408E-12
5116	7.4022E-12
5118	7.3828E-12
5120	7.377E-12
5122	7.3644E-12
5124	7.3587E-12
5126	7.353E-12
5128	7.3405E-12
5130	7.3348E-12
5132	7.329E-12
5134	7.3166E-12
5136	7.3109E-12
5138	7.3052E-12
5140	7.2928E-12
5142	7.2871E-12
5144	7.2681E-12
5146	7.2624E-12
5148	7.2568E-12
5150	7.2444E-12
5152	7.2388E-12
5154	7.2265E-12
5156	7.2209E-12
5158	7.2087E-12
5160	7.2031E-12
5162	7.1909E-12
5164	7.1788E-12
5166	7.1732E-12
5168	7.161E-12
5170	7.1555E-12
5172	7.1434E-12
5174	7.1379E-12
5176	7.1258E-12
5178	7.1137E-12
5180	7.1082E-12
5182	7.0962E-12
5184	7.0907E-12
5186	7.0787E-12
5188	7.0668E-12
5190	7.0613E-12
5192	7.0494E-12
5194	7.044E-12
5196	7.0321E-12
5198	7.0202E-12
5200	7.0148E-12
5202	7.0029E-12
5204	6.9911E-12
5206	6.9857E-12
5208	6.9739E-12
5210	6.9622E-12
5212	6.9504E-12
5214	6.9451E-12
5216	6.9334E-12
5218	6.9217E-12
5220	6.91E-12
5222	6.9047E-12
5224	6.8994E-12
5226	6.8878E-12
5228	6.8762E-12
5230	6.8709E-12
5232	6.8531E-12
5234	6.8478E-12
5236	6.8363E-12
5238	6.8248E-12
5240	6.8196E-12
5242	6.8081E-12
5244	6.7967E-12
5246	6.779E-12
5248	6.7676E-12
5250	6.7624E-12
5252	6.7573E-12
5254	6.7459E-12
5256	6.7408E-12
5258	6.7357E-12
5260	6.7243E-12
5262	6.7254E-12
5264	6.7203E-12
5266	6.7152E-12
5268	6.7039E-12
5270	6.6988E-12
5272	6.6937E-12
5274	6.6887E-12
5276	6.6774E-12
5278	6.6663E-12
5280	6.649E-12
5282	6.6378E-12
5284	6.6267E-12
5286	6.6155E-12
5288	6.5984E-12
5290	6.5813E-12
5292	6.5642E-12
5294	6.5592E-12
5296	6.5482E-12
5298	6.5373E-12
5300	6.5203E-12
5302	6.5094E-12
5304	6.4985E-12
5306	6.4936E-12
5308	6.4887E-12
5310	6.4838E-12
5312	6.479E-12
5314	6.4741E-12
5316	6.4692E-12
5318	6.4644E-12
5320	6.4595E-12
5322	6.4487E-12
5324	6.4438E-12
5326	6.439E-12
5328	6.4282E-12
5330	6.4234E-12
5332	6.4127E-12
5334	6.3961E-12
5336	6.3854E-12
5338	6.3748E-12
5340	6.37E-12
5342	6.3593E-12
5344	6.3487E-12
5346	6.3323E-12
5348	6.3218E-12
5350	6.3112E-12
5352	6.3007E-12
5354	6.296E-12
5356	6.2855E-12
5358	6.275E-12
5360	6.2703E-12
5362	6.2541E-12
5364	6.2495E-12
5366	6.2391E-12
5368	6.2344E-12
5370	6.2241E-12
5372	6.2194E-12
5374	6.2148E-12
5376	6.2044E-12
5378	6.1998E-12
5380	6.1895E-12
5382	6.1849E-12
5384	6.1689E-12
5386	6.1587E-12
5388	6.1541E-12
5390	6.1439E-12
5392	6.1337E-12
5394	6.1292E-12
5396	6.1133E-12
5398	6.0975E-12
5400	6.0818E-12
5402	6.0661E-12
5404	6.0449E-12
5406	6.0293E-12
5408	6.0193E-12
5410	5.9983E-12
5412	5.9883E-12
5414	5.9784E-12
5416	5.9685E-12
5418	5.9641E-12
5420	5.9597E-12
5422	5.9553E-12
5424	5.9564E-12
5426	5.952E-12
5428	5.9585E-12
5430	5.9652E-12
5432	5.9663E-12
5434	5.9673E-12
5436	5.963E-12
5438	5.9641E-12
5440	5.9652E-12
5442	5.9553E-12
5444	5.9509E-12
5446	5.9466E-12
5448	5.9367E-12
5450	5.9323E-12
5452	5.9226E-12
5454	5.9128E-12
5456	5.8975E-12
5458	5.8878E-12
5460	5.8781E-12
5462	5.8738E-12
5464	5.8641E-12
5466	5.8544E-12
5468	5.8447E-12
5470	5.8297E-12
5472	5.8201E-12
5474	5.8105E-12
5476	5.8062E-12
5478	5.7966E-12
5480	5.7871E-12
5482	5.7722E-12
5484	5.768E-12
5486	5.7585E-12
5488	5.7543E-12
5490	5.7501E-12
5492	5.7406E-12
5494	5.7364E-12
5496	5.727E-12
5498	5.7228E-12
5500	5.7187E-12
5502	5.7093E-12
5504	5.7051E-12
5506	5.6957E-12
5508	5.6916E-12
5510	5.677E-12
5512	5.6729E-12
5514	5.6635E-12
5516	5.6594E-12
5518	5.6501E-12
5520	5.646E-12
5522	5.6419E-12
5524	5.6378E-12
5526	5.6338E-12
5528	5.6245E-12
5530	5.6204E-12
5532	5.6164E-12
5534	5.6123E-12
5536	5.6083E-12
5538	5.5991E-12
5540	5.595E-12
5542	5.5807E-12
5544	5.5715E-12
5546	5.5624E-12
5548	5.5532E-12
5550	5.5441E-12
5552	5.535E-12
5554	5.5209E-12
5556	5.5169E-12
5558	5.5079E-12
5560	5.4988E-12
5562	5.4949E-12
5564	5.4909E-12
5566	5.487E-12
5568	5.478E-12
5570	5.4741E-12
5572	5.4651E-12
5574	5.4612E-12
5576	5.4573E-12
5578	5.4483E-12
5580	5.4444E-12
5582	5.4305E-12
5584	5.4216E-12
5586	5.4128E-12
5588	5.4089E-12
5590	5.4E-12
5592	5.3912E-12
5594	5.3775E-12
5596	5.3687E-12
5598	5.3648E-12
5600	5.3561E-12
5602	5.3522E-12
5604	5.3484E-12
5606	5.3446E-12
5608	5.3408E-12
5610	5.337E-12
5612	5.3282E-12
5614	5.3245E-12
5616	5.3207E-12
5618	5.3169E-12
5620	5.3131E-12
5622	5.3044E-12
5624	5.2958E-12
5626	5.292E-12
5628	5.2785E-12
5630	5.2748E-12
5632	5.2662E-12
5634	5.2624E-12
5636	5.2539E-12
5638	5.2501E-12
5640	5.2416E-12
5642	5.2379E-12
5644	5.2293E-12
5646	5.216E-12
5648	5.2123E-12
5650	5.2039E-12
5652	5.2002E-12
5654	5.1917E-12
5656	5.188E-12
5658	5.1796E-12
5660	5.1759E-12
5662	5.1723E-12
5664	5.1638E-12
5666	5.1554E-12
5668	5.1423E-12
5670	5.1387E-12
5672	5.1304E-12
5674	5.1268E-12
5676	5.1184E-12
5678	5.1148E-12
5680	5.1112E-12
5682	5.1076E-12
5684	5.0993E-12
5686	5.0957E-12
5688	5.0922E-12
5690	5.0839E-12
5692	5.0803E-12
5694	5.0767E-12
5696	5.0732E-12
5698	5.0696E-12
5700	5.0661E-12
5702	5.0625E-12
5704	5.059E-12
5706	5.0507E-12
5708	5.0472E-12
5710	5.0344E-12
5712	5.0263E-12
5714	5.0181E-12
5716	5.0146E-12
5718	5.0065E-12
5720	5.003E-12
5722	4.9949E-12
5724	4.9822E-12
5726	4.9741E-12
5728	4.9661E-12
5730	4.9626E-12
5732	4.9592E-12
5734	4.9511E-12
5736	4.9431E-12
5738	4.9397E-12
5740	4.9317E-12
5742	4.9283E-12
5744	4.9158E-12
5746	4.9124E-12
5748	4.9044E-12
5750	4.901E-12
5752	4.8976E-12
5754	4.8897E-12
5756	4.8863E-12
5758	4.8829E-12
5760	4.875E-12
5762	4.8671E-12
5764	4.8548E-12
5766	4.8514E-12
5768	4.8436E-12
5770	4.8358E-12
5772	4.8325E-12
5774	4.8247E-12
5776	4.8213E-12
5778	4.818E-12
5780	4.8147E-12
5782	4.8069E-12
5784	4.7991E-12
5786	4.787E-12
5788	4.7793E-12
5790	4.7716E-12
5792	4.7639E-12
5794	4.7562E-12
5796	4.7398E-12
5798	4.7322E-12
5800	4.7246E-12
5802	4.717E-12
5804	4.7094E-12
5806	4.7061E-12
5808	4.6943E-12
5810	4.6867E-12
5812	4.6835E-12
5814	4.6803E-12
5816	4.677E-12
5818	4.6738E-12
5820	4.6706E-12
5822	4.6674E-12
5824	4.6599E-12
5826	4.6567E-12
5828	4.6535E-12
5830	4.646E-12
5832	4.6429E-12
5834	4.6354E-12
5836	4.628E-12
5838	4.6248E-12
5840	4.6131E-12
5842	4.61E-12
5844	4.6026E-12
5846	4.5994E-12
5848	4.592E-12
5850	4.5889E-12
5852	4.5815E-12
5854	4.5742E-12
5856	4.5585E-12
5858	4.547E-12
5860	4.523E-12
5862	4.5074E-12
5864	4.4795E-12
5866	4.4477E-12
5868	4.4161E-12
5870	4.3767E-12
5872	4.3416E-12
5874	4.3068E-12
5876	4.2801E-12
5878	4.2615E-12
5880	4.2429E-12
5882	4.2479E-12
5884	4.2528E-12
5886	4.2656E-12
5888	4.2863E-12
5890	4.3111E-12
5892	4.3321E-12
5894	4.3531E-12
5896	4.3743E-12
5898	4.3915E-12
5900	4.4047E-12
5902	4.4098E-12
5904	4.4231E-12
5906	4.4201E-12
5908	4.4212E-12
5910	4.4223E-12
5912	4.4233E-12
5914	4.4204E-12
5916	4.4255E-12
5918	4.4225E-12
5920	4.4195E-12
5922	4.4166E-12
5924	4.4136E-12
5926	4.4106E-12
5928	4.4076E-12
5930	4.3965E-12
5932	4.3895E-12
5934	4.3866E-12
5936	4.3796E-12
5938	4.3726E-12
5940	4.3696E-12
5942	4.3627E-12
5944	4.3598E-12
5946	4.3528E-12
5948	4.3499E-12
5950	4.339E-12
5952	4.336E-12
5954	4.3292E-12
5956	4.3262E-12
5958	4.3233E-12
5960	4.3165E-12
5962	4.3136E-12
5964	4.3067E-12
5966	4.3038E-12
5968	4.297E-12
5970	4.2862E-12
5972	4.2833E-12
5974	4.2765E-12
5976	4.2697E-12
5978	4.2629E-12
5980	4.2601E-12
5982	4.2572E-12
5984	4.2505E-12
5986	4.2476E-12
5988	4.2409E-12
5990	4.2381E-12
5992	4.2352E-12
5994	4.2324E-12
5996	4.2296E-12
5998	4.219E-12
6000	4.2162E-12
6002	4.2134E-12
6004	4.2067E-12
6006	4.2E-12
6008	4.1972E-12
6010	4.1944E-12
6012	4.1878E-12
6014	4.1811E-12
6016	4.1745E-12
6018	4.1717E-12
6020	4.1613E-12
6022	4.1585E-12
6024	4.1519E-12
6026	4.1492E-12
6028	4.1426E-12
6030	4.1399E-12
6032	4.1371E-12
6034	4.1344E-12
6036	4.1316E-12
6038	4.1289E-12
6040	4.1262E-12
6042	4.1234E-12
6044	4.1207E-12
6046	4.1142E-12
6048	4.1115E-12
6050	4.105E-12
6052	4.0947E-12
6054	4.0882E-12
6056	4.0818E-12
6058	4.0753E-12
6060	4.0726E-12
6062	4.0662E-12
6064	4.0598E-12
6066	4.0571E-12
6068	4.047E-12
6070	4.0406E-12
6072	4.0379E-12
6074	4.0315E-12
6076	4.0289E-12
6078	4.0262E-12
6080	4.0236E-12
6082	4.0209E-12
6084	4.0146E-12
6086	4.012E-12
6088	4.0056E-12
6090	3.9956E-12
6092	3.9857E-12
6094	3.9831E-12
6096	3.9804E-12
6098	3.9778E-12
6100	3.9715E-12
6102	3.9689E-12
6104	3.9663E-12
6106	3.9601E-12
6108	3.9575E-12
6110	3.9513E-12
6112	3.9487E-12
6114	3.9389E-12
6116	3.9327E-12
6118	3.9301E-12
6120	3.9275E-12
6122	3.9249E-12
6124	3.9224E-12
6126	3.9198E-12
6128	3.9173E-12
6130	3.9111E-12
6132	3.9085E-12
6134	3.906E-12
6136	3.8999E-12
6138	3.8973E-12
6140	3.8912E-12
6142	3.8851E-12
6144	3.8826E-12
6146	3.8729E-12
6148	3.8668E-12
6150	3.8643E-12
6152	3.8582E-12
6154	3.8557E-12
6156	3.8532E-12
6158	3.8507E-12
6160	3.8447E-12
6162	3.8422E-12
6164	3.8362E-12
6166	3.8266E-12
6168	3.8241E-12
6170	3.8181E-12
6172	3.8121E-12
6174	3.8097E-12
6176	3.8037E-12
6178	3.7977E-12
6180	3.7918E-12
6182	3.7823E-12
6184	3.7764E-12
6186	3.774E-12
6188	3.7681E-12
6190	3.7656E-12
6192	3.7632E-12
6194	3.7608E-12
6196	3.7584E-12
6198	3.7559E-12
6200	3.7535E-12
6202	3.7511E-12
6204	3.7452E-12
6206	3.7428E-12
6208	3.7404E-12
6210	3.7277E-12
6212	3.7218E-12
6214	3.7126E-12
6216	3.7102E-12
6218	3.701E-12
6220	3.6918E-12
6222	3.6827E-12
6224	3.6803E-12
6226	3.6745E-12
6228	3.6688E-12
6230	3.6597E-12
6232	3.6573E-12
6234	3.6516E-12
6236	3.6493E-12
6238	3.6436E-12
6240	3.6413E-12
6242	3.6389E-12
6244	3.6366E-12
6246	3.6343E-12
6248	3.6319E-12
6250	3.6263E-12
6252	3.624E-12
6254	3.6216E-12
6256	3.6193E-12
6258	3.617E-12
6260	3.6147E-12
6262	3.6124E-12
6264	3.6101E-12
6266	3.6078E-12
6268	3.6022E-12
6270	3.5965E-12
6272	3.5876E-12
6274	3.582E-12
6276	3.5765E-12
6278	3.5742E-12
6280	3.5686E-12
6282	3.5631E-12
6284	3.5575E-12
6286	3.5553E-12
6288	3.5465E-12
6290	3.5442E-12
6292	3.5387E-12
6294	3.5332E-12
6296	3.5309E-12
6298	3.5287E-12
6300	3.52E-12
6302	3.5113E-12
6304	3.5058E-12
6306	3.5004E-12
6308	3.4981E-12
6310	3.4927E-12
6312	3.4873E-12
6314	3.4819E-12
6316	3.4732E-12
6318	3.4679E-12
6320	3.4625E-12
6322	3.4603E-12
6324	3.4581E-12
6326	3.4559E-12
6328	3.4537E-12
6330	3.4484E-12
6332	3.4462E-12
6334	3.444E-12
6336	3.4418E-12
6338	3.4365E-12
6340	3.4343E-12
6342	3.4322E-12
6344	3.4237E-12
6346	3.4184E-12
6348	3.4162E-12
6350	3.4109E-12
6352	3.4056E-12
6354	3.4035E-12
6356	3.3982E-12
6358	3.3961E-12
6360	3.3908E-12
6362	3.3825E-12
6364	3.3803E-12
6366	3.3751E-12
6368	3.373E-12
6370	3.3709E-12
6372	3.3687E-12
6374	3.3635E-12
6376	3.3614E-12
6378	3.3593E-12
6380	3.3572E-12
6382	3.3551E-12
6384	3.3499E-12
6386	3.3478E-12
6388	3.3426E-12
6390	3.3344E-12
6392	3.3323E-12
6394	3.3272E-12
6396	3.322E-12
6398	3.3169E-12
6400	3.3148E-12
6402	3.3097E-12
6404	3.3046E-12
6406	3.2964E-12
6408	3.2914E-12
6410	3.2893E-12
6412	3.2842E-12
6414	3.2822E-12
6416	3.2801E-12
6418	3.2781E-12
6420	3.276E-12
6422	3.274E-12
6424	3.272E-12
6426	3.2699E-12
6428	3.2679E-12
6430	3.2659E-12
6432	3.2638E-12
6434	3.2618E-12
6436	3.2598E-12
6438	3.2608E-12
6440	3.2587E-12
6442	3.2567E-12
6444	3.2517E-12
6446	3.2497E-12
6448	3.2476E-12
6450	3.2456E-12
6452	3.2436E-12
6454	3.2416E-12
6456	3.2366E-12
6458	3.2346E-12
6460	3.2326E-12
6462	3.2306E-12
6464	3.2257E-12
6466	3.2237E-12
6468	3.2187E-12
6470	3.2108E-12
6472	3.2059E-12
6474	3.2009E-12
6476	3.1989E-12
6478	3.197E-12
6480	3.1921E-12
6482	3.1872E-12
6484	3.1793E-12
6486	3.1774E-12
6488	3.1725E-12
6490	3.1676E-12
6492	3.1657E-12
6494	3.1608E-12
6496	3.1559E-12
6498	3.1511E-12
6500	3.1405E-12
6502	3.1356E-12
6504	3.128E-12
6506	3.1174E-12
6508	3.1097E-12
6510	3.0964E-12
6512	3.0888E-12
6514	3.0784E-12
6516	3.0652E-12
6518	3.0577E-12
6520	3.0446E-12
6522	3.0371E-12
6524	3.0241E-12
6526	3.0167E-12
6528	3.0065E-12
6530	3.0019E-12
6532	2.9945E-12
6534	2.9927E-12
6536	2.9881E-12
6538	2.9835E-12
6540	2.9762E-12
6542	2.9689E-12
6544	2.9617E-12
6546	2.949E-12
6548	2.9336E-12
6550	2.9184E-12
6552	2.9032E-12
6554	2.8748E-12
6556	2.852E-12
6558	2.8293E-12
6560	2.8068E-12
6562	2.7819E-12
6564	2.7624E-12
6566	2.7556E-12
6568	2.7539E-12
6570	2.7497E-12
6572	2.7582E-12
6574	2.7769E-12
6576	2.788E-12
6578	2.8095E-12
6580	2.8286E-12
6582	2.8452E-12
6584	2.8618E-12
6586	2.8733E-12
6588	2.8848E-12
6590	2.891E-12
6592	2.8946E-12
6594	2.9035E-12
6596	2.9044E-12
6598	2.908E-12
6600	2.9143E-12
6602	2.9152E-12
6604	2.9188E-12
6606	2.9251E-12
6608	2.926E-12
6610	2.9297E-12
6612	2.936E-12
6614	2.9369E-12
6616	2.9379E-12
6618	2.9361E-12
6620	2.9343E-12
6622	2.9325E-12
6624	2.9308E-12
6626	2.929E-12
6628	2.9272E-12
6630	2.9255E-12
6632	2.9237E-12
6634	2.9219E-12
6636	2.9175E-12
6638	2.9157E-12
6640	2.9113E-12
6642	2.9095E-12
6644	2.9024E-12
6646	2.9007E-12
6648	2.8963E-12
6650	2.8945E-12
6652	2.8901E-12
6654	2.8857E-12
6656	2.884E-12
6658	2.877E-12
6660	2.8673E-12
6662	2.8629E-12
6664	2.8481E-12
6666	2.8411E-12
6668	2.8264E-12
6670	2.8143E-12
6672	2.7971E-12
6674	2.7826E-12
6676	2.7681E-12
6678	2.7538E-12
6680	2.7445E-12
6682	2.7404E-12
6684	2.7362E-12
6686	2.7295E-12
6688	2.738E-12
6690	2.7414E-12
6692	2.7499E-12
6694	2.7609E-12
6696	2.7669E-12
6698	2.7806E-12
6700	2.784E-12
6702	2.7952E-12
6704	2.7987E-12
6706	2.8047E-12
6708	2.8056E-12
6710	2.8066E-12
6712	2.8049E-12
6714	2.8032E-12
6716	2.8016E-12
6718	2.7973E-12
6720	2.7956E-12
6722	2.7914E-12
6724	2.7872E-12
6726	2.7804E-12
6728	2.7762E-12
6730	2.772E-12
6732	2.7703E-12
6734	2.7687E-12
6736	2.767E-12
6738	2.7654E-12
6740	2.7638E-12
6742	2.7621E-12
6744	2.7605E-12
6746	2.7589E-12
6748	2.7572E-12
6750	2.7556E-12
6752	2.7539E-12
6754	2.7498E-12
6756	2.7456E-12
6758	2.7415E-12
6760	2.7399E-12
6762	2.7332E-12
6764	2.7291E-12
6766	2.7275E-12
6768	2.7233E-12
6770	2.7217E-12
6772	2.7201E-12
6774	2.7185E-12
6776	2.7169E-12
6778	2.7153E-12
6780	2.7137E-12
6782	2.7121E-12
6784	2.7105E-12
6786	2.7089E-12
6788	2.7048E-12
6790	2.7007E-12
6792	2.6991E-12
6794	2.6926E-12
6796	2.6885E-12
6798	2.6845E-12
6800	2.6829E-12
6802	2.6813E-12
6804	2.6773E-12
6806	2.6732E-12
6808	2.6717E-12
6810	2.6676E-12
6812	2.6661E-12
6814	2.6596E-12
6816	2.658E-12
6818	2.654E-12
6820	2.6525E-12
6822	2.6485E-12
6824	2.6469E-12
6826	2.6454E-12
6828	2.6438E-12
6830	2.6399E-12
6832	2.6383E-12
6834	2.6343E-12
6836	2.6328E-12
6838	2.6264E-12
6840	2.6249E-12
6842	2.6209E-12
6844	2.6194E-12
6846	2.6203E-12
6848	2.6187E-12
6850	2.6172E-12
6852	2.6133E-12
6854	2.6118E-12
6856	2.6102E-12
6858	2.6063E-12
6860	2.6048E-12
6862	2.6033E-12
6864	2.5994E-12
6866	2.5978E-12
6868	2.5939E-12
6870	2.5924E-12
6872	2.5909E-12
6874	2.587E-12
6876	2.5855E-12
6878	2.584E-12
6880	2.5801E-12
6882	2.5786E-12
6884	2.5748E-12
6886	2.5733E-12
6888	2.5718E-12
6890	2.5679E-12
6892	2.5664E-12
6894	2.5626E-12
6896	2.5611E-12
6898	2.5573E-12
6900	2.5558E-12
6902	2.5543E-12
6904	2.5505E-12
6906	2.549E-12
6908	2.5452E-12
6910	2.5437E-12
6912	2.5399E-12
6914	2.5384E-12
6916	2.5346E-12
6918	2.5331E-12
6920	2.5293E-12
6922	2.5279E-12
6924	2.5264E-12
6926	2.5226E-12
6928	2.5212E-12
6930	2.5174E-12
6932	2.516E-12
6934	2.5122E-12
6936	2.5107E-12
6938	2.507E-12
6940	2.5055E-12
6942	2.5018E-12
6944	2.498E-12
6946	2.4966E-12
6948	2.4929E-12
6950	2.4914E-12
6952	2.49E-12
6954	2.4886E-12
6956	2.4871E-12
6958	2.4834E-12
6960	2.4797E-12
6962	2.4783E-12
6964	2.4746E-12
6966	2.4686E-12
6968	2.4649E-12
6970	2.4612E-12
6972	2.4598E-12
6974	2.4584E-12
6976	2.4547E-12
6978	2.4511E-12
6980	2.4452E-12
6982	2.4438E-12
6984	2.4401E-12
6986	2.4387E-12
6988	2.4373E-12
6990	2.4337E-12
6992	2.4345E-12
6994	2.4332E-12
6996	2.4318E-12
6998	2.4304E-12
7000	2.4312E-12
7002	2.4298E-12
7004	2.4284E-12
7006	2.4315E-12
7008	2.4301E-12
7010	2.4288E-12
7012	2.4274E-12
7014	2.426E-12
7016	2.4201E-12
7018	2.4188E-12
7020	2.4152E-12
7022	2.4116E-12
7024	2.408E-12
7026	2.4044E-12
7028	2.4008E-12
7030	2.395E-12
7032	2.3892E-12
7034	2.3879E-12
7036	2.3843E-12
7038	2.3764E-12
7040	2.3729E-12
7042	2.3693E-12
7044	2.3658E-12
7046	2.3623E-12
7048	2.3523E-12
7050	2.3488E-12
7052	2.341E-12
7054	2.331E-12
7056	2.3254E-12
7058	2.3156E-12
7060	2.3079E-12
7062	2.2981E-12
7064	2.2925E-12
7066	2.2849E-12
7068	2.2794E-12
7070	2.2781E-12
7072	2.279E-12
7074	2.2798E-12
7076	2.2848E-12
7078	2.2877E-12
7080	2.2906E-12
7082	2.2978E-12
7084	2.2986E-12
7086	2.3015E-12
7088	2.3045E-12
7090	2.3053E-12
7092	2.3061E-12
7094	2.3048E-12
7096	2.3035E-12
7098	2.3022E-12
7100	2.3009E-12
7102	2.2975E-12
7104	2.2962E-12
7106	2.2949E-12
7108	2.2958E-12
7110	2.2945E-12
7112	2.2932E-12
7114	2.2919E-12
7116	2.2906E-12
7118	2.2893E-12
7120	2.288E-12
7122	2.2867E-12
7124	2.2855E-12
7126	2.2821E-12
7128	2.2808E-12
7130	2.2774E-12
7132	2.2719E-12
7134	2.2686E-12
7136	2.2652E-12
7138	2.264E-12
7140	2.2585E-12
7142	2.2552E-12
7144	2.2498E-12
7146	2.2464E-12
7148	2.2431E-12
7150	2.2398E-12
7152	2.2365E-12
7154	2.2311E-12
7156	2.2278E-12
7158	2.2245E-12
7160	2.2212E-12
7162	2.22E-12
7164	2.2167E-12
7166	2.2155E-12
7168	2.2142E-12
7170	2.211E-12
7172	2.2097E-12
7174	2.2085E-12
7176	2.2073E-12
7178	2.206E-12
7180	2.2048E-12
7182	2.2056E-12
7184	2.2044E-12
7186	2.2052E-12
7188	2.204E-12
7190	2.2048E-12
7192	2.2056E-12
7194	2.2064E-12
7196	2.2052E-12
7198	2.2039E-12
7200	2.2027E-12
7202	2.2015E-12
7204	2.1982E-12
7206	2.197E-12
7208	2.1938E-12
7210	2.1926E-12
7212	2.1893E-12
7214	2.1881E-12
7216	2.1869E-12
7218	2.1837E-12
7220	2.1825E-12
7222	2.1792E-12
7224	2.178E-12
7226	2.1728E-12
7228	2.1716E-12
7230	2.1684E-12
7232	2.1672E-12
7234	2.164E-12
7236	2.1628E-12
7238	2.1616E-12
7240	2.1604E-12
7242	2.1593E-12
7244	2.1581E-12
7246	2.1569E-12
7248	2.1557E-12
7250	2.1545E-12
7252	2.1533E-12
7254	2.1501E-12
7256	2.1489E-12
7258	2.1458E-12
7260	2.1446E-12
7262	2.1395E-12
7264	2.1344E-12
7266	2.1312E-12
7268	2.1261E-12
7270	2.1191E-12
7272	2.1121E-12
7274	2.1032E-12
7276	2.0981E-12
7278	2.0893E-12
7280	2.0843E-12
7282	2.0793E-12
7284	2.0743E-12
7286	2.0694E-12
7288	2.0683E-12
7290	2.0671E-12
7292	2.0679E-12
7294	2.0687E-12
7296	2.0713E-12
7298	2.0721E-12
7300	2.0748E-12
7302	2.0737E-12
7304	2.0744E-12
7306	2.0752E-12
7308	2.0741E-12
7310	2.0768E-12
7312	2.0775E-12
7314	2.0764E-12
7316	2.0772E-12
7318	2.076E-12
7320	2.0749E-12
7322	2.0738E-12
7324	2.0707E-12
7326	2.0696E-12
7328	2.0666E-12
7330	2.0616E-12
7332	2.0586E-12
7334	2.0556E-12
7336	2.0545E-12
7338	2.0496E-12
7340	2.0466E-12
7342	2.0417E-12
7344	2.0387E-12
7346	2.0357E-12
7348	2.0346E-12
7350	2.0335E-12
7352	2.0305E-12
7354	2.0294E-12
7356	2.0265E-12
7358	2.0254E-12
7360	2.0205E-12
7362	2.0194E-12
7364	2.0183E-12
7366	2.0154E-12
7368	2.0161E-12
7370	2.015E-12
7372	2.014E-12
7374	2.0166E-12
7376	2.0155E-12
7378	2.0162E-12
7380	2.0152E-12
7382	2.0141E-12
7384	2.013E-12
7386	2.0119E-12
7388	2.0089E-12
7390	2.0079E-12
7392	2.0031E-12
7394	1.9983E-12
7396	1.9954E-12
7398	1.9943E-12
7400	1.9896E-12
7402	1.9848E-12
7404	1.9819E-12
7406	1.979E-12
7408	1.978E-12
7410	1.9769E-12
7412	1.974E-12
7414	1.9711E-12
7416	1.9701E-12
7418	1.9654E-12
7420	1.9643E-12
7422	1.9633E-12
7424	1.9622E-12
7426	1.9611E-12
7428	1.9601E-12
7430	1.959E-12
7432	1.958E-12
7434	1.9569E-12
7436	1.9541E-12
7438	1.953E-12
7440	1.9502E-12
7442	1.9491E-12
7444	1.9463E-12
7446	1.9452E-12
7448	1.9424E-12
7450	1.9414E-12
7452	1.9385E-12
7454	1.9339E-12
7456	1.9311E-12
7458	1.9301E-12
7460	1.9273E-12
7462	1.9262E-12
7464	1.9252E-12
7466	1.9224E-12
7468	1.9214E-12
7470	1.9186E-12
7472	1.9175E-12
7474	1.9148E-12
7476	1.9137E-12
7478	1.9092E-12
7480	1.9082E-12
7482	1.9054E-12
7484	1.9044E-12
7486	1.9034E-12
7488	1.9006E-12
7490	1.8996E-12
7492	1.8986E-12
7494	1.8975E-12
7496	1.8948E-12
7498	1.8938E-12
7500	1.891E-12
7502	1.89E-12
7504	1.889E-12
7506	1.8845E-12
7508	1.8835E-12
7510	1.8825E-12
7512	1.8798E-12
7514	1.8788E-12
7516	1.8761E-12
7518	1.8751E-12
7520	1.8723E-12
7522	1.8713E-12
7524	1.8703E-12
7526	1.8659E-12
7528	1.8615E-12
7530	1.8588E-12
7532	1.8578E-12
7534	1.8568E-12
7536	1.8558E-12
7538	1.8531E-12
7540	1.8522E-12
7542	1.8512E-12
7544	1.8502E-12
7546	1.8475E-12
7548	1.8465E-12
7550	1.8405E-12
7552	1.8395E-12
7554	1.8368E-12
7556	1.8358E-12
7558	1.8332E-12
7560	1.8305E-12
7562	1.8296E-12
7564	1.8269E-12
7566	1.8259E-12
7568	1.8233E-12
7570	1.8207E-12
7572	1.8197E-12
7574	1.8171E-12
7576	1.8161E-12
7578	1.8135E-12
7580	1.8125E-12
7582	1.8099E-12
7584	1.8073E-12
7586	1.8063E-12
7588	1.8037E-12
7590	1.8028E-12
7592	1.8001E-12
7594	1.7992E-12
7596	1.7966E-12
7598	1.7957E-12
7600	1.7931E-12
7602	1.7921E-12
7604	1.7895E-12
7606	1.7886E-12
7608	1.786E-12
7610	1.7851E-12
7612	1.7825E-12
7614	1.7815E-12
7616	1.779E-12
7618	1.778E-12
7620	1.7755E-12
7622	1.7745E-12
7624	1.7736E-12
7626	1.771E-12
7628	1.7701E-12
7630	1.7676E-12
7632	1.7666E-12
7634	1.7641E-12
7636	1.7632E-12
7638	1.7622E-12
7640	1.7597E-12
7642	1.7588E-12
7644	1.7578E-12
7646	1.7553E-12
7648	1.7544E-12
7650	1.7518E-12
7652	1.7509E-12
7654	1.75E-12
7656	1.7475E-12
7658	1.7466E-12
7660	1.7457E-12
7662	1.7432E-12
7664	1.7422E-12
7666	1.7413E-12
7668	1.7388E-12
7670	1.7379E-12
7672	1.737E-12
7674	1.7345E-12
7676	1.7336E-12
7678	1.7327E-12
7680	1.7302E-12
7682	1.7293E-12
7684	1.7284E-12
7686	1.7275E-12
7688	1.725E-12
7690	1.7241E-12
7692	1.7201E-12
7694	1.7192E-12
7696	1.7183E-12
7698	1.7174E-12
7700	1.7165E-12
7702	1.7156E-12
7704	1.7147E-12
7706	1.7138E-12
7708	1.7129E-12
7710	1.712E-12
7712	1.7111E-12
7714	1.7103E-12
7716	1.7078E-12
7718	1.7069E-12
7720	1.7045E-12
7722	1.7036E-12
7724	1.7011E-12
7726	1.7002E-12
7728	1.6978E-12
7730	1.6954E-12
7732	1.6945E-12
7734	1.6905E-12
7736	1.6881E-12
7738	1.6872E-12
7740	1.6863E-12
7742	1.6839E-12
7744	1.683E-12
7746	1.6822E-12
7748	1.6813E-12
7750	1.6804E-12
7752	1.6796E-12
7754	1.6787E-12
7756	1.6778E-12
7758	1.677E-12
7760	1.6761E-12
7762	1.6737E-12
7764	1.6713E-12
7766	1.6704E-12
7768	1.6665E-12
7770	1.6656E-12
7772	1.6632E-12
7774	1.6624E-12
7776	1.6615E-12
7778	1.6591E-12
7780	1.6583E-12
7782	1.6574E-12
7784	1.6551E-12
7786	1.6542E-12
7788	1.6534E-12
7790	1.6525E-12
7792	1.6517E-12
7794	1.6493E-12
7796	1.6469E-12
7798	1.6431E-12
7800	1.6422E-12
7802	1.6399E-12
7804	1.6375E-12
7806	1.6367E-12
7808	1.6343E-12
7810	1.632E-12
7812	1.6297E-12
7814	1.6258E-12
7816	1.6235E-12
7818	1.6212E-12
7820	1.6203E-12
7822	1.6195E-12
7824	1.6187E-12
7826	1.6179E-12
7828	1.6155E-12
7830	1.6147E-12
7832	1.6124E-12
7834	1.6116E-12
7836	1.6108E-12
7838	1.607E-12
7840	1.6062E-12
7842	1.6053E-12
7844	1.6045E-12
7846	1.6037E-12
7848	1.6014E-12
7850	1.6006E-12
7852	1.5998E-12
7854	1.599E-12
7856	1.5967E-12
7858	1.5959E-12
7860	1.5951E-12
7862	1.5942E-12
7864	1.5934E-12
7866	1.5926E-12
7868	1.5918E-12
7870	1.591E-12
7872	1.5887E-12
7874	1.5879E-12
7876	1.5871E-12
7878	1.5849E-12
7880	1.5841E-12
7882	1.5818E-12
7884	1.5781E-12
7886	1.5773E-12
7888	1.575E-12
7890	1.5728E-12
7892	1.572E-12
7894	1.5712E-12
7896	1.5689E-12
7898	1.5667E-12
7900	1.5659E-12
7902	1.5622E-12
7904	1.5614E-12
7906	1.5607E-12
7908	1.5599E-12
7910	1.5576E-12
7912	1.5569E-12
7914	1.5561E-12
7916	1.5553E-12
7918	1.5531E-12
7920	1.5523E-12
7922	1.5515E-12
7924	1.5507E-12
7926	1.5485E-12
7928	1.5477E-12
7930	1.5469E-12
7932	1.5462E-12
7934	1.5454E-12
7936	1.5446E-12
7938	1.5438E-12
7940	1.5431E-12
7942	1.5423E-12
7944	1.5415E-12
7946	1.5407E-12
7948	1.5385E-12
7950	1.5378E-12
7952	1.5356E-12
7954	1.5348E-12
7956	1.5312E-12
7958	1.529E-12
7960	1.5282E-12
7962	1.5261E-12
7964	1.5253E-12
7966	1.5245E-12
7968	1.5224E-12
7970	1.5202E-12
7972	1.5166E-12
7974	1.5159E-12
7976	1.5137E-12
7978	1.5116E-12
7980	1.5108E-12
7982	1.5087E-12
7984	1.5079E-12
7986	1.5072E-12
7988	1.505E-12
7990	1.5043E-12
7992	1.5021E-12
7994	1.5014E-12
7996	1.5006E-12
7998	1.4971E-12
8000	1.4964E-12
8002	1.4956E-12
8004	1.4949E-12
8006	1.4941E-12
8008	1.4934E-12
8010	1.4926E-12
8012	1.4919E-12
8014	1.4912E-12
8016	1.489E-12
8018	1.4883E-12
8020	1.4862E-12
8022	1.4854E-12
8024	1.4847E-12
8026	1.4826E-12
8028	1.4805E-12
8030	1.4798E-12
8032	1.4777E-12
8034	1.4742E-12
8036	1.4735E-12
8038	1.4714E-12
8040	1.4693E-12
8042	1.4686E-12
8044	1.4678E-12
8046	1.4671E-12
8048	1.4664E-12
8050	1.4643E-12
8052	1.4636E-12
8054	1.4628E-12
8056	1.4621E-12
8058	1.4614E-12
8060	1.4593E-12
8062	1.4586E-12
8064	1.4579E-12
8066	1.4545E-12
8068	1.4538E-12
8070	1.453E-12
8072	1.4523E-12
8074	1.4516E-12
8076	1.4509E-12
8078	1.4488E-12
8080	1.4481E-12
8082	1.4474E-12
8084	1.4467E-12
8086	1.446E-12
8088	1.4439E-12
8090	1.4432E-12
8092	1.4425E-12
8094	1.4404E-12
8096	1.4397E-12
8098	1.439E-12
8100	1.4383E-12
8102	1.4376E-12
8104	1.4369E-12
8106	1.4362E-12
8108	1.4355E-12
8110	1.4334E-12
8112	1.4327E-12
8114	1.432E-12
8116	1.4313E-12
8118	1.4293E-12
8120	1.4286E-12
8122	1.4253E-12
8124	1.4246E-12
8126	1.4239E-12
8128	1.4218E-12
8130	1.4211E-12
8132	1.4204E-12
8134	1.4197E-12
8136	1.4204E-12
8138	1.4197E-12
8140	1.419E-12
8142	1.4209E-12
8144	1.4202E-12
8146	1.4195E-12
8148	1.4188E-12
8150	1.4181E-12
8152	1.4174E-12
8154	1.4167E-12
8156	1.416E-12
8158	1.4127E-12
8160	1.412E-12
8162	1.41E-12
8164	1.408E-12
8166	1.4074E-12
8168	1.4067E-12
8170	1.4047E-12
8172	1.4027E-12
8174	1.402E-12
8176	1.3987E-12
8178	1.3981E-12
8180	1.3961E-12
8182	1.3954E-12
8184	1.3934E-12
8186	1.3915E-12
8188	1.3908E-12
8190	1.3901E-12
8192	1.3894E-12
8194	1.3875E-12
8196	1.3868E-12
8198	1.3849E-12
8200	1.3842E-12
8202	1.381E-12
8204	1.3803E-12
8206	1.3796E-12
8208	1.3789E-12
8210	1.3783E-12
8212	1.3801E-12
8214	1.3795E-12
8216	1.3788E-12
8218	1.3794E-12
8220	1.3749E-12
8222	1.373E-12
8224	1.3711E-12
8226	1.3679E-12
8228	1.3634E-12
8230	1.3603E-12
8232	1.3596E-12
8234	1.3577E-12
8236	1.3558E-12
8238	1.3551E-12
8240	1.3557E-12
8242	1.3563E-12
8244	1.3556E-12
8246	1.355E-12
8248	1.3543E-12
8250	1.3537E-12
8252	1.353E-12
8254	1.3511E-12
8256	1.3492E-12
8258	1.3461E-12
8260	1.3442E-12
8262	1.3423E-12
8264	1.3417E-12
8266	1.341E-12
8268	1.3404E-12
8270	1.3397E-12
8272	1.3403E-12
8274	1.3384E-12
8276	1.3378E-12
8278	1.3371E-12
8280	1.3365E-12
8282	1.3346E-12
8284	1.3327E-12
8286	1.3321E-12
8288	1.3314E-12
8290	1.3296E-12
8292	1.3289E-12
8294	1.3258E-12
8296	1.324E-12
8298	1.3233E-12
8300	1.3227E-12
8302	1.3209E-12
8304	1.3202E-12
8306	1.3196E-12
8308	1.319E-12
8310	1.3183E-12
8312	1.3177E-12
8314	1.317E-12
8316	1.3164E-12
8318	1.3158E-12
8320	1.3152E-12
8322	1.3133E-12
8324	1.3127E-12
8326	1.3108E-12
8328	1.3078E-12
8330	1.3072E-12
8332	1.3053E-12
8334	1.3035E-12
8336	1.3017E-12
8338	1.2999E-12
8340	1.2957E-12
8342	1.2938E-12
8344	1.292E-12
8346	1.2914E-12
8348	1.2908E-12
8350	1.289E-12
8352	1.2872E-12
8354	1.2842E-12
8356	1.2824E-12
8358	1.2806E-12
8360	1.2788E-12
8362	1.2782E-12
8364	1.2764E-12
8366	1.2758E-12
8368	1.2764E-12
8370	1.2758E-12
8372	1.2752E-12
8374	1.2745E-12
8376	1.2739E-12
8378	1.2733E-12
8380	1.2727E-12
8382	1.2709E-12
8384	1.2703E-12
8386	1.2686E-12
8388	1.268E-12
8390	1.265E-12
8392	1.2644E-12
8394	1.2626E-12
8396	1.2609E-12
8398	1.2603E-12
8400	1.2597E-12
8402	1.2591E-12
8404	1.2573E-12
8406	1.2567E-12
8408	1.2561E-12
8410	1.2555E-12
8412	1.2549E-12
8414	1.2543E-12
8416	1.2537E-12
8418	1.252E-12
8420	1.2514E-12
8422	1.2497E-12
8424	1.2468E-12
8426	1.2462E-12
8428	1.2444E-12
8430	1.2427E-12
8432	1.2421E-12
8434	1.2415E-12
8436	1.2409E-12
8438	1.2392E-12
8440	1.2375E-12
8442	1.2369E-12
8444	1.234E-12
8446	1.2334E-12
8448	1.2317E-12
8450	1.2311E-12
8452	1.2294E-12
8454	1.2288E-12
8456	1.2283E-12
8458	1.2277E-12
8460	1.2271E-12
8462	1.2265E-12
8464	1.2259E-12
8466	1.2254E-12
8468	1.2259E-12
8470	1.2253E-12
8472	1.2248E-12
8474	1.2253E-12
8476	1.2247E-12
8478	1.2241E-12
8480	1.2236E-12
8482	1.2219E-12
8484	1.2213E-12
8486	1.2207E-12
8488	1.2201E-12
8490	1.2196E-12
8492	1.219E-12
8494	1.2173E-12
8496	1.2167E-12
8498	1.2161E-12
8500	1.2156E-12
8502	1.2139E-12
8504	1.2133E-12
8506	1.2116E-12
8508	1.2099E-12
8510	1.2094E-12
8512	1.2088E-12
8514	1.2082E-12
8516	1.2088E-12
8518	1.2093E-12
8520	1.2099E-12
8522	1.2093E-12
8524	1.211E-12
8526	1.2126E-12
8528	1.2143E-12
8530	1.2148E-12
8532	1.2154E-12
8534	1.2182E-12
8536	1.2187E-12
8538	1.2182E-12
8540	1.2176E-12
8542	1.2159E-12
8544	1.2142E-12
8546	1.2103E-12
8548	1.2086E-12
8550	1.2058E-12
8552	1.2019E-12
8554	1.1992E-12
8556	1.1964E-12
8558	1.1925E-12
8560	1.1909E-12
8562	1.1881E-12
8564	1.1843E-12
8566	1.1827E-12
8568	1.181E-12
8570	1.1805E-12
8572	1.1778E-12
8574	1.175E-12
8576	1.1734E-12
8578	1.1718E-12
8580	1.1691E-12
8582	1.1653E-12
8584	1.1637E-12
8586	1.1621E-12
8588	1.1594E-12
8590	1.1567E-12
8592	1.1551E-12
8594	1.1535E-12
8596	1.153E-12
8598	1.1525E-12
8600	1.1519E-12
8602	1.1514E-12
8604	1.1509E-12
8606	1.1514E-12
8608	1.1519E-12
8610	1.1546E-12
8612	1.1551E-12
8614	1.1545E-12
8616	1.1561E-12
8618	1.1567E-12
8620	1.1583E-12
8622	1.1588E-12
8624	1.1593E-12
8626	1.1588E-12
8628	1.1582E-12
8630	1.1577E-12
8632	1.1572E-12
8634	1.1566E-12
8636	1.1561E-12
8638	1.1556E-12
8640	1.155E-12
8642	1.1534E-12
8644	1.1529E-12
8646	1.1524E-12
8648	1.1508E-12
8650	1.1502E-12
8652	1.1476E-12
8654	1.146E-12
8656	1.1444E-12
8658	1.1428E-12
8660	1.1423E-12
8662	1.1407E-12
8664	1.1392E-12
8666	1.1355E-12
8668	1.1339E-12
8670	1.1334E-12
8672	1.1329E-12
8674	1.1313E-12
8676	1.1308E-12
8678	1.1313E-12
8680	1.1308E-12
8682	1.1303E-12
8684	1.1308E-12
8686	1.1313E-12
8688	1.1329E-12
8690	1.1334E-12
8692	1.1339E-12
8694	1.1334E-12
8696	1.1329E-12
8698	1.1324E-12
8700	1.1318E-12
8702	1.1313E-12
8704	1.1308E-12
8706	1.1303E-12
8708	1.1298E-12
8710	1.1292E-12
8712	1.1277E-12
8714	1.1261E-12
8716	1.1235E-12
8718	1.121E-12
8720	1.1194E-12
8722	1.1148E-12
8724	1.1122E-12
8726	1.1097E-12
8728	1.1051E-12
8730	1.1025E-12
8732	1.098E-12
8734	1.0944E-12
8736	1.0899E-12
8738	1.0884E-12
8740	1.0839E-12
8742	1.0814E-12
8744	1.0799E-12
8746	1.0785E-12
8748	1.075E-12
8750	1.0735E-12
8752	1.072E-12
8754	1.0715E-12
8756	1.0711E-12
8758	1.0715E-12
8760	1.072E-12
8762	1.0735E-12
8764	1.074E-12
8766	1.0745E-12
8768	1.075E-12
8770	1.0765E-12
8772	1.078E-12
8774	1.0795E-12
8776	1.08E-12
8778	1.0805E-12
8780	1.083E-12
8782	1.0835E-12
8784	1.084E-12
8786	1.0845E-12
8788	1.085E-12
8790	1.0865E-12
8792	1.087E-12
8794	1.0875E-12
8796	1.0871E-12
8798	1.0866E-12
8800	1.0861E-12
8802	1.0856E-12
8804	1.0851E-12
8806	1.0846E-12
8808	1.0841E-12
8810	1.0836E-12
8812	1.0831E-12
8814	1.0826E-12
8816	1.0811E-12
8818	1.0796E-12
8820	1.0772E-12
8822	1.0757E-12
8824	1.0742E-12
8826	1.0727E-12
8828	1.0713E-12
8830	1.0688E-12
8832	1.0664E-12
8834	1.0649E-12
8836	1.0634E-12
8838	1.062E-12
8840	1.0576E-12
8842	1.0552E-12
8844	1.0518E-12
8846	1.0484E-12
8848	1.0431E-12
8850	1.0398E-12
8852	1.0355E-12
8854	1.0312E-12
8856	1.0279E-12
8858	1.0255E-12
8860	1.0232E-12
8862	1.0208E-12
8864	1.0204E-12
8866	1.0209E-12
8868	1.0213E-12
8870	1.0237E-12
8872	1.0251E-12
8874	1.0266E-12
8876	1.0299E-12
8878	1.0313E-12
8880	1.0356E-12
8882	1.037E-12
8884	1.0404E-12
8886	1.0419E-12
8888	1.0452E-12
8890	1.0457E-12
8892	1.0472E-12
8894	1.0486E-12
8896	1.0491E-12
8898	1.0496E-12
8900	1.0492E-12
8902	1.0468E-12
8904	1.0444E-12
8906	1.042E-12
8908	1.0405E-12
8910	1.0382E-12
8912	1.0348E-12
8914	1.0334E-12
8916	1.0311E-12
8918	1.0277E-12
8920	1.0263E-12
8922	1.0249E-12
8924	1.0226E-12
8926	1.0202E-12
8928	1.0189E-12
8930	1.0175E-12
8932	1.0161E-12
8934	1.0147E-12
8936	1.0124E-12
8938	1.011E-12
8940	1.0087E-12
8942	1.0082E-12
8944	1.0068E-12
8946	1.0055E-12
8948	1.0022E-12
8950	1.0009E-12
8952	1.0004E-12
8954	9.9905E-13
8956	9.9769E-13
8958	9.9724E-13
8960	9.9496E-13
8962	9.936E-13
8964	9.9224E-13
8966	9.918E-13
8968	9.9044E-13
8970	9.9E-13
8972	9.8956E-13
8974	9.8821E-13
8976	9.8686E-13
8978	9.846E-13
8980	9.8326E-13
8982	9.8192E-13
8984	9.7967E-13
8986	9.7564E-13
8988	9.7341E-13
8990	9.685E-13
8992	9.6629E-13
8994	9.6231E-13
8996	9.6011E-13
8998	9.5615E-13
9000	9.5397E-13
9002	9.5004E-13
9004	9.47E-13
9006	9.4223E-13
9008	9.4008E-13
9010	9.362E-13
9012	9.3407E-13
9014	9.3021E-13
9016	9.298E-13
9018	9.2939E-13
9020	9.2813E-13
9022	9.2857E-13
9024	9.2816E-13
9026	9.2946E-13
9028	9.299E-13
9030	9.2949E-13
9032	9.2994E-13
9034	9.3038E-13
9036	9.2997E-13
9038	9.3041E-13
9040	9.3086E-13
9042	9.3045E-13
9044	9.3175E-13
9046	9.3134E-13
9048	9.3178E-13
9050	9.3223E-13
9052	9.3268E-13
9054	9.3398E-13
9056	9.3529E-13
9058	9.3661E-13
9060	9.3705E-13
9062	9.375E-13
9064	9.3968E-13
9066	9.4013E-13
9068	9.4059E-13
9070	9.4103E-13
9072	9.4149E-13
9074	9.4281E-13
9076	9.4326E-13
9078	9.4371E-13
9080	9.4417E-13
9082	9.4462E-13
9084	9.4595E-13
9086	9.4727E-13
9088	9.4773E-13
9090	9.4731E-13
9092	9.4864E-13
9094	9.4997E-13
9096	9.4955E-13
9098	9.4914E-13
9100	9.4959E-13
9102	9.483E-13
9104	9.4614E-13
9106	9.4572E-13
9108	9.4531E-13
9110	9.4489E-13
9112	9.4622E-13
9114	9.4668E-13
9116	9.4713E-13
9118	9.4672E-13
9120	9.463E-13
9122	9.4676E-13
9124	9.4635E-13
9126	9.468E-13
9128	9.4814E-13
9130	9.4772E-13
9132	9.4818E-13
9134	9.4864E-13
9136	9.4909E-13
9138	9.4868E-13
9140	9.4826E-13
9142	9.4872E-13
9144	9.4918E-13
9146	9.5051E-13
9148	9.501E-13
9150	9.4968E-13
9152	9.4927E-13
9154	9.4885E-13
9156	9.4931E-13
9158	9.489E-13
9160	9.4936E-13
9162	9.4982E-13
9164	9.5115E-13
9166	9.5337E-13
9168	9.5295E-13
9170	9.5254E-13
9172	9.5212E-13
9174	9.5083E-13
9176	9.4867E-13
9178	9.4738E-13
9180	9.4609E-13
9182	9.4481E-13
9184	9.444E-13
9186	9.4312E-13
9188	9.4271E-13
9190	9.4143E-13
9192	9.3929E-13
9194	9.3888E-13
9196	9.3761E-13
9198	9.3634E-13
9200	9.3507E-13
