3300	7.1022E-11
3316	7.0663E-11
3332	6.9922E-11
3348	6.9896E-11
3364	6.9616E-11
3380	6.8768E-11
3396	6.7684E-11
3412	6.662E-11
3428	6.5034E-11
3444	6.3958E-11
3460	6.3077E-11
3476	6.2267E-11
3492	6.1641E-11
3508	6.1759E-11
3524	6.1482E-11
3540	6.1209E-11
3556	6.0771E-11
3572	6.045E-11
3588	6.0078E-11
3604	5.9711E-11
3620	5.9238E-11
3636	5.8772E-11
3652	5.8258E-11
3668	5.7645E-11
3684	5.6883E-11
3700	5.6757E-11
3716	5.8166E-11
3732	6.117E-11
3748	6.4867E-11
3764	6.8663E-11
3780	7.4445E-11
3796	7.321E-11
3812	8.2816E-11
3828	7.5453E-11
3844	8.1218E-11
3860	9.1127E-11
3876	8.0474E-11
3892	7.3803E-11
3908	8.8493E-11
3924	9.1488E-11
3940	8.9336E-11
3956	7.768E-11
3972	6.8549E-11
3988	8.2587E-11
4004	8.5789E-11
4020	8.5974E-11
4036	8.6162E-11
4052	8.572E-11
4068	8.3572E-11
4084	7.486E-11
4100	6.2009E-11
4116	7.2156E-11
4132	7.8073E-11
4148	7.8912E-11
4164	7.8451E-11
4180	7.7494E-11
4196	7.6904E-11
4212	7.618E-11
4228	7.5119E-11
4244	7.4006E-11
4260	7.2778E-11
4276	7.1836E-11
4292	7.0648E-11
4308	6.8591E-11
4324	6.1298E-11
4340	5.1267E-11
4356	6.068E-11
4372	6.5262E-11
4388	6.5026E-11
4404	6.4972E-11
4420	6.4384E-11
4436	6.3861E-11
4452	6.2591E-11
4468	6.1178E-11
4484	6.0798E-11
4500	6.1037E-11
4516	6.005E-11
4532	5.9572E-11
4548	5.8557E-11
4564	5.7987E-11
4580	5.7371E-11
4596	5.6815E-11
4612	5.6317E-11
4628	5.5416E-11
4644	5.4984E-11
4660	5.4506E-11
4676	5.3886E-11
4692	5.3322E-11
4708	5.2619E-11
4724	5.1928E-11
4740	5.1246E-11
4756	5.0809E-11
4772	5.0098E-11
4788	4.9535E-11
4804	4.907E-11
4820	4.8298E-11
4836	4.6371E-11
4852	3.9245E-11
4868	3.7404E-11
4884	4.4717E-11
4900	4.605E-11
4916	4.5582E-11
4932	4.5412E-11
4948	4.5286E-11
4964	4.487E-11
4980	4.4377E-11
4996	4.377E-11
5012	4.2973E-11
5028	4.2583E-11
5044	4.2041E-11
5060	4.1737E-11
5076	4.1589E-11
5092	4.1252E-11
5108	4.0843E-11
5124	4.0514E-11
5140	4.004E-11
5156	3.95E-11
5172	3.9184E-11
5188	3.8906E-11
5204	3.849E-11
5220	3.8008E-11
5236	3.7637E-11
5252	3.7305E-11
5268	3.6943E-11
5284	3.6652E-11
5300	3.6263E-11
5316	3.5682E-11
5332	3.5632E-11
5348	3.5386E-11
5364	3.5079E-11
5380	3.4806E-11
5396	3.4378E-11
5412	3.408E-11
5428	3.3786E-11
5444	3.3557E-11
5460	3.3177E-11
5476	3.2892E-11
5492	3.2551E-11
5508	3.2273E-11
5524	3.2115E-11
5540	3.1725E-11
5556	3.1427E-11
5572	3.1131E-11
5588	3.0811E-11
5604	3.0551E-11
5620	3.0265E-11
5636	2.99E-11
5652	2.9568E-11
5668	2.9185E-11
5684	2.8968E-11
5700	2.8568E-11
5716	2.8251E-11
5732	2.799E-11
5748	2.7656E-11
5764	2.7452E-11
5780	2.7325E-11
5796	2.72E-11
5812	2.715E-11
5828	2.6902E-11
5844	2.6804E-11
5860	2.6511E-11
5876	2.6029E-11
5892	2.5769E-11
5908	2.5653E-11
5924	2.5468E-11
5940	2.5191E-11
5956	2.4849E-11
5972	2.4648E-11
5988	2.4449E-11
6004	2.4274E-11
6020	2.4012E-11
6036	2.3731E-11
6052	2.3606E-11
6068	2.3525E-11
6084	2.3251E-11
6100	2.3129E-11
6116	2.3008E-11
6132	2.2825E-11
6148	2.2478E-11
6164	2.2279E-11
6180	2.2266E-11
6196	2.2009E-11
6212	2.1795E-11
6228	2.1584E-11
6244	2.1453E-11
6260	2.1285E-11
6276	2.0809E-11
6292	2.0589E-11
6308	2.0618E-11
6324	2.0589E-11
6340	2.0429E-11
6356	2.0289E-11
6372	2.0094E-11
6388	2.0049E-11
6404	1.9931E-11
6420	1.9758E-11
6436	1.9606E-11
6452	1.9419E-11
6468	1.9252E-11
6484	1.9034E-11
6500	1.8888E-11
6516	1.8675E-11
6532	1.8345E-11
6548	1.6928E-11
6564	1.4726E-11
6580	1.6981E-11
6596	1.7876E-11
6612	1.7904E-11
6628	1.7851E-11
6644	1.7716E-11
6660	1.7582E-11
6676	1.7434E-11
6692	1.7382E-11
6708	1.7268E-11
6724	1.7122E-11
6740	1.6994E-11
6756	1.679E-11
6772	1.6664E-11
6788	1.6525E-11
6804	1.6387E-11
6820	1.6235E-11
6836	1.6114E-11
6852	1.579E-11
6868	1.3828E-11
6884	1.3675E-11
6900	1.4097E-11
6916	1.4693E-11
6932	1.4952E-11
6948	1.498E-11
6964	1.4993E-11
6980	1.4925E-11
6996	1.4748E-11
7012	1.464E-11
7028	1.452E-11
7044	1.4454E-11
7060	1.4322E-11
7076	1.4244E-11
7092	1.4167E-11
7108	1.4039E-11
7124	1.3937E-11
7140	1.3811E-11
7156	1.3598E-11
7172	1.3108E-11
7188	1.2636E-11
7204	1.2731E-11
7220	1.303E-11
7236	1.2619E-11
7252	1.254E-11
7268	1.2508E-11
7284	1.2465E-11
7300	1.2444E-11
7316	1.2459E-11
7332	1.2519E-11
7348	1.2453E-11
7364	1.2399E-11
7380	1.2311E-11
7396	1.227E-11
7412	1.2172E-11
7428	1.2086E-11
7444	1.2012E-11
7460	1.1938E-11
7476	1.1822E-11
7492	1.176E-11
7508	1.1689E-11
7524	1.1596E-11
7540	1.1505E-11
7556	1.1435E-11
7572	1.1324E-11
7588	9.6865E-12
7604	4.8033E-12
7620	6.1846E-12
7636	6.3957E-12
7652	8.1147E-12
7668	9.6974E-12
7684	1.0415E-11
7700	1.0633E-11
7716	1.0667E-11
7732	1.0603E-11
7748	1.054E-11
7764	1.0391E-11
7780	1.0244E-11
7796	1.0325E-11
7812	1.0264E-11
7828	1.0184E-11
7844	1.0105E-11
7860	1.0055E-11
7876	9.9497E-12
7892	9.8457E-12
7908	9.7969E-12
7924	9.7574E-12
7940	9.6912E-12
7956	9.608E-12
7972	9.5694E-12
7988	9.5136E-12
8004	9.4234E-12
8020	9.3685E-12
8036	9.297E-12
8052	9.26E-12
8068	9.2064E-12
8084	9.1278E-12
8100	9.0584E-12
8116	8.9565E-12
8132	8.7262E-12
8148	8.4785E-12
8164	8.2455E-12
8180	8.2511E-12
8196	8.3256E-12
8212	8.4164E-12
8228	7.9842E-12
8244	8.2289E-12
8260	8.2806E-12
8276	8.113E-12
8292	8.0446E-12
8308	8.0803E-12
8324	8.0493E-12
8340	8.0628E-12
8356	8.0542E-12
8372	8.0309E-12
8388	7.9855E-12
8404	7.9259E-12
8420	7.9104E-12
8436	7.7866E-12
8452	7.7429E-12
8468	7.7207E-12
8484	7.7556E-12
8500	7.5645E-12
8516	7.6692E-12
8532	7.5844E-12
8548	7.2894E-12
8564	7.6255E-12
8580	7.5901E-12
8596	7.0636E-12
8612	7.3217E-12
8628	7.6736E-12
8644	7.4919E-12
8660	6.8012E-12
8676	6.9021E-12
8692	7.5055E-12
8708	7.6381E-12
8724	7.4232E-12
8740	6.739E-12
8756	6.3418E-12
8772	7.0636E-12
8788	7.3968E-12
8804	7.4107E-12
8820	7.3499E-12
8836	7.1106E-12
8852	6.3553E-12
8868	5.9097E-12
8884	6.6927E-12
8900	7.0346E-12
8916	7.0547E-12
8932	6.9843E-12
8948	6.8449E-12
8964	6.5799E-12
8980	6.3077E-12
8996	5.7746E-12
9012	5.0533E-12
9028	5.5213E-12
9044	6.3226E-12
9060	6.3645E-12
9076	6.1806E-12
9092	6.1759E-12
9108	6.1827E-12
9124	6.1214E-12
9140	6.0218E-12
9156	5.9567E-12
9172	5.9689E-12
9188	5.9591E-12
9204	5.8569E-12
9220	5.1116E-12
9236	4.8334E-12
9252	5.5354E-12
9268	5.7339E-12
9284	5.5533E-12
9300	5.2078E-12
9316	4.5663E-12
9332	4.1273E-12
9348	3.9353E-12
9364	4.0954E-12
9380	4.2817E-12
9396	4.9629E-12
9412	4.829E-12
9428	4.4054E-12
9444	4.2787E-12
9460	4.3756E-12
9476	4.4542E-12
9492	4.3662E-12
9508	4.4283E-12
9524	4.1341E-12
9540	3.7267E-12
9556	3.6836E-12
9572	4.3293E-12
9588	4.3951E-12
9604	4.5953E-12
9620	4.6267E-12
9636	4.6755E-12
9652	4.7292E-12
9668	4.8322E-12
9684	4.9924E-12
9700	5.022E-12
9716	4.9368E-12
9732	4.8174E-12
9748	4.727E-12
9764	4.742E-12
9780	4.8277E-12
9796	4.7635E-12
9812	4.8362E-12
9828	4.883E-12
9844	4.8761E-12
9860	4.9234E-12
9876	4.8491E-12
9892	4.8602E-12
9908	4.8445E-12
9924	4.8601E-12
9940	4.7957E-12
9956	4.7234E-12
9972	4.7649E-12
9988	4.6587E-12
10004	4.6055E-12
10020	4.5236E-12
10036	4.1429E-12
10052	3.7112E-12
10068	4.1623E-12
10084	4.5202E-12
10100	4.5685E-12
10116	4.5373E-12
10132	4.5356E-12
10148	4.6096E-12
10164	4.532E-12
10180	4.5386E-12
10196	4.4296E-12
10212	4.6238E-12
10228	4.6008E-12
10244	4.478E-12
10260	4.4394E-12
10276	4.4215E-12
10292	4.3956E-12
10308	4.0371E-12
10324	4.5157E-12
10340	3.676E-12
10356	4.0294E-12
10372	3.9728E-12
10388	4.1434E-12
10404	3.9739E-12
