3200	3.2101E-14
3201	3.1875E-14
3202	3.1738E-14
3203	3.1572E-14
3204	3.1495E-14
3205	3.1533E-14
3206	3.163E-14
3207	3.1785E-14
3208	3.2177E-14
3209	3.2515E-14
3210	3.2916E-14
3211	3.3323E-14
3212	3.3579E-14
3213	3.3775E-14
3214	3.4035E-14
3215	3.4266E-14
3216	3.4402E-14
3217	3.4571E-14
3218	3.4709E-14
3219	3.4784E-14
3220	3.4987E-14
3221	3.5192E-14
3222	3.5463E-14
3223	3.567E-14
3224	3.5878E-14
3225	3.6088E-14
3226	3.6232E-14
3227	3.6377E-14
3228	3.6488E-14
3229	3.6702E-14
3230	3.6848E-14
3231	3.6927E-14
3232	3.7041E-14
3233	3.7018E-14
3234	3.6995E-14
3235	3.7006E-14
3236	3.6983E-14
3237	3.696E-14
3238	3.6903E-14
3239	3.6813E-14
3240	3.6554E-14
3241	3.6363E-14
3242	3.6174E-14
3243	3.5952E-14
3244	3.5897E-14
3245	3.5809E-14
3246	3.5655E-14
3247	3.5535E-14
3248	3.5513E-14
3249	3.5426E-14
3250	3.5371E-14
3251	3.5285E-14
3252	3.5198E-14
3253	3.5112E-14
3254	3.5058E-14
3255	3.4907E-14
3256	3.4822E-14
3257	3.48E-14
3258	3.4747E-14
3259	3.4598E-14
3260	3.4418E-14
3261	3.4239E-14
3262	3.4092E-14
3263	3.3977E-14
3264	3.3894E-14
3265	3.3935E-14
3266	3.3977E-14
3267	3.3988E-14
3268	3.3967E-14
3269	3.3946E-14
3270	3.3925E-14
3271	3.3905E-14
3272	3.3884E-14
3273	3.3832E-14
3274	3.3749E-14
3275	3.3605E-14
3276	3.3584E-14
3277	3.3533E-14
3278	3.3543E-14
3279	3.3523E-14
3280	3.3471E-14
3281	3.3389E-14
3282	3.3308E-14
3283	3.3195E-14
3284	3.3114E-14
3285	3.3033E-14
3286	3.2922E-14
3287	3.2841E-14
3288	3.2761E-14
3289	3.2651E-14
3290	3.2511E-14
3291	3.2401E-14
3292	3.2233E-14
3293	3.2214E-14
3294	3.2135E-14
3295	3.2174E-14
3296	3.2184E-14
3297	3.2135E-14
3298	3.2116E-14
3299	3.2096E-14
3300	3.2106E-14
3301	3.2146E-14
3302	3.2127E-14
3303	3.2107E-14
3304	3.1999E-14
3305	3.1921E-14
3306	3.1843E-14
3307	3.1765E-14
3308	3.1746E-14
3309	3.1727E-14
3310	3.1766E-14
3311	3.1747E-14
3312	3.1728E-14
3313	3.1709E-14
3314	3.1689E-14
3315	3.167E-14
3316	3.171E-14
3317	3.1749E-14
3318	3.1818E-14
3319	3.1857E-14
3320	3.1897E-14
3321	3.1877E-14
3322	3.1888E-14
3323	3.1927E-14
3324	3.1967E-14
3325	3.2007E-14
3326	3.2076E-14
3327	3.2056E-14
3328	3.2037E-14
3329	3.2077E-14
3330	3.2058E-14
3331	3.2038E-14
3332	3.2019E-14
3333	3.2E-14
3334	3.1981E-14
3335	3.1903E-14
3336	3.1796E-14
3337	3.1718E-14
3338	3.1641E-14
3339	3.1564E-14
3340	3.1545E-14
3341	3.1526E-14
3342	3.1507E-14
3343	3.1488E-14
3344	3.1469E-14
3345	3.1364E-14
3346	3.1345E-14
3347	3.1326E-14
3348	3.1308E-14
3349	3.1231E-14
3350	3.1155E-14
3351	3.1051E-14
3352	3.0975E-14
3353	3.09E-14
3354	3.0853E-14
3355	3.0778E-14
3356	3.0703E-14
3357	3.0628E-14
3358	3.0582E-14
3359	3.0507E-14
3360	3.0489E-14
3361	3.0415E-14
3362	3.0396E-14
3363	3.0378E-14
3364	3.036E-14
3365	3.0398E-14
3366	3.0436E-14
3367	3.0446E-14
3368	3.0484E-14
3369	3.0466E-14
3370	3.0448E-14
3371	3.043E-14
3372	3.0356E-14
3373	3.031E-14
3374	3.0292E-14
3375	3.0274E-14
3376	3.0256E-14
3377	3.0183E-14
3378	3.0165E-14
3379	3.0147E-14
3380	3.0129E-14
3381	3.0056E-14
3382	3.0038E-14
3383	3.002E-14
3384	3.0003E-14
3385	3.004E-14
3386	3.0022E-14
3387	2.9949E-14
3388	2.9904E-14
3389	2.9832E-14
3390	2.9759E-14
3391	2.9687E-14
3392	2.9642E-14
3393	2.957E-14
3394	2.9444E-14
3395	2.9346E-14
3396	2.9274E-14
3397	2.9176E-14
3398	2.9105E-14
3399	2.9035E-14
3400	2.8964E-14
3401	2.8921E-14
3402	2.893E-14
3403	2.8966E-14
3404	2.895E-14
3405	2.8986E-14
3406	2.9022E-14
3407	2.9085E-14
3408	2.9122E-14
3409	2.9159E-14
3410	2.9141E-14
3411	2.9071E-14
3412	2.9054E-14
3413	2.8903E-14
3414	2.8727E-14
3415	2.8631E-14
3416	2.8535E-14
3417	2.8466E-14
3418	2.845E-14
3419	2.8485E-14
3420	2.8495E-14
3421	2.8478E-14
3422	2.8462E-14
3423	2.8445E-14
3424	2.8298E-14
3425	2.8151E-14
3426	2.8083E-14
3427	2.8067E-14
3428	2.805E-14
3429	2.7982E-14
3430	2.7966E-14
3431	2.8001E-14
3432	2.7985E-14
3433	2.7969E-14
3434	2.7952E-14
3435	2.7988E-14
3436	2.8023E-14
3437	2.8084E-14
3438	2.8171E-14
3439	2.8181E-14
3440	2.8217E-14
3441	2.8148E-14
3442	2.8132E-14
3443	2.809E-14
3444	2.8022E-14
3445	2.7954E-14
3446	2.7886E-14
3447	2.7742E-14
3448	2.7599E-14
3449	2.7532E-14
3450	2.744E-14
3451	2.7374E-14
3452	2.7408E-14
3453	2.7392E-14
3454	2.7326E-14
3455	2.7235E-14
3456	2.7119E-14
3457	2.7029E-14
3458	2.7038E-14
3459	2.7022E-14
3460	2.7056E-14
3461	2.709E-14
3462	2.7075E-14
3463	2.7059E-14
3464	2.7044E-14
3465	2.6978E-14
3466	2.6913E-14
3467	2.6873E-14
3468	2.6808E-14
3469	2.6867E-14
3470	2.695E-14
3471	2.6935E-14
3472	2.6969E-14
3473	2.6953E-14
3474	2.6938E-14
3475	2.6873E-14
3476	2.6808E-14
3477	2.6743E-14
3478	2.6703E-14
3479	2.6639E-14
3480	2.6574E-14
3481	2.6559E-14
3482	2.6544E-14
3483	2.6529E-14
3484	2.6465E-14
3485	2.6449E-14
3486	2.6434E-14
3487	2.6419E-14
3488	2.6379E-14
3489	2.6316E-14
3490	2.6301E-14
3491	2.6286E-14
3492	2.6271E-14
3493	2.6304E-14
3494	2.6289E-14
3495	2.6226E-14
3496	2.6162E-14
3497	2.6147E-14
3498	2.6084E-14
3499	2.607E-14
3500	2.6055E-14
3501	2.6016E-14
3502	2.5905E-14
3503	2.5843E-14
3504	2.5804E-14
3505	2.5742E-14
3506	2.5727E-14
3507	2.5713E-14
3508	2.5651E-14
3509	2.5613E-14
3510	2.5598E-14
3511	2.5607E-14
3512	2.5569E-14
3513	2.5507E-14
3514	2.5493E-14
3515	2.5478E-14
3516	2.5464E-14
3517	2.5449E-14
3518	2.5435E-14
3519	2.5467E-14
3520	2.5476E-14
3521	2.5509E-14
3522	2.5541E-14
3523	2.5527E-14
3524	2.5465E-14
3525	2.5451E-14
3526	2.539E-14
3527	2.5375E-14
3528	2.5361E-14
3529	2.523E-14
3530	2.51E-14
3531	2.497E-14
3532	2.4864E-14
3533	2.4782E-14
3534	2.4722E-14
3535	2.4663E-14
3536	2.4649E-14
3537	2.4635E-14
3538	2.4621E-14
3539	2.4607E-14
3540	2.4525E-14
3541	2.4466E-14
3542	2.4407E-14
3543	2.4394E-14
3544	2.438E-14
3545	2.4366E-14
3546	2.4285E-14
3547	2.4227E-14
3548	2.4213E-14
3549	2.4155E-14
3550	2.4141E-14
3551	2.4128E-14
3552	2.4159E-14
3553	2.4145E-14
3554	2.4176E-14
3555	2.4207E-14
3556	2.4216E-14
3557	2.4202E-14
3558	2.4166E-14
3559	2.4175E-14
3560	2.4161E-14
3561	2.4192E-14
3562	2.4179E-14
3563	2.4121E-14
3564	2.4041E-14
3565	2.3983E-14
3566	2.4014E-14
3567	2.4E-14
3568	2.4053E-14
3569	2.404E-14
3570	2.4004E-14
3571	2.3946E-14
3572	2.3889E-14
3573	2.3832E-14
3574	2.3818E-14
3575	2.3849E-14
3576	2.3835E-14
3577	2.3778E-14
3578	2.3765E-14
3579	2.373E-14
3580	2.3673E-14
3581	2.3616E-14
3582	2.3603E-14
3583	2.359E-14
3584	2.3577E-14
3585	2.3607E-14
3586	2.3594E-14
3587	2.3646E-14
3588	2.372E-14
3589	2.375E-14
3590	2.3737E-14
3591	2.368E-14
3592	2.358E-14
3593	2.3545E-14
3594	2.3489E-14
3595	2.3476E-14
3596	2.3463E-14
3597	2.345E-14
3598	2.3437E-14
3599	2.3381E-14
3600	2.3325E-14
3601	2.3247E-14
3602	2.3234E-14
3603	2.3179E-14
3604	2.3166E-14
3605	2.3153E-14
3606	2.314E-14
3607	2.317E-14
3608	2.3157E-14
3609	2.3144E-14
3610	2.3132E-14
3611	2.3076E-14
3612	2.3063E-14
3613	2.3008E-14
3614	2.2974E-14
3615	2.2962E-14
3616	2.2907E-14
3617	2.2894E-14
3618	2.2839E-14
3619	2.2827E-14
3620	2.2772E-14
3621	2.2739E-14
3622	2.2642E-14
3623	2.2567E-14
3624	2.2514E-14
3625	2.246E-14
3626	2.2447E-14
3627	2.2435E-14
3628	2.2423E-14
3629	2.2348E-14
3630	2.2336E-14
3631	2.2365E-14
3632	2.2353E-14
3633	2.2361E-14
3634	2.2349E-14
3635	2.2275E-14
3636	2.2262E-14
3637	2.2209E-14
3638	2.2197E-14
3639	2.2226E-14
3640	2.2275E-14
3641	2.2242E-14
3642	2.2189E-14
3643	2.2136E-14
3644	2.2124E-14
3645	2.2071E-14
3646	2.2059E-14
3647	2.2047E-14
3648	2.2035E-14
3649	2.2003E-14
3650	2.195E-14
3651	2.1898E-14
3652	2.1785E-14
3653	2.1733E-14
3654	2.1621E-14
3655	2.155E-14
3656	2.1498E-14
3657	2.1447E-14
3658	2.1475E-14
3659	2.1463E-14
3660	2.1452E-14
3661	2.14E-14
3662	2.1389E-14
3663	2.1377E-14
3664	2.1365E-14
3665	2.1295E-14
3666	2.1244E-14
3667	2.1193E-14
3668	2.1143E-14
3669	2.117E-14
3670	2.1159E-14
3671	2.1186E-14
3672	2.1175E-14
3673	2.1163E-14
3674	2.1152E-14
3675	2.1179E-14
3676	2.1226E-14
3677	2.1214E-14
3678	2.1242E-14
3679	2.1231E-14
3680	2.1258E-14
3681	2.1247E-14
3682	2.1235E-14
3683	2.1224E-14
3684	2.1212E-14
3685	2.1201E-14
3686	2.115E-14
3687	2.11E-14
3688	2.0991E-14
3689	2.0903E-14
3690	2.0834E-14
3691	2.0784E-14
3692	2.0716E-14
3693	2.0628E-14
3694	2.056E-14
3695	2.0549E-14
3696	2.05E-14
3697	2.0489E-14
3698	2.0516E-14
3699	2.0505E-14
3700	2.0531E-14
3701	2.0577E-14
3702	2.0604E-14
3703	2.065E-14
3704	2.0582E-14
3705	2.0533E-14
3706	2.0484E-14
3707	2.0416E-14
3708	2.0405E-14
3709	2.0432E-14
3710	2.0421E-14
3711	2.0372E-14
3712	2.0399E-14
3713	2.0407E-14
3714	2.0396E-14
3715	2.0385E-14
3716	2.0411E-14
3717	2.04E-14
3718	2.0389E-14
3719	2.0341E-14
3720	2.033E-14
3721	2.0319E-14
3722	2.0308E-14
3723	2.0297E-14
3724	2.0324E-14
3725	2.0275E-14
3726	2.0246E-14
3727	2.0235E-14
3728	2.0224E-14
3729	2.0269E-14
3730	2.0296E-14
3731	2.0378E-14
3732	2.0405E-14
3733	2.0451E-14
3734	2.044E-14
3735	2.0372E-14
3736	2.0286E-14
3737	2.0182E-14
3738	2.0116E-14
3739	2.0031E-14
3740	2.0058E-14
3741	2.0102E-14
3742	2.0091E-14
3743	2.0118E-14
3744	2.0107E-14
3745	2.0059E-14
3746	2.0049E-14
3747	2.0038E-14
3748	2.0027E-14
3749	2.0017E-14
3750	1.9951E-14
3751	1.994E-14
3752	1.993E-14
3753	1.9882E-14
3754	1.9835E-14
3755	1.977E-14
3756	1.9686E-14
3757	1.9658E-14
3758	1.9611E-14
3759	1.9601E-14
3760	1.9591E-14
3761	1.958E-14
3762	1.957E-14
3763	1.9559E-14
3764	1.9549E-14
3765	1.9539E-14
3766	1.9528E-14
3767	1.9554E-14
3768	1.9543E-14
3769	1.9533E-14
3770	1.9523E-14
3771	1.953E-14
3772	1.9556E-14
3773	1.9546E-14
3774	1.9535E-14
3775	1.9525E-14
3776	1.9514E-14
3777	1.9415E-14
3778	1.9333E-14
3779	1.9198E-14
3780	1.9083E-14
3781	1.8967E-14
3782	1.8818E-14
3783	1.8774E-14
3784	1.8729E-14
3785	1.8719E-14
3786	1.8709E-14
3787	1.8699E-14
3788	1.8638E-14
3789	1.8594E-14
3790	1.8499E-14
3791	1.8421E-14
3792	1.8327E-14
3793	1.8199E-14
3794	1.819E-14
3795	1.818E-14
3796	1.8204E-14
3797	1.8245E-14
3798	1.8302E-14
3799	1.8343E-14
3800	1.8402E-14
3801	1.8872E-14
3802	1.8915E-14
3803	1.887E-14
3804	1.8843E-14
3805	1.8833E-14
3806	1.8788E-14
3807	1.8744E-14
3808	1.8699E-14
3809	1.8672E-14
3810	1.8628E-14
3811	1.8618E-14
3812	1.866E-14
3813	1.865E-14
3814	1.8589E-14
3815	1.8511E-14
3816	1.8484E-14
3817	1.8441E-14
3818	1.8431E-14
3819	1.8421E-14
3820	1.8412E-14
3821	1.8402E-14
3822	1.8392E-14
3823	1.8349E-14
3824	1.8339E-14
3825	1.833E-14
3826	1.827E-14
3827	1.8227E-14
3828	1.8217E-14
3829	1.8207E-14
3830	1.8198E-14
3831	1.8239E-14
3832	1.8297E-14
3833	1.8338E-14
3834	1.8396E-14
3835	1.8437E-14
3836	1.8461E-14
3837	1.852E-14
3838	1.8527E-14
3839	1.8586E-14
3840	1.8576E-14
3841	1.8618E-14
3842	1.8608E-14
3843	1.8599E-14
3844	1.8589E-14
3845	1.8545E-14
3846	1.857E-14
3847	1.856E-14
3848	1.8584E-14
3849	1.8609E-14
3850	1.8599E-14
3851	1.8607E-14
3852	1.8597E-14
3853	1.857E-14
3854	1.8561E-14
3855	1.8517E-14
3856	1.8473E-14
3857	1.8498E-14
3858	1.8522E-14
3859	1.8479E-14
3860	1.8435E-14
3861	1.8375E-14
3862	1.8331E-14
3863	1.8322E-14
3864	1.8279E-14
3865	1.8303E-14
3866	1.8294E-14
3867	1.8284E-14
3868	1.8308E-14
3869	1.8299E-14
3870	1.8289E-14
3871	1.828E-14
3872	1.8287E-14
3873	1.8312E-14
3874	1.8302E-14
3875	1.8326E-14
3876	1.8317E-14
3877	1.8274E-14
3878	1.8264E-14
3879	1.8205E-14
3880	1.8128E-14
3881	1.8069E-14
3882	1.7993E-14
3883	1.7901E-14
3884	1.7777E-14
3885	1.7686E-14
3886	1.7564E-14
3887	1.7522E-14
3888	1.7465E-14
3889	1.7504E-14
3890	1.756E-14
3891	1.7632E-14
3892	1.7737E-14
3893	1.781E-14
3894	1.7883E-14
3895	1.7939E-14
3896	1.798E-14
3897	1.8037E-14
3898	1.8028E-14
3899	1.8068E-14
3900	1.8059E-14
3901	1.805E-14
3902	1.804E-14
3903	1.8031E-14
3904	1.8022E-14
3905	1.8013E-14
3906	1.797E-14
3907	1.7945E-14
3908	1.7902E-14
3909	1.7893E-14
3910	1.7884E-14
3911	1.7875E-14
3912	1.7866E-14
3913	1.7857E-14
3914	1.7848E-14
3915	1.7806E-14
3916	1.7797E-14
3917	1.7771E-14
3918	1.7729E-14
3919	1.7688E-14
3920	1.7646E-14
3921	1.7621E-14
3922	1.7579E-14
3923	1.7538E-14
3924	1.7481E-14
3925	1.744E-14
3926	1.7399E-14
3927	1.7358E-14
3928	1.7301E-14
3929	1.7261E-14
3930	1.722E-14
3931	1.7211E-14
3932	1.7203E-14
3933	1.7226E-14
3934	1.7249E-14
3935	1.724E-14
3936	1.7263E-14
3937	1.7254E-14
3938	1.7245E-14
3939	1.7205E-14
3940	1.7196E-14
3941	1.7156E-14
3942	1.7115E-14
3943	1.7107E-14
3944	1.7098E-14
3945	1.7121E-14
3946	1.7112E-14
3947	1.7104E-14
3948	1.7063E-14
3949	1.7039E-14
3950	1.6999E-14
3951	1.6991E-14
3952	1.6951E-14
3953	1.6942E-14
3954	1.6887E-14
3955	1.6847E-14
3956	1.6808E-14
3957	1.6799E-14
3958	1.6791E-14
3959	1.6767E-14
3960	1.6727E-14
3961	1.6688E-14
3962	1.6649E-14
3963	1.6625E-14
3964	1.6556E-14
3965	1.6548E-14
3966	1.6539E-14
3967	1.6531E-14
3968	1.6492E-14
3969	1.6438E-14
3970	1.6355E-14
3971	1.6316E-14
3972	1.6263E-14
3973	1.6225E-14
3974	1.6217E-14
3975	1.6209E-14
3976	1.6245E-14
3977	1.6237E-14
3978	1.6259E-14
3979	1.6281E-14
3980	1.6272E-14
3981	1.6264E-14
3982	1.6286E-14
3983	1.6278E-14
3984	1.627E-14
3985	1.6262E-14
3986	1.6253E-14
3987	1.6215E-14
3988	1.6207E-14
3989	1.6169E-14
3990	1.6132E-14
3991	1.6153E-14
3992	1.6175E-14
3993	1.6211E-14
3994	1.6233E-14
3995	1.6255E-14
3996	1.6262E-14
3997	1.6254E-14
3998	1.6201E-14
3999	1.6163E-14
4000	1.611E-14
4001	1.6043E-14
4002	1.602E-14
4003	1.5983E-14
4004	1.5945E-14
4005	1.5893E-14
4006	1.5827E-14
4007	1.5746E-14
4008	1.5637E-14
4009	1.5558E-14
4010	1.5493E-14
4011	1.5442E-14
4012	1.5406E-14
4013	1.5399E-14
4014	1.5363E-14
4015	1.5284E-14
4016	1.5235E-14
4017	1.5143E-14
4018	1.5094E-14
4019	1.5045E-14
4020	1.4982E-14
4021	1.4947E-14
4022	1.4898E-14
4023	1.4836E-14
4024	1.4815E-14
4025	1.478E-14
4026	1.4814E-14
4027	1.4861E-14
4028	1.4895E-14
4029	1.4943E-14
4030	1.5004E-14
4031	1.5038E-14
4032	1.5086E-14
4033	1.512E-14
4034	1.5141E-14
4035	1.5161E-14
4036	1.5154E-14
4037	1.5174E-14
4038	1.5167E-14
4039	1.5159E-14
4040	1.5152E-14
4041	1.5186E-14
4042	1.5206E-14
4043	1.5199E-14
4044	1.5233E-14
4045	1.5226E-14
4046	1.5218E-14
4047	1.5239E-14
4048	1.5288E-14
4049	1.5294E-14
4050	1.5287E-14
4051	1.5307E-14
4052	1.53E-14
4053	1.5264E-14
4054	1.5256E-14
4055	1.5249E-14
4056	1.5241E-14
4057	1.5262E-14
4058	1.5283E-14
4059	1.5289E-14
4060	1.531E-14
4061	1.5274E-14
4062	1.5267E-14
4063	1.5245E-14
4064	1.5237E-14
4065	1.523E-14
4066	1.5222E-14
4067	1.5215E-14
4068	1.525E-14
4069	1.5242E-14
4070	1.5235E-14
4071	1.5227E-14
4072	1.522E-14
4073	1.5212E-14
4074	1.5205E-14
4075	1.5197E-14
4076	1.5148E-14
4077	1.514E-14
4078	1.5133E-14
4079	1.5126E-14
4080	1.5118E-14
4081	1.5111E-14
4082	1.5076E-14
4083	1.504E-14
4084	1.5019E-14
4085	1.4984E-14
4086	1.4949E-14
4087	1.4901E-14
4088	1.4866E-14
4089	1.4859E-14
4090	1.4852E-14
4091	1.4817E-14
4092	1.481E-14
4093	1.4775E-14
4094	1.4727E-14
4095	1.4693E-14
4096	1.4618E-14
4097	1.4584E-14
4098	1.455E-14
4099	1.4543E-14
4100	1.4563E-14
4101	1.4583E-14
4102	1.4549E-14
4103	1.4542E-14
4104	1.4508E-14
4105	1.4488E-14
4106	1.448E-14
4107	1.4473E-14
4108	1.448E-14
4109	1.4499E-14
4110	1.4519E-14
4111	1.4579E-14
4112	1.4599E-14
4113	1.4618E-14
4114	1.4611E-14
4115	1.4577E-14
4116	1.4544E-14
4117	1.451E-14
4118	1.4463E-14
4119	1.4456E-14
4120	1.4422E-14
4121	1.4415E-14
4122	1.4435E-14
4123	1.4428E-14
4124	1.4394E-14
4125	1.4347E-14
4126	1.4314E-14
4127	1.4281E-14
4128	1.4261E-14
4129	1.4254E-14
4130	1.426E-14
4131	1.4279E-14
4132	1.4272E-14
4133	1.4239E-14
4134	1.4219E-14
4135	1.4186E-14
4136	1.4153E-14
4137	1.412E-14
4138	1.4101E-14
4139	1.4068E-14
4140	1.4035E-14
4141	1.4028E-14
4142	1.4022E-14
4143	1.3989E-14
4144	1.3982E-14
4145	1.3963E-14
4146	1.393E-14
4147	1.3924E-14
4148	1.3917E-14
4149	1.3885E-14
4150	1.3878E-14
4151	1.3846E-14
4152	1.3826E-14
4153	1.382E-14
4154	1.3813E-14
4155	1.3806E-14
4156	1.3812E-14
4157	1.3831E-14
4158	1.3825E-14
4159	1.3818E-14
4160	1.3811E-14
4161	1.3805E-14
4162	1.376E-14
4163	1.3728E-14
4164	1.3696E-14
4165	1.3664E-14
4166	1.3645E-14
4167	1.3639E-14
4168	1.3632E-14
4169	1.3638E-14
4170	1.3632E-14
4171	1.3625E-14
4172	1.3644E-14
4173	1.3637E-14
4174	1.3631E-14
4175	1.3599E-14
4176	1.3555E-14
4177	1.3524E-14
4178	1.3517E-14
4179	1.3511E-14
4180	1.3504E-14
4181	1.3498E-14
4182	1.3479E-14
4183	1.3448E-14
4184	1.3441E-14
4185	1.3435E-14
4186	1.3428E-14
4187	1.3422E-14
4188	1.3391E-14
4189	1.3384E-14
4190	1.3353E-14
4191	1.331E-14
4192	1.3304E-14
4193	1.3273E-14
4194	1.323E-14
4195	1.3236E-14
4196	1.3254E-14
4197	1.3248E-14
4198	1.3241E-14
4199	1.3235E-14
4200	1.3229E-14
4201	1.3223E-14
4202	1.3192E-14
4203	1.3174E-14
4204	1.3143E-14
4205	1.3113E-14
4206	1.3106E-14
4207	1.31E-14
4208	1.3094E-14
4209	1.3112E-14
4210	1.3106E-14
4211	1.3075E-14
4212	1.3093E-14
4213	1.3087E-14
4214	1.3081E-14
4215	1.3075E-14
4216	1.3092E-14
4217	1.3086E-14
4218	1.308E-14
4219	1.3074E-14
4220	1.3068E-14
4221	1.3098E-14
4222	1.3115E-14
4223	1.3133E-14
4224	1.3164E-14
4225	1.3157E-14
4226	1.3175E-14
4227	1.3145E-14
4228	1.3139E-14
4229	1.3108E-14
4230	1.3102E-14
4231	1.3096E-14
4232	1.3078E-14
4233	1.3047E-14
4234	1.3041E-14
4235	1.3011E-14
4236	1.3005E-14
4237	1.2999E-14
4238	1.2993E-14
4239	1.2963E-14
4240	1.2945E-14
4241	1.2915E-14
4242	1.2885E-14
4243	1.2855E-14
4244	1.2837E-14
4245	1.2831E-14
4246	1.2837E-14
4247	1.2855E-14
4248	1.2848E-14
4249	1.2866E-14
4250	1.286E-14
4251	1.2854E-14
4252	1.2848E-14
4253	1.2818E-14
4254	1.2812E-14
4255	1.2783E-14
4256	1.2765E-14
4257	1.2759E-14
4258	1.2729E-14
4259	1.27E-14
4260	1.2694E-14
4261	1.2653E-14
4262	1.2647E-14
4263	1.2641E-14
4264	1.2635E-14
4265	1.2629E-14
4266	1.2623E-14
4267	1.2641E-14
4268	1.2635E-14
4269	1.2629E-14
4270	1.2623E-14
4271	1.2594E-14
4272	1.2588E-14
4273	1.2559E-14
4274	1.253E-14
4275	1.2513E-14
4276	1.2484E-14
4277	1.2478E-14
4278	1.2449E-14
4279	1.2443E-14
4280	1.2415E-14
4281	1.2409E-14
4282	1.2392E-14
4283	1.2363E-14
4284	1.2391E-14
4285	1.2386E-14
4286	1.2403E-14
4287	1.2397E-14
4288	1.2391E-14
4289	1.2385E-14
4290	1.2357E-14
4291	1.2351E-14
4292	1.2311E-14
4293	1.226E-14
4294	1.2221E-14
4295	1.2193E-14
4296	1.2153E-14
4297	1.2125E-14
4298	1.2097E-14
4299	1.2092E-14
4300	1.2053E-14
4301	1.2047E-14
4302	1.2042E-14
4303	1.2036E-14
4304	1.2052E-14
4305	1.2047E-14
4306	1.2041E-14
4307	1.2036E-14
4308	1.2008E-14
4309	1.2002E-14
4310	1.1975E-14
4311	1.1969E-14
4312	1.1942E-14
4313	1.1936E-14
4314	1.1931E-14
4315	1.1925E-14
4316	1.1941E-14
4317	1.1936E-14
4318	1.193E-14
4319	1.1925E-14
4320	1.1919E-14
4321	1.1892E-14
4322	1.1854E-14
4323	1.1848E-14
4324	1.1821E-14
4325	1.1815E-14
4326	1.181E-14
4327	1.1783E-14
4328	1.1766E-14
4329	1.1739E-14
4330	1.1712E-14
4331	1.1685E-14
4332	1.1669E-14
4333	1.1642E-14
4334	1.1616E-14
4335	1.1578E-14
4336	1.153E-14
4337	1.1493E-14
4338	1.1488E-14
4339	1.1483E-14
4340	1.1456E-14
4341	1.1451E-14
4342	1.1467E-14
4343	1.1483E-14
4344	1.1488E-14
4345	1.1525E-14
4346	1.153E-14
4347	1.1546E-14
4348	1.1541E-14
4349	1.1536E-14
4350	1.1552E-14
4351	1.1546E-14
4352	1.1541E-14
4353	1.1557E-14
4354	1.1552E-14
4355	1.1557E-14
4356	1.1552E-14
4357	1.1568E-14
4358	1.1562E-14
4359	1.1557E-14
4360	1.1552E-14
4361	1.1568E-14
4362	1.1562E-14
4363	1.1578E-14
4364	1.1573E-14
4365	1.1568E-14
4366	1.1541E-14
4367	1.1515E-14
4368	1.1509E-14
4369	1.1472E-14
4370	1.1467E-14
4371	1.1441E-14
4372	1.1436E-14
4373	1.143E-14
4374	1.1425E-14
4375	1.142E-14
4376	1.1436E-14
4377	1.1431E-14
4378	1.1404E-14
4379	1.1399E-14
4380	1.1373E-14
4381	1.1368E-14
4382	1.1331E-14
4383	1.1305E-14
4384	1.13E-14
4385	1.1274E-14
4386	1.1259E-14
4387	1.1233E-14
4388	1.1207E-14
4389	1.1202E-14
4390	1.1197E-14
4391	1.1192E-14
4392	1.1187E-14
4393	1.1181E-14
4394	1.1176E-14
4395	1.1192E-14
4396	1.1187E-14
4397	1.1182E-14
4398	1.1177E-14
4399	1.1172E-14
4400	1.1187E-14
4401	1.1192E-14
4402	1.1187E-14
4403	1.1182E-14
4404	1.1177E-14
4405	1.1141E-14
4406	1.1136E-14
4407	1.1131E-14
4408	1.1126E-14
4409	1.1121E-14
4410	1.1116E-14
4411	1.109E-14
4412	1.1085E-14
4413	1.108E-14
4414	1.1075E-14
4415	1.107E-14
4416	1.1065E-14
4417	1.106E-14
4418	1.1035E-14
4419	1.103E-14
4420	1.1015E-14
4421	1.099E-14
4422	1.0985E-14
4423	1.0959E-14
4424	1.0954E-14
4425	1.095E-14
4426	1.0924E-14
4427	1.0919E-14
4428	1.0904E-14
4429	1.09E-14
4430	1.0875E-14
4431	1.085E-14
4432	1.0825E-14
4433	1.082E-14
4434	1.0805E-14
4435	1.08E-14
4436	1.0775E-14
4437	1.0771E-14
4438	1.0746E-14
4439	1.0721E-14
4440	1.0717E-14
4441	1.0702E-14
4442	1.0697E-14
4443	1.0692E-14
4444	1.0668E-14
4445	1.0643E-14
4446	1.0609E-14
4447	1.0585E-14
4448	1.0561E-14
4449	1.0527E-14
4450	1.0503E-14
4451	1.0469E-14
4452	1.0426E-14
4453	1.0392E-14
4454	1.035E-14
4455	1.0297E-14
4456	1.0245E-14
4457	1.0175E-14
4458	1.0105E-14
4459	1.0054E-14
4460	9.9851E-15
4461	9.9164E-15
4462	9.8483E-15
4463	9.7987E-15
4464	9.7314E-15
4465	9.6823E-15
4466	9.6246E-15
4467	9.5585E-15
4468	9.4928E-15
4469	9.4275E-15
4470	9.3974E-15
4471	9.35E-15
4472	9.3458E-15
4473	9.3675E-15
4474	9.3806E-15
4475	9.4196E-15
4476	9.4502E-15
4477	9.5071E-15
4478	9.5643E-15
4479	9.6218E-15
4480	9.662E-15
4481	9.7291E-15
4482	9.8056E-15
4483	9.8646E-15
4484	9.9058E-15
4485	9.9196E-15
4486	9.9335E-15
4487	9.9565E-15
4488	9.9888E-15
4489	9.9936E-15
4490	1.0026E-14
4491	1.0049E-14
4492	1.0045E-14
4493	1.0059E-14
4494	1.0054E-14
4495	1.0068E-14
4496	1.0064E-14
4497	1.0078E-14
4498	1.0083E-14
4499	1.0069E-14
4500	1.0065E-14
4501	1.0042E-14
4502	1.0037E-14
4503	1.0014E-14
4504	1.001E-14
4505	9.9869E-15
4506	9.9733E-15
4507	9.9505E-15
4508	9.9278E-15
4509	9.9234E-15
4510	9.919E-15
4511	9.8963E-15
4512	9.8828E-15
4513	9.8602E-15
4514	9.8378E-15
4515	9.8063E-15
4516	9.802E-15
4517	9.7796E-15
4518	9.7573E-15
4519	9.744E-15
4520	9.7217E-15
4521	9.6995E-15
4522	9.6952E-15
4523	9.6909E-15
4524	9.6689E-15
4525	9.6646E-15
4526	9.6603E-15
4527	9.6738E-15
4528	9.6695E-15
4529	9.6475E-15
4530	9.6432E-15
4531	9.6124E-15
4532	9.5728E-15
4533	9.5422E-15
4534	9.5204E-15
4535	9.49E-15
4536	9.4684E-15
4537	9.4467E-15
4538	9.4166E-15
4539	9.3951E-15
4540	9.365E-15
4541	9.3437E-15
4542	9.3224E-15
4543	9.3011E-15
4544	9.3142E-15
4545	9.3273E-15
4546	9.3489E-15
4547	9.3793E-15
4548	9.4011E-15
4549	9.4317E-15
4550	9.4536E-15
4551	9.4669E-15
4552	9.4802E-15
4553	9.476E-15
4554	9.4719E-15
4555	9.4677E-15
4556	9.4636E-15
4557	9.4594E-15
4558	9.4378E-15
4559	9.4511E-15
4560	9.4469E-15
4561	9.4428E-15
4562	9.4387E-15
4563	9.4345E-15
4564	9.4304E-15
4565	9.4089E-15
4566	9.4048E-15
4567	9.4007E-15
4568	9.4139E-15
4569	9.4098E-15
4570	9.4143E-15
4571	9.4275E-15
4572	9.4234E-15
4573	9.4367E-15
4574	9.4325E-15
4575	9.4284E-15
4576	9.4243E-15
4577	9.4202E-15
4578	9.4334E-15
4579	9.438E-15
4580	9.4338E-15
4581	9.4471E-15
4582	9.443E-15
4583	9.4389E-15
4584	9.4348E-15
4585	9.4133E-15
4586	9.4092E-15
4587	9.4051E-15
4588	9.401E-15
4589	9.3969E-15
4590	9.3928E-15
4591	9.3628E-15
4592	9.3415E-15
4593	9.3117E-15
4594	9.2905E-15
4595	9.2693E-15
4596	9.2824E-15
4597	9.2784E-15
4598	9.2914E-15
4599	9.2874E-15
4600	9.2834E-15
4601	9.2793E-15
4602	9.2582E-15
4603	9.2542E-15
4604	9.2502E-15
4605	9.2291E-15
4606	9.2251E-15
4607	9.2211E-15
4608	9.2171E-15
4609	9.2131E-15
4610	9.2261E-15
4611	9.2221E-15
4612	9.2181E-15
4613	9.1971E-15
4614	9.1931E-15
4615	9.1639E-15
4616	9.143E-15
4617	9.1222E-15
4618	9.1182E-15
4619	9.0975E-15
4620	9.1104E-15
4621	9.1232E-15
4622	9.1193E-15
4623	9.1153E-15
4624	9.0946E-15
4625	9.074E-15
4626	9.0617E-15
4627	9.0411E-15
4628	9.0372E-15
4629	9.0166E-15
4630	9.0128E-15
4631	9.0089E-15
4632	8.9967E-15
4633	8.9763E-15
4634	8.9724E-15
4635	8.952E-15
4636	8.9482E-15
4637	8.9278E-15
4638	8.8994E-15
4639	8.8956E-15
4640	8.8917E-15
4641	8.8715E-15
4642	8.8677E-15
4643	8.8475E-15
4644	8.8356E-15
4645	8.8156E-15
4646	8.8118E-15
4647	8.7918E-15
4648	8.788E-15
4649	8.76E-15
4650	8.724E-15
4651	8.6802E-15
4652	8.6605E-15
4653	8.6329E-15
4654	8.5974E-15
4655	8.5858E-15
4656	8.5663E-15
4657	8.5469E-15
4658	8.5275E-15
4659	8.5003E-15
4660	8.4811E-15
4661	8.454E-15
4662	8.4348E-15
4663	8.377E-15
4664	8.335E-15
4665	8.2931E-15
4666	8.2591E-15
4667	8.2176E-15
4668	8.199E-15
4669	8.1578E-15
4670	8.1019E-15
4671	8.0464E-15
4672	7.9766E-15
4673	7.9146E-15
4674	7.8459E-15
4675	7.7778E-15
4676	7.7032E-15
4677	7.6293E-15
4678	7.5492E-15
4679	7.4768E-15
4680	7.3982E-15
4681	7.6726E-15
4682	7.6341E-15
4683	7.5958E-15
4684	7.5646E-15
4685	7.5544E-15
4686	7.5373E-15
4687	7.5202E-15
4688	7.5032E-15
4689	7.4931E-15
4690	7.4899E-15
4691	7.5074E-15
4692	7.518E-15
4693	7.5148E-15
4694	7.5324E-15
4695	7.5431E-15
4696	7.5538E-15
4697	7.5854E-15
4698	7.6032E-15
4699	7.628E-15
4700	7.6458E-15
4702	7.7029E-15
4704	7.7319E-15
4706	7.7753E-15
4708	7.8046E-15
4710	7.8411E-15
4712	7.8706E-15
4714	7.9003E-15
4716	7.93E-15
4718	7.9745E-15
4720	7.9971E-15
4722	8.0273E-15
4724	8.0575E-15
4726	8.0879E-15
4728	8.0959E-15
4730	8.1189E-15
4732	8.1195E-15
4734	8.1276E-15
4736	8.1357E-15
4738	8.1439E-15
4740	8.1445E-15
4742	8.1376E-15
4744	8.1458E-15
4746	8.1389E-15
4748	8.132E-15
4750	8.1252E-15
4752	8.1333E-15
4754	8.1265E-15
4756	8.1196E-15
4758	8.1128E-15
4760	8.106E-15
4762	8.0843E-15
4764	8.0775E-15
4766	8.0707E-15
4768	8.0491E-15
4770	8.0424E-15
4772	8.0356E-15
4774	8.0215E-15
4776	8.0148E-15
4778	7.9933E-15
4780	7.9866E-15
4782	7.9653E-15
4784	7.944E-15
4786	7.93E-15
4788	7.9088E-15
4790	7.9022E-15
4792	7.8811E-15
4794	7.8745E-15
4796	7.868E-15
4798	7.8614E-15
4800	7.8404E-15
4802	7.8339E-15
4804	7.8201E-15
4806	7.7992E-15
4808	7.7784E-15
4810	7.7505E-15
4812	7.7298E-15
4814	7.695E-15
4816	7.6815E-15
4818	7.661E-15
4820	7.6547E-15
4822	7.6342E-15
4824	7.6279E-15
4826	7.6216E-15
4828	7.6153E-15
4830	7.588E-15
4832	7.5817E-15
4834	7.5615E-15
4836	7.5344E-15
4838	7.5005E-15
4840	7.4805E-15
4842	7.4537E-15
4844	7.4202E-15
4846	7.3935E-15
4848	7.3535E-15
4850	7.3204E-15
4852	7.2808E-15
4854	7.2414E-15
4856	7.2021E-15
4858	7.1698E-15
4860	7.1441E-15
4862	7.1251E-15
4864	7.1192E-15
4866	7.1265E-15
4868	7.1206E-15
4870	7.1476E-15
4872	7.1747E-15
4874	7.2019E-15
4876	7.2426E-15
4878	7.27E-15
4880	7.3043E-15
4882	7.3185E-15
4884	7.3126E-15
4886	7.3066E-15
4888	7.2872E-15
4890	7.2611E-15
4892	7.2418E-15
4894	7.2159E-15
4896	7.1968E-15
4898	7.1777E-15
4900	7.152E-15
4902	7.133E-15
4904	7.1141E-15
4906	7.0887E-15
4908	7.0699E-15
4910	7.0446E-15
4912	7.013E-15
4914	6.9944E-15
4916	6.9694E-15
4918	6.9509E-15
4920	6.9453E-15
4922	6.9269E-15
4924	6.9212E-15
4926	6.9156E-15
4928	6.91E-15
4930	6.9171E-15
4932	6.9115E-15
4934	6.9187E-15
4936	6.9258E-15
4938	6.9266E-15
4940	6.9465E-15
4942	6.9537E-15
4944	6.9673E-15
4946	6.9745E-15
4948	6.9881E-15
4950	6.9953E-15
4952	7.0026E-15
4954	6.9969E-15
4956	7.0106E-15
4958	7.005E-15
4960	7.0123E-15
4962	7.0066E-15
4964	7.001E-15
4966	6.9953E-15
4968	6.9768E-15
4970	6.9712E-15
4972	6.9656E-15
4974	6.96E-15
4976	6.948E-15
4978	6.9424E-15
4980	6.9432E-15
4982	6.9376E-15
4984	6.9321E-15
4986	6.9201E-15
4988	6.9146E-15
4990	6.8963E-15
4992	6.8781E-15
4994	6.8726E-15
4996	6.8545E-15
4998	6.8427E-15
5000	6.8247E-15
5002	6.8066E-15
5004	6.7824E-15
5006	6.7645E-15
5008	6.7467E-15
5010	6.7227E-15
5012	6.705E-15
5014	6.6873E-15
5016	6.682E-15
5018	6.6767E-15
5020	6.6591E-15
5022	6.6538E-15
5024	6.6607E-15
5026	6.6554E-15
5028	6.6501E-15
5030	6.6448E-15
5032	6.6396E-15
5034	6.6465E-15
5036	6.6412E-15
5038	6.636E-15
5040	6.6307E-15
5042	6.6254E-15
5044	6.6202E-15
5046	6.6149E-15
5048	6.6097E-15
5050	6.5923E-15
5052	6.575E-15
5054	6.5637E-15
5056	6.5585E-15
5058	6.5413E-15
5060	6.5361E-15
5062	6.5189E-15
5064	6.5138E-15
5066	6.5086E-15
5068	6.5035E-15
5070	6.4984E-15
5072	6.4932E-15
5074	6.4881E-15
5076	6.4771E-15
5078	6.46E-15
5080	6.4431E-15
5082	6.438E-15
5084	6.4211E-15
5086	6.4161E-15
5088	6.4051E-15
5090	6.3883E-15
5092	6.3833E-15
5094	6.3783E-15
5096	6.3732E-15
5098	6.3565E-15
5100	6.3516E-15
5102	6.3466E-15
5104	6.3299E-15
5106	6.325E-15
5108	6.3142E-15
5110	6.3093E-15
5112	6.3043E-15
5114	6.2878E-15
5116	6.2829E-15
5118	6.278E-15
5120	6.2615E-15
5122	6.2566E-15
5124	6.2518E-15
5126	6.2354E-15
5128	6.2248E-15
5130	6.2199E-15
5132	6.2151E-15
5134	6.2102E-15
5136	6.2054E-15
5138	6.2006E-15
5140	6.1958E-15
5142	6.1795E-15
5144	6.1747E-15
5146	6.1586E-15
5148	6.1538E-15
5150	6.149E-15
5152	6.1442E-15
5154	6.1338E-15
5156	6.1291E-15
5158	6.1187E-15
5160	6.1139E-15
5162	6.1036E-15
5164	6.0932E-15
5166	6.0885E-15
5168	6.0782E-15
5170	6.0679E-15
5172	6.0632E-15
5174	6.053E-15
5176	6.0427E-15
5178	6.0381E-15
5180	6.0278E-15
5182	6.0176E-15
5184	6.013E-15
5186	6.0028E-15
5188	5.9927E-15
5190	5.9825E-15
5192	5.9724E-15
5194	5.9678E-15
5196	5.9577E-15
5198	5.9477E-15
5200	5.9376E-15
5202	5.9276E-15
5204	5.9176E-15
5206	5.9076E-15
5208	5.8976E-15
5210	5.8931E-15
5212	5.8832E-15
5214	5.8678E-15
5216	5.8633E-15
5218	5.8589E-15
5220	5.8436E-15
5222	5.8391E-15
5224	5.8185E-15
5226	5.8141E-15
5228	5.799E-15
5230	5.7945E-15
5232	5.7794E-15
5234	5.7697E-15
5236	5.7547E-15
5238	5.7503E-15
5240	5.7353E-15
5242	5.7204E-15
5244	5.716E-15
5246	5.7117E-15
5248	5.7073E-15
5250	5.6977E-15
5252	5.6829E-15
5254	5.6786E-15
5256	5.6743E-15
5258	5.6595E-15
5260	5.6552E-15
5262	5.6509E-15
5264	5.6466E-15
5266	5.6423E-15
5268	5.6381E-15
5270	5.6338E-15
5272	5.6191E-15
5274	5.6097E-15
5276	5.6055E-15
5278	5.5909E-15
5280	5.5764E-15
5282	5.5619E-15
5284	5.5526E-15
5286	5.5382E-15
5288	5.5238E-15
5290	5.5196E-15
5292	5.5053E-15
5294	5.4961E-15
5296	5.4919E-15
5298	5.4777E-15
5300	5.4736E-15
5302	5.4594E-15
5304	5.4552E-15
5306	5.4461E-15
5308	5.432E-15
5310	5.4279E-15
5312	5.4138E-15
5314	5.4097E-15
5316	5.4057E-15
5318	5.3917E-15
5320	5.3876E-15
5322	5.3836E-15
5324	5.3746E-15
5326	5.3607E-15
5328	5.3566E-15
5330	5.3428E-15
5332	5.3289E-15
5334	5.32E-15
5336	5.3063E-15
5338	5.3023E-15
5340	5.2886E-15
5342	5.2749E-15
5344	5.2661E-15
5346	5.2525E-15
5348	5.2389E-15
5350	5.2253E-15
5352	5.2166E-15
5354	5.2031E-15
5356	5.1897E-15
5358	5.1715E-15
5360	5.1581E-15
5362	5.1448E-15
5364	5.1268E-15
5366	5.1135E-15
5368	5.1003E-15
5370	5.0824E-15
5372	5.0693E-15
5374	5.0515E-15
5376	5.0385E-15
5378	5.0255E-15
5380	4.9987E-15
5382	4.9812E-15
5384	4.9592E-15
5386	4.9327E-15
5388	4.9064E-15
5390	4.8848E-15
5392	4.8587E-15
5394	4.8328E-15
5396	4.8115E-15
5398	4.777E-15
5400	4.7515E-15
5402	4.7175E-15
5404	4.6837E-15
5406	4.6587E-15
5408	4.6339E-15
5410	4.6092E-15
5412	4.5973E-15
5414	4.5854E-15
5416	4.5736E-15
5418	4.5787E-15
5420	4.5838E-15
5422	4.5888E-15
5424	4.5981E-15
5426	4.6159E-15
5428	4.6296E-15
5430	4.6475E-15
5432	4.6569E-15
5434	4.6793E-15
5436	4.6888E-15
5438	4.7026E-15
5440	4.7209E-15
5442	4.7261E-15
5444	4.7357E-15
5446	4.7409E-15
5448	4.7506E-15
5450	4.7558E-15
5452	4.7611E-15
5454	4.7708E-15
5456	4.7673E-15
5458	4.7726E-15
5460	4.7779E-15
5462	4.7788E-15
5464	4.7841E-15
5466	4.7806E-15
5468	4.7859E-15
5470	4.7824E-15
5472	4.7877E-15
5474	4.7842E-15
5476	4.7851E-15
5478	4.7816E-15
5480	4.7782E-15
5482	4.7702E-15
5484	4.7668E-15
5486	4.7545E-15
5488	4.7511E-15
5490	4.7476E-15
5492	4.7441E-15
5494	4.732E-15
5496	4.7285E-15
5498	4.7251E-15
5500	4.7217E-15
5502	4.7182E-15
5504	4.7148E-15
5506	4.7114E-15
5508	4.708E-15
5510	4.7045E-15
5512	4.6925E-15
5514	4.6891E-15
5516	4.6857E-15
5518	4.678E-15
5520	4.6746E-15
5522	4.6712E-15
5524	4.6592E-15
5526	4.6558E-15
5528	4.6439E-15
5530	4.6406E-15
5532	4.6372E-15
5534	4.6339E-15
5536	4.622E-15
5538	4.6144E-15
5540	4.611E-15
5542	4.5992E-15
5544	4.5959E-15
5546	4.5842E-15
5548	4.5809E-15
5550	4.5776E-15
5552	4.5743E-15
5554	4.571E-15
5556	4.5677E-15
5558	4.5644E-15
5560	4.5611E-15
5562	4.5578E-15
5564	4.5504E-15
5566	4.5471E-15
5568	4.5355E-15
5570	4.5322E-15
5572	4.5206E-15
5574	4.5174E-15
5576	4.5141E-15
5578	4.5109E-15
5580	4.4994E-15
5582	4.4961E-15
5584	4.4929E-15
5586	4.4897E-15
5588	4.4865E-15
5590	4.4833E-15
5592	4.4801E-15
5594	4.4769E-15
5596	4.4737E-15
5598	4.4705E-15
5600	4.4673E-15
5602	4.46E-15
5604	4.4486E-15
5606	4.4454E-15
5608	4.4341E-15
5610	4.4228E-15
5612	4.4155E-15
5614	4.4043E-15
5616	4.4011E-15
5618	4.3899E-15
5620	4.3868E-15
5622	4.3837E-15
5624	4.3725E-15
5626	4.3694E-15
5628	4.3623E-15
5630	4.3592E-15
5632	4.3561E-15
5634	4.345E-15
5636	4.3419E-15
5638	4.3388E-15
5640	4.3277E-15
5642	4.3247E-15
5644	4.3216E-15
5646	4.3106E-15
5648	4.3076E-15
5650	4.3005E-15
5652	4.2975E-15
5654	4.2945E-15
5656	4.2914E-15
5658	4.2884E-15
5660	4.2775E-15
5662	4.2745E-15
5664	4.2714E-15
5666	4.2606E-15
5668	4.2576E-15
5670	4.2546E-15
5672	4.2476E-15
5674	4.2447E-15
5676	4.2338E-15
5678	4.2309E-15
5680	4.2279E-15
5682	4.2171E-15
5684	4.2142E-15
5686	4.2034E-15
5688	4.2005E-15
5690	4.1937E-15
5692	4.183E-15
5694	4.1801E-15
5696	4.1772E-15
5698	4.1665E-15
5700	4.1636E-15
5702	4.1607E-15
5704	4.1501E-15
5706	4.1434E-15
5708	4.1405E-15
5710	4.13E-15
5712	4.1271E-15
5714	4.1166E-15
5716	4.1137E-15
5718	4.1108E-15
5720	4.1004E-15
5722	4.0938E-15
5724	4.0909E-15
5726	4.0881E-15
5728	4.0777E-15
5730	4.0748E-15
5732	4.072E-15
5734	4.0692E-15
5736	4.0663E-15
5738	4.056E-15
5740	4.0532E-15
5742	4.0504E-15
5744	4.0401E-15
5746	4.0336E-15
5748	4.0308E-15
5750	4.0205E-15
5752	4.0177E-15
5754	4.015E-15
5756	4.0048E-15
5758	4.002E-15
5760	3.9992E-15
5762	3.9928E-15
5764	3.9827E-15
5766	3.9799E-15
5768	3.9771E-15
5770	3.9744E-15
5772	3.9643E-15
5774	3.9616E-15
5776	3.9588E-15
5778	3.9488E-15
5780	3.9461E-15
5782	3.9433E-15
5784	3.937E-15
5786	3.9343E-15
5788	3.9243E-15
5790	3.9216E-15
5792	3.9189E-15
5794	3.9162E-15
5796	3.9135E-15
5798	3.9036E-15
5800	3.9009E-15
5802	3.8982E-15
5804	3.8883E-15
5806	3.8821E-15
5808	3.8794E-15
5810	3.8767E-15
5812	3.867E-15
5814	3.8643E-15
5816	3.8545E-15
5818	3.8519E-15
5820	3.8492E-15
5822	3.836E-15
5824	3.8333E-15
5826	3.8237E-15
5828	3.821E-15
5830	3.8114E-15
5832	3.8053E-15
5834	3.7957E-15
5836	3.7861E-15
5838	3.7835E-15
5840	3.7739E-15
5842	3.7609E-15
5844	3.7584E-15
5846	3.7489E-15
5848	3.7394E-15
5850	3.7334E-15
5852	3.7172E-15
5854	3.7044E-15
5856	3.695E-15
5858	3.6789E-15
5860	3.6595E-15
5862	3.6469E-15
5864	3.621E-15
5866	3.6019E-15
5868	3.5764E-15
5870	3.5542E-15
5872	3.5355E-15
5874	3.5104E-15
5876	3.5047E-15
5878	3.4959E-15
5880	3.4871E-15
5882	3.4912E-15
5884	3.4984E-15
5886	3.5025E-15
5888	3.5163E-15
5890	3.5366E-15
5892	3.5473E-15
5894	3.5678E-15
5896	3.5818E-15
5898	3.5959E-15
5900	3.6001E-15
5902	3.6076E-15
5904	3.6118E-15
5906	3.6094E-15
5908	3.6069E-15
5910	3.6045E-15
5912	3.6021E-15
5914	3.5996E-15
5916	3.5972E-15
5918	3.5948E-15
5920	3.5923E-15
5922	3.5899E-15
5924	3.5875E-15
5926	3.5785E-15
5928	3.5761E-15
5930	3.5704E-15
5932	3.5679E-15
5934	3.559E-15
5936	3.5566E-15
5938	3.5542E-15
5940	3.5453E-15
5942	3.5429E-15
5944	3.5405E-15
5946	3.5381E-15
5948	3.5357E-15
5950	3.5333E-15
5952	3.531E-15
5954	3.5286E-15
5956	3.5262E-15
5958	3.5239E-15
5960	3.5215E-15
5962	3.5127E-15
5964	3.5103E-15
5966	3.508E-15
5968	3.5056E-15
5970	3.5E-15
5972	3.4977E-15
5974	3.4889E-15
5976	3.4866E-15
5978	3.4778E-15
5980	3.4755E-15
5982	3.4732E-15
5984	3.4645E-15
5986	3.459E-15
5988	3.4567E-15
5990	3.4544E-15
5992	3.4457E-15
5994	3.4434E-15
5996	3.4411E-15
5998	3.4388E-15
6000	3.4302E-15
6002	3.4279E-15
6004	3.4256E-15
6006	3.4233E-15
6008	3.4148E-15
6010	3.4125E-15
6012	3.4071E-15
6014	3.4048E-15
6016	3.4026E-15
6018	3.394E-15
6020	3.3918E-15
6022	3.3895E-15
6024	3.3873E-15
6026	3.3788E-15
6028	3.3766E-15
6030	3.3743E-15
6032	3.3721E-15
6034	3.3698E-15
6036	3.3676E-15
6038	3.3592E-15
6040	3.357E-15
6042	3.3517E-15
6044	3.3494E-15
6046	3.3472E-15
6048	3.3389E-15
6050	3.3367E-15
6052	3.3283E-15
6054	3.3261E-15
6056	3.3208E-15
6058	3.3125E-15
6060	3.3104E-15
6062	3.3082E-15
6064	3.2999E-15
6066	3.2977E-15
6068	3.2956E-15
6070	3.2873E-15
6072	3.2852E-15
6074	3.283E-15
6076	3.2778E-15
6078	3.2696E-15
6080	3.2675E-15
6082	3.2593E-15
6084	3.2512E-15
6086	3.2461E-15
6088	3.2439E-15
6090	3.2418E-15
6092	3.2397E-15
6094	3.2375E-15
6096	3.2354E-15
6098	3.2333E-15
6100	3.2312E-15
6102	3.2291E-15
6104	3.2269E-15
6106	3.2189E-15
6108	3.2168E-15
6110	3.2147E-15
6112	3.2067E-15
6114	3.2046E-15
6116	3.1966E-15
6118	3.1915E-15
6120	3.1895E-15
6122	3.1815E-15
6124	3.1794E-15
6126	3.1715E-15
6128	3.1695E-15
6130	3.1674E-15
6132	3.1653E-15
6134	3.1574E-15
6136	3.1554E-15
6138	3.1533E-15
6140	3.1484E-15
6142	3.1463E-15
6144	3.1443E-15
6146	3.1422E-15
6148	3.1402E-15
6150	3.1324E-15
6152	3.1303E-15
6154	3.1283E-15
6156	3.1205E-15
6158	3.1156E-15
6160	3.1078E-15
6162	3.1058E-15
6164	3.0981E-15
6166	3.0961E-15
6168	3.0941E-15
6170	3.0864E-15
6172	3.0844E-15
6174	3.0824E-15
6176	3.0804E-15
6178	3.0756E-15
6180	3.0736E-15
6182	3.0659E-15
6184	3.0639E-15
6186	3.062E-15
6188	3.0544E-15
6190	3.0524E-15
6192	3.0448E-15
6194	3.0428E-15
6196	3.0381E-15
6198	3.0361E-15
6200	3.0286E-15
6202	3.0266E-15
6204	3.0191E-15
6206	3.0172E-15
6208	3.0097E-15
6210	3.0049E-15
6212	3.003E-15
6214	3.0011E-15
6216	2.9936E-15
6218	2.9917E-15
6220	2.9898E-15
6222	2.9824E-15
6224	2.9804E-15
6226	2.9758E-15
6228	2.9684E-15
6230	2.9665E-15
6232	2.9646E-15
6234	2.9627E-15
6236	2.9553E-15
6238	2.9534E-15
6240	2.9516E-15
6242	2.9497E-15
6244	2.9478E-15
6246	2.9405E-15
6248	2.9386E-15
6250	2.9367E-15
6252	2.9348E-15
6254	2.933E-15
6256	2.9284E-15
6258	2.9265E-15
6260	2.9246E-15
6262	2.9174E-15
6264	2.9155E-15
6266	2.9083E-15
6268	2.9064E-15
6270	2.8993E-15
6272	2.8974E-15
6274	2.8876E-15
6276	2.8857E-15
6278	2.8786E-15
6280	2.8767E-15
6282	2.8696E-15
6284	2.8678E-15
6286	2.8633E-15
6288	2.8615E-15
6290	2.8597E-15
6292	2.8579E-15
6294	2.8561E-15
6296	2.849E-15
6298	2.8472E-15
6300	2.8454E-15
6302	2.8436E-15
6304	2.8418E-15
6306	2.8347E-15
6308	2.8329E-15
6310	2.8311E-15
6312	2.8293E-15
6314	2.8276E-15
6316	2.8206E-15
6318	2.8162E-15
6320	2.8092E-15
6322	2.8023E-15
6324	2.8005E-15
6326	2.791E-15
6328	2.7892E-15
6330	2.7823E-15
6332	2.7806E-15
6334	2.7788E-15
6336	2.772E-15
6338	2.7702E-15
6340	2.7685E-15
6342	2.7667E-15
6344	2.765E-15
6346	2.7632E-15
6348	2.7615E-15
6350	2.7598E-15
6352	2.758E-15
6354	2.7563E-15
6356	2.7546E-15
6358	2.7528E-15
6360	2.7486E-15
6362	2.7418E-15
6364	2.7401E-15
6366	2.7333E-15
6368	2.7316E-15
6370	2.7248E-15
6372	2.7206E-15
6374	2.7189E-15
6376	2.7172E-15
6378	2.7155E-15
6380	2.7138E-15
6382	2.7121E-15
6384	2.7104E-15
6386	2.7037E-15
6388	2.702E-15
6390	2.7003E-15
6392	2.6937E-15
6394	2.692E-15
6396	2.6854E-15
6398	2.6812E-15
6400	2.6746E-15
6402	2.6729E-15
6404	2.6663E-15
6406	2.6647E-15
6408	2.663E-15
6410	2.6614E-15
6412	2.6548E-15
6414	2.6532E-15
6416	2.6515E-15
6418	2.6474E-15
6420	2.6458E-15
6422	2.6441E-15
6424	2.6376E-15
6426	2.636E-15
6428	2.6343E-15
6430	2.6278E-15
6432	2.6262E-15
6434	2.6246E-15
6436	2.6205E-15
6438	2.6141E-15
6440	2.6125E-15
6442	2.606E-15
6444	2.6044E-15
6446	2.6028E-15
6448	2.5964E-15
6450	2.5948E-15
6452	2.5932E-15
6454	2.5916E-15
6456	2.59E-15
6458	2.5883E-15
6460	2.5844E-15
6462	2.578E-15
6464	2.5764E-15
6466	2.5701E-15
6468	2.5685E-15
6470	2.5622E-15
6472	2.5583E-15
6474	2.5567E-15
6476	2.5504E-15
6478	2.5441E-15
6480	2.5379E-15
6482	2.534E-15
6484	2.5278E-15
6486	2.5215E-15
6488	2.52E-15
6490	2.5138E-15
6492	2.5099E-15
6494	2.5038E-15
6496	2.4976E-15
6498	2.4938E-15
6500	2.4877E-15
6502	2.477E-15
6504	2.4687E-15
6506	2.4626E-15
6508	2.4543E-15
6510	2.4438E-15
6512	2.431E-15
6514	2.4228E-15
6516	2.4125E-15
6518	2.3999E-15
6520	2.3896E-15
6522	2.3815E-15
6524	2.3713E-15
6526	2.3633E-15
6528	2.3532E-15
6530	2.3453E-15
6532	2.3395E-15
6534	2.3316E-15
6536	2.3216E-15
6538	2.3096E-15
6540	2.3018E-15
6542	2.2856E-15
6544	2.2716E-15
6546	2.2598E-15
6548	2.2439E-15
6550	2.2261E-15
6552	2.2104E-15
6554	2.1969E-15
6556	2.1855E-15
6558	2.1701E-15
6560	2.1628E-15
6562	2.1535E-15
6564	2.1463E-15
6566	2.145E-15
6568	2.1476E-15
6570	2.1483E-15
6572	2.1549E-15
6574	2.1635E-15
6576	2.1722E-15
6578	2.1789E-15
6580	2.1916E-15
6582	2.2045E-15
6584	2.2133E-15
6586	2.2263E-15
6588	2.2352E-15
6590	2.2441E-15
6592	2.2469E-15
6594	2.2518E-15
6596	2.2587E-15
6598	2.2615E-15
6600	2.2622E-15
6602	2.265E-15
6604	2.2678E-15
6606	2.2706E-15
6608	2.2755E-15
6610	2.2783E-15
6612	2.2812E-15
6614	2.2861E-15
6616	2.2889E-15
6618	2.2896E-15
6620	2.2925E-15
6622	2.2953E-15
6624	2.2939E-15
6626	2.2968E-15
6628	2.2954E-15
6630	2.294E-15
6632	2.2926E-15
6634	2.2912E-15
6636	2.2899E-15
6638	2.2885E-15
6640	2.2871E-15
6642	2.2857E-15
6644	2.2843E-15
6646	2.283E-15
6648	2.2816E-15
6650	2.2802E-15
6652	2.2789E-15
6654	2.2775E-15
6656	2.2719E-15
6658	2.2706E-15
6660	2.265E-15
6662	2.2595E-15
6664	2.2519E-15
6666	2.2464E-15
6668	2.2389E-15
6670	2.2293E-15
6672	2.2177E-15
6674	2.2103E-15
6676	2.1968E-15
6678	2.1894E-15
6680	2.1801E-15
6682	2.1767E-15
6684	2.1714E-15
6686	2.1661E-15
6688	2.1688E-15
6690	2.1715E-15
6692	2.1722E-15
6694	2.179E-15
6696	2.1877E-15
6698	2.1945E-15
6700	2.1992E-15
6702	2.202E-15
6704	2.2067E-15
6706	2.2095E-15
6708	2.2082E-15
6710	2.2109E-15
6712	2.2137E-15
6714	2.2144E-15
6716	2.2131E-15
6718	2.2118E-15
6720	2.2105E-15
6722	2.2091E-15
6724	2.2058E-15
6726	2.2045E-15
6728	2.1991E-15
6730	2.1978E-15
6732	2.1965E-15
6734	2.1912E-15
6736	2.1899E-15
6738	2.1886E-15
6740	2.1832E-15
6742	2.1819E-15
6744	2.1806E-15
6746	2.1773E-15
6748	2.1761E-15
6750	2.1708E-15
6752	2.1695E-15
6754	2.1682E-15
6756	2.1669E-15
6758	2.1656E-15
6760	2.1643E-15
6762	2.1631E-15
6764	2.1618E-15
6766	2.1645E-15
6768	2.1632E-15
6770	2.1619E-15
6772	2.1607E-15
6774	2.1554E-15
6776	2.1541E-15
6778	2.1529E-15
6780	2.1516E-15
6782	2.1464E-15
6784	2.1451E-15
6786	2.1438E-15
6788	2.1426E-15
6790	2.1413E-15
6792	2.1401E-15
6794	2.1388E-15
6796	2.1375E-15
6798	2.1363E-15
6800	2.135E-15
6802	2.1298E-15
6804	2.1266E-15
6806	2.1254E-15
6808	2.1202E-15
6810	2.119E-15
6812	2.1138E-15
6814	2.1126E-15
6816	2.1075E-15
6818	2.1062E-15
6820	2.1031E-15
6822	2.1018E-15
6824	2.0967E-15
6826	2.0955E-15
6828	2.0943E-15
6830	2.0892E-15
6832	2.088E-15
6834	2.0867E-15
6836	2.0817E-15
6838	2.0805E-15
6840	2.0793E-15
6842	2.078E-15
6844	2.0768E-15
6846	2.0737E-15
6848	2.0706E-15
6850	2.0694E-15
6852	2.0663E-15
6854	2.0651E-15
6856	2.062E-15
6858	2.0608E-15
6860	2.0577E-15
6862	2.0565E-15
6864	2.0534E-15
6866	2.0522E-15
6868	2.0491E-15
6870	2.0479E-15
6872	2.0448E-15
6874	2.0436E-15
6876	2.0406E-15
6878	2.0394E-15
6880	2.0363E-15
6882	2.0351E-15
6884	2.0321E-15
6886	2.0309E-15
6888	2.0278E-15
6890	2.0267E-15
6892	2.0236E-15
6894	2.0224E-15
6896	2.0194E-15
6898	2.0182E-15
6900	2.0152E-15
6902	2.0141E-15
6904	2.011E-15
6906	2.0099E-15
6908	2.0069E-15
6910	2.0057E-15
6912	2.0027E-15
6914	2.0015E-15
6916	1.9985E-15
6918	1.9974E-15
6920	1.9944E-15
6922	1.9932E-15
6924	1.9902E-15
6926	1.9891E-15
6928	1.9861E-15
6930	1.985E-15
6932	1.982E-15
6934	1.9809E-15
6936	1.9779E-15
6938	1.9767E-15
6940	1.9738E-15
6942	1.9727E-15
6944	1.9697E-15
6946	1.9686E-15
6948	1.9656E-15
6950	1.9645E-15
6952	1.9634E-15
6954	1.9586E-15
6956	1.9575E-15
6958	1.9564E-15
6960	1.9552E-15
6962	1.9505E-15
6964	1.9494E-15
6966	1.9483E-15
6968	1.9472E-15
6970	1.9425E-15
6972	1.9414E-15
6974	1.9385E-15
6976	1.9373E-15
6978	1.9327E-15
6980	1.9316E-15
6982	1.9269E-15
6984	1.9258E-15
6986	1.9247E-15
6988	1.9236E-15
6990	1.9225E-15
6992	1.9214E-15
6994	1.9203E-15
6996	1.9192E-15
6998	1.9181E-15
7000	1.917E-15
7002	1.9142E-15
7004	1.9095E-15
7006	1.9084E-15
7008	1.9038E-15
7010	1.9028E-15
7012	1.8982E-15
7014	1.8971E-15
7016	1.8943E-15
7018	1.8897E-15
7020	1.8886E-15
7022	1.8875E-15
7024	1.8865E-15
7026	1.8854E-15
7028	1.8843E-15
7030	1.8833E-15
7032	1.8822E-15
7034	1.8811E-15
7036	1.88E-15
7038	1.879E-15
7040	1.8745E-15
7042	1.8734E-15
7044	1.8689E-15
7046	1.8661E-15
7048	1.8616E-15
7050	1.8571E-15
7052	1.851E-15
7054	1.8431E-15
7056	1.837E-15
7058	1.8292E-15
7060	1.8231E-15
7062	1.8154E-15
7064	1.8093E-15
7066	1.805E-15
7068	1.799E-15
7070	1.798E-15
7072	1.797E-15
7074	1.7959E-15
7076	1.7999E-15
7078	1.8022E-15
7080	1.8062E-15
7082	1.8085E-15
7084	1.8108E-15
7086	1.8148E-15
7088	1.8137E-15
7090	1.8127E-15
7092	1.8117E-15
7094	1.8107E-15
7096	1.8096E-15
7098	1.807E-15
7100	1.8026E-15
7102	1.8016E-15
7104	1.7973E-15
7106	1.7963E-15
7108	1.7952E-15
7110	1.7942E-15
7112	1.7899E-15
7114	1.7922E-15
7116	1.7912E-15
7118	1.7902E-15
7120	1.7859E-15
7122	1.7849E-15
7124	1.7839E-15
7126	1.7829E-15
7128	1.7819E-15
7130	1.7809E-15
7132	1.7783E-15
7134	1.774E-15
7136	1.773E-15
7138	1.7687E-15
7140	1.7678E-15
7142	1.7635E-15
7144	1.7609E-15
7146	1.7599E-15
7148	1.7589E-15
7150	1.7547E-15
7152	1.7505E-15
7154	1.7495E-15
7156	1.7437E-15
7158	1.7396E-15
7160	1.7354E-15
7162	1.7296E-15
7164	1.7255E-15
7166	1.7213E-15
7168	1.7188E-15
7170	1.7147E-15
7172	1.7106E-15
7174	1.7096E-15
7176	1.7087E-15
7178	1.7077E-15
7180	1.7068E-15
7182	1.7058E-15
7184	1.708E-15
7186	1.707E-15
7188	1.7061E-15
7190	1.7051E-15
7192	1.7042E-15
7194	1.7033E-15
7196	1.7023E-15
7198	1.7014E-15
7200	1.7036E-15
7202	1.7042E-15
7204	1.7032E-15
7206	1.7054E-15
7208	1.7076E-15
7210	1.7067E-15
7212	1.7089E-15
7214	1.7095E-15
7216	1.707E-15
7218	1.7029E-15
7220	1.702E-15
7222	1.6979E-15
7224	1.6938E-15
7226	1.6882E-15
7228	1.6842E-15
7230	1.6832E-15
7232	1.6777E-15
7234	1.6767E-15
7236	1.6758E-15
7238	1.6718E-15
7240	1.6709E-15
7242	1.67E-15
7244	1.669E-15
7246	1.6681E-15
7248	1.6641E-15
7250	1.6632E-15
7252	1.6623E-15
7254	1.6583E-15
7256	1.6574E-15
7258	1.655E-15
7260	1.654E-15
7262	1.6531E-15
7264	1.6492E-15
7266	1.6483E-15
7268	1.6443E-15
7270	1.6404E-15
7272	1.638E-15
7274	1.6341E-15
7276	1.6302E-15
7278	1.6278E-15
7280	1.6239E-15
7282	1.623E-15
7284	1.6221E-15
7286	1.6212E-15
7288	1.6203E-15
7290	1.6194E-15
7292	1.6186E-15
7294	1.6177E-15
7296	1.6168E-15
7298	1.6129E-15
7300	1.612E-15
7302	1.6112E-15
7304	1.6073E-15
7306	1.6064E-15
7308	1.6055E-15
7310	1.6047E-15
7312	1.6038E-15
7314	1.6029E-15
7316	1.602E-15
7318	1.6041E-15
7320	1.6032E-15
7322	1.6053E-15
7324	1.6044E-15
7326	1.6065E-15
7328	1.6056E-15
7330	1.6048E-15
7332	1.6039E-15
7334	1.603E-15
7336	1.5992E-15
7338	1.5983E-15
7340	1.5975E-15
7342	1.5966E-15
7344	1.5957E-15
7346	1.5948E-15
7348	1.594E-15
7350	1.5902E-15
7352	1.5893E-15
7354	1.5855E-15
7356	1.5847E-15
7358	1.5823E-15
7360	1.5786E-15
7362	1.5777E-15
7364	1.5769E-15
7366	1.5731E-15
7368	1.5723E-15
7370	1.5714E-15
7372	1.5705E-15
7374	1.5697E-15
7376	1.566E-15
7378	1.5637E-15
7380	1.5628E-15
7382	1.562E-15
7384	1.5611E-15
7386	1.5603E-15
7388	1.5594E-15
7390	1.5586E-15
7392	1.5577E-15
7394	1.5569E-15
7396	1.5561E-15
7398	1.5524E-15
7400	1.5515E-15
7402	1.5507E-15
7404	1.547E-15
7406	1.5462E-15
7408	1.5453E-15
7410	1.5473E-15
7412	1.5465E-15
7414	1.5457E-15
7416	1.5448E-15
7418	1.544E-15
7420	1.5432E-15
7422	1.5423E-15
7424	1.5387E-15
7426	1.535E-15
7428	1.5328E-15
7430	1.5291E-15
7432	1.5283E-15
7434	1.5247E-15
7436	1.521E-15
7438	1.5188E-15
7440	1.518E-15
7442	1.5144E-15
7444	1.5136E-15
7446	1.51E-15
7448	1.5092E-15
7450	1.5084E-15
7452	1.5062E-15
7454	1.5054E-15
7456	1.5046E-15
7458	1.501E-15
7460	1.5002E-15
7462	1.4994E-15
7464	1.4986E-15
7466	1.495E-15
7468	1.4942E-15
7470	1.4907E-15
7472	1.4899E-15
7474	1.4891E-15
7476	1.4883E-15
7478	1.4875E-15
7480	1.4867E-15
7482	1.4845E-15
7484	1.481E-15
7486	1.4802E-15
7488	1.4767E-15
7490	1.4759E-15
7492	1.4724E-15
7494	1.4716E-15
7496	1.4695E-15
7498	1.4687E-15
7500	1.4652E-15
7502	1.4644E-15
7504	1.4636E-15
7506	1.4602E-15
7508	1.4594E-15
7510	1.4586E-15
7512	1.4552E-15
7514	1.4544E-15
7516	1.4523E-15
7518	1.4515E-15
7520	1.4507E-15
7522	1.4473E-15
7524	1.4465E-15
7526	1.4457E-15
7528	1.445E-15
7530	1.4442E-15
7532	1.4434E-15
7534	1.44E-15
7536	1.4393E-15
7538	1.4385E-15
7540	1.4364E-15
7542	1.433E-15
7544	1.4296E-15
7546	1.4288E-15
7548	1.4255E-15
7550	1.4273E-15
7552	1.4253E-15
7554	1.4245E-15
7556	1.4225E-15
7558	1.4204E-15
7560	1.4196E-15
7562	1.4176E-15
7564	1.4168E-15
7566	1.4148E-15
7568	1.414E-15
7570	1.412E-15
7572	1.4099E-15
7574	1.4092E-15
7576	1.4071E-15
7578	1.4064E-15
7580	1.4044E-15
7582	1.4036E-15
7584	1.4016E-15
7586	1.4009E-15
7588	1.3988E-15
7590	1.3968E-15
7592	1.3961E-15
7594	1.3941E-15
7596	1.3933E-15
7598	1.3913E-15
7600	1.3906E-15
7602	1.3886E-15
7604	1.3878E-15
7606	1.3858E-15
7608	1.3851E-15
7610	1.3831E-15
7612	1.3824E-15
7614	1.3804E-15
7616	1.3796E-15
7618	1.3776E-15
7620	1.3769E-15
7622	1.3749E-15
7624	1.3742E-15
7626	1.3722E-15
7628	1.3715E-15
7630	1.3708E-15
7632	1.3688E-15
7634	1.3681E-15
7636	1.3661E-15
7638	1.3654E-15
7640	1.3634E-15
7642	1.3627E-15
7644	1.3608E-15
7646	1.36E-15
7648	1.3593E-15
7650	1.3574E-15
7652	1.3567E-15
7654	1.3547E-15
7656	1.354E-15
7658	1.352E-15
7660	1.3513E-15
7662	1.3506E-15
7664	1.3487E-15
7666	1.348E-15
7668	1.346E-15
7670	1.3453E-15
7672	1.3446E-15
7674	1.3427E-15
7676	1.342E-15
7678	1.3401E-15
7680	1.3394E-15
7682	1.3387E-15
7684	1.3367E-15
7686	1.336E-15
7688	1.3353E-15
7690	1.3334E-15
7692	1.334E-15
7694	1.3308E-15
7696	1.3301E-15
7698	1.3294E-15
7700	1.3287E-15
7702	1.328E-15
7704	1.3274E-15
7706	1.3267E-15
7708	1.326E-15
7710	1.3241E-15
7712	1.3209E-15
7714	1.3178E-15
7716	1.3172E-15
7718	1.314E-15
7720	1.3122E-15
7722	1.3115E-15
7724	1.3084E-15
7726	1.3077E-15
7728	1.307E-15
7730	1.3039E-15
7732	1.3033E-15
7734	1.3002E-15
7736	1.2983E-15
7738	1.2977E-15
7740	1.2946E-15
7742	1.2916E-15
7744	1.2885E-15
7746	1.2867E-15
7748	1.286E-15
7750	1.2853E-15
7752	1.2847E-15
7754	1.2852E-15
7756	1.2869E-15
7758	1.2862E-15
7760	1.2879E-15
7762	1.2873E-15
7764	1.2866E-15
7766	1.286E-15
7768	1.2853E-15
7770	1.2823E-15
7772	1.2816E-15
7774	1.2809E-15
7776	1.2779E-15
7778	1.2761E-15
7780	1.2754E-15
7782	1.2724E-15
7784	1.2694E-15
7786	1.2676E-15
7788	1.2646E-15
7790	1.264E-15
7792	1.261E-15
7794	1.2604E-15
7796	1.2597E-15
7798	1.2591E-15
7800	1.2561E-15
7802	1.2555E-15
7804	1.2548E-15
7806	1.253E-15
7808	1.2501E-15
7810	1.2471E-15
7812	1.2465E-15
7814	1.2459E-15
7816	1.2429E-15
7818	1.2412E-15
7820	1.2405E-15
7822	1.2399E-15
7824	1.2393E-15
7826	1.2386E-15
7828	1.238E-15
7830	1.2385E-15
7832	1.2379E-15
7834	1.2372E-15
7836	1.2366E-15
7838	1.2348E-15
7840	1.2342E-15
7842	1.2313E-15
7844	1.2307E-15
7846	1.2278E-15
7848	1.2272E-15
7850	1.2265E-15
7852	1.2259E-15
7854	1.2253E-15
7856	1.2247E-15
7858	1.224E-15
7860	1.2234E-15
7862	1.2228E-15
7864	1.2222E-15
7866	1.2215E-15
7868	1.2187E-15
7870	1.2181E-15
7872	1.2163E-15
7874	1.2157E-15
7876	1.2129E-15
7878	1.2122E-15
7880	1.2094E-15
7882	1.2088E-15
7884	1.2059E-15
7886	1.2042E-15
7888	1.2036E-15
7890	1.203E-15
7892	1.2024E-15
7894	1.2051E-15
7896	1.2045E-15
7898	1.2061E-15
7900	1.2055E-15
7902	1.2071E-15
7904	1.2043E-15
7906	1.2037E-15
7908	1.2008E-15
7910	1.198E-15
7912	1.1963E-15
7914	1.1935E-15
7916	1.1907E-15
7918	1.189E-15
7920	1.1862E-15
7922	1.1856E-15
7924	1.1829E-15
7926	1.1823E-15
7928	1.1817E-15
7930	1.1811E-15
7932	1.1805E-15
7934	1.1799E-15
7936	1.1793E-15
7938	1.1787E-15
7940	1.1781E-15
7942	1.1775E-15
7944	1.1791E-15
7946	1.1785E-15
7948	1.1779E-15
7950	1.1773E-15
7952	1.1745E-15
7954	1.1739E-15
7956	1.1712E-15
7958	1.1706E-15
7960	1.1689E-15
7962	1.1662E-15
7964	1.1656E-15
7966	1.165E-15
7968	1.1644E-15
7970	1.1639E-15
7972	1.1611E-15
7974	1.1606E-15
7976	1.1568E-15
7978	1.1541E-15
7980	1.1514E-15
7982	1.1508E-15
7984	1.1481E-15
7986	1.1465E-15
7988	1.1459E-15
7990	1.1453E-15
7992	1.1426E-15
7994	1.1421E-15
7996	1.1415E-15
7998	1.1388E-15
8000	1.1383E-15
8002	1.1377E-15
8004	1.1371E-15
8006	1.1366E-15
8008	1.1381E-15
8010	1.1375E-15
8012	1.1369E-15
8014	1.1364E-15
8016	1.1358E-15
8018	1.1332E-15
8020	1.1326E-15
8022	1.132E-15
8024	1.1315E-15
8026	1.1309E-15
8028	1.1303E-15
8030	1.1319E-15
8032	1.1313E-15
8034	1.1307E-15
8036	1.1302E-15
8038	1.1296E-15
8040	1.1311E-15
8042	1.1306E-15
8044	1.1279E-15
8046	1.1274E-15
8048	1.1268E-15
8050	1.1242E-15
8052	1.1236E-15
8054	1.123E-15
8056	1.1225E-15
8058	1.1219E-15
8060	1.1214E-15
8062	1.1198E-15
8064	1.1172E-15
8066	1.1166E-15
8068	1.114E-15
8070	1.1135E-15
8072	1.1129E-15
8074	1.1124E-15
8076	1.1098E-15
8078	1.1092E-15
8080	1.1087E-15
8082	1.1071E-15
8084	1.1045E-15
8086	1.104E-15
8088	1.1014E-15
8090	1.1008E-15
8092	1.0983E-15
8094	1.0977E-15
8096	1.0972E-15
8098	1.0966E-15
8100	1.0951E-15
8102	1.0945E-15
8104	1.094E-15
8106	1.0915E-15
8108	1.0909E-15
8110	1.0904E-15
8112	1.0898E-15
8114	1.0893E-15
8116	1.0868E-15
8118	1.0842E-15
8120	1.0827E-15
8122	1.0822E-15
8124	1.0796E-15
8126	1.0771E-15
8128	1.0766E-15
8130	1.0741E-15
8132	1.0736E-15
8134	1.072E-15
8136	1.0715E-15
8138	1.071E-15
8140	1.0705E-15
8142	1.068E-15
8144	1.0674E-15
8146	1.065E-15
8148	1.0644E-15
8150	1.0639E-15
8152	1.0624E-15
8154	1.0619E-15
8156	1.0614E-15
8158	1.0589E-15
8160	1.0584E-15
8162	1.0559E-15
8164	1.0554E-15
8166	1.0549E-15
8168	1.0544E-15
8170	1.0538E-15
8172	1.0533E-15
8174	1.0528E-15
8176	1.0523E-15
8178	1.0518E-15
8180	1.0513E-15
8182	1.0508E-15
8184	1.0502E-15
8186	1.0497E-15
8188	1.0492E-15
8190	1.0468E-15
8192	1.0453E-15
8194	1.0429E-15
8196	1.0404E-15
8198	1.0371E-15
8200	1.0346E-15
8202	1.0322E-15
8204	1.0298E-15
8206	1.0284E-15
8208	1.026E-15
8210	1.0236E-15
8212	1.0212E-15
8214	1.0179E-15
8216	1.0146E-15
8218	1.0104E-15
8220	1.0071E-15
8222	1.0029E-15
8224	9.9966E-16
8226	9.9917E-16
8228	9.9685E-16
8230	9.9637E-16
8232	9.9772E-16
8234	9.9816E-16
8236	1.0014E-15
8238	1.0009E-15
8240	1.0031E-15
8242	1.0045E-15
8244	1.0022E-15
8246	1.0017E-15
8248	1.0003E-15
8250	9.9796E-16
8252	9.9748E-16
8254	9.9516E-16
8256	9.9468E-16
8258	9.942E-16
8260	9.9372E-16
8262	9.9141E-16
8264	9.9E-16
8266	9.8953E-16
8268	9.8723E-16
8270	9.8494E-16
8272	9.8446E-16
8274	9.8218E-16
8276	9.817E-16
8278	9.8123E-16
8280	9.8256E-16
8282	9.8209E-16
8284	9.8342E-16
8286	9.8475E-16
8288	9.8428E-16
8290	9.8654E-16
8292	9.8788E-16
8294	9.8922E-16
8296	9.8965E-16
8298	9.91E-16
8300	9.9052E-16
8302	9.9004E-16
8304	9.8956E-16
8306	9.8909E-16
8308	9.868E-16
8310	9.8541E-16
8312	9.8313E-16
8314	9.8085E-16
8316	9.7766E-16
8318	9.754E-16
8320	9.7493E-16
8322	9.7267E-16
8324	9.722E-16
8326	9.7173E-16
8328	9.7127E-16
8330	9.708E-16
8332	9.7033E-16
8334	9.6987E-16
8336	9.694E-16
8338	9.7072E-16
8340	9.6847E-16
8342	9.6801E-16
8344	9.6754E-16
8346	9.6708E-16
8348	9.6662E-16
8350	9.6615E-16
8352	9.6569E-16
8354	9.6523E-16
8356	9.6477E-16
8358	9.6431E-16
8360	9.6384E-16
8362	9.6161E-16
8364	9.6115E-16
8366	9.5981E-16
8368	9.5935E-16
8370	9.5713E-16
8372	9.5667E-16
8374	9.5621E-16
8376	9.5576E-16
8378	9.553E-16
8380	9.5484E-16
8382	9.5439E-16
8384	9.5393E-16
8386	9.5348E-16
8388	9.5302E-16
8390	9.5082E-16
8392	9.5037E-16
8394	9.4991E-16
8396	9.4772E-16
8398	9.4639E-16
8400	9.4419E-16
8402	9.4549E-16
8404	9.4504E-16
8406	9.4546E-16
8408	9.4501E-16
8410	9.463E-16
8412	9.4585E-16
8414	9.4366E-16
8416	9.4234E-16
8418	9.4016E-16
8420	9.3798E-16
8422	9.3754E-16
8424	9.3709E-16
8426	9.3579E-16
8428	9.3534E-16
8430	9.349E-16
8432	9.3274E-16
8434	9.3229E-16
8436	9.3185E-16
8438	9.3141E-16
8440	9.2926E-16
8442	9.2882E-16
8444	9.2838E-16
8446	9.2623E-16
8448	9.2579E-16
8450	9.2535E-16
8452	9.2492E-16
8454	9.2363E-16
8456	9.2404E-16
8458	9.253E-16
8460	9.2657E-16
8462	9.2784E-16
8464	9.2826E-16
8466	9.2782E-16
8468	9.2909E-16
8470	9.2865E-16
8472	9.2821E-16
8474	9.2777E-16
8476	9.2733E-16
8478	9.2519E-16
8480	9.2476E-16
8482	9.2177E-16
8484	9.1964E-16
8486	9.1752E-16
8488	9.1709E-16
8490	9.1581E-16
8492	9.1538E-16
8494	9.1495E-16
8496	9.1536E-16
8498	9.1493E-16
8500	9.145E-16
8502	9.1575E-16
8504	9.1532E-16
8506	9.1321E-16
8508	9.1278E-16
8510	9.0983E-16
8512	9.094E-16
8514	9.0897E-16
8516	9.0687E-16
8518	9.0645E-16
8520	9.0602E-16
8522	9.056E-16
8524	9.0684E-16
8526	9.0809E-16
8528	9.085E-16
8530	9.0975E-16
8532	9.11E-16
8534	9.1225E-16
8536	9.1266E-16
8538	9.1392E-16
8540	9.1518E-16
8542	9.1475E-16
8544	9.1517E-16
8546	9.1474E-16
8548	9.1347E-16
8550	9.1135E-16
8552	9.0925E-16
8554	9.0883E-16
8556	9.059E-16
8558	9.0381E-16
8560	9.0173E-16
8562	8.9716E-16
8564	8.9426E-16
8566	8.9056E-16
8568	8.8769E-16
8570	8.832E-16
8572	8.7954E-16
8574	8.7751E-16
8576	8.763E-16
8578	8.7589E-16
8580	8.7629E-16
8582	8.7588E-16
8584	8.7708E-16
8586	8.7667E-16
8588	8.7788E-16
8590	8.7909E-16
8592	8.7706E-16
8594	8.7665E-16
8596	8.7463E-16
8598	8.7262E-16
8600	8.6981E-16
8602	8.678E-16
8604	8.658E-16
8606	8.654E-16
8608	8.642E-16
8610	8.638E-16
8612	8.634E-16
8614	8.63E-16
8616	8.626E-16
8618	8.622E-16
8620	8.618E-16
8622	8.614E-16
8624	8.5941E-16
8626	8.5901E-16
8628	8.5862E-16
8630	8.5822E-16
8632	8.5782E-16
8634	8.5585E-16
8636	8.5388E-16
8638	8.527E-16
8640	8.5073E-16
8642	8.4878E-16
8644	8.4838E-16
8646	8.4799E-16
8648	8.4916E-16
8650	8.4877E-16
8652	8.4994E-16
8654	8.519E-16
8656	8.5307E-16
8658	8.5268E-16
8660	8.5228E-16
8662	8.5189E-16
8664	8.515E-16
8666	8.4954E-16
8668	8.4759E-16
8670	8.4641E-16
8672	8.4291E-16
8674	8.402E-16
8676	8.3826E-16
8678	8.3557E-16
8680	8.3211E-16
8682	8.3019E-16
8684	8.2752E-16
8686	8.241E-16
8688	8.2297E-16
8690	8.2107E-16
8692	8.1918E-16
8694	8.1881E-16
8696	8.1693E-16
8698	8.1579E-16
8700	8.1242E-16
8702	8.0981E-16
8704	8.0646E-16
8706	8.0386E-16
8708	8.0202E-16
8710	7.9797E-16
8712	7.976E-16
8714	7.987E-16
8716	7.9907E-16
8718	8.0018E-16
8720	8.035E-16
8722	8.0684E-16
8724	8.0945E-16
8726	8.1281E-16
8728	8.1394E-16
8730	8.1581E-16
8732	8.1694E-16
8734	8.1808E-16
8736	8.177E-16
8738	8.1883E-16
8740	8.1921E-16
8742	8.1884E-16
8744	8.1846E-16
8746	8.1734E-16
8748	8.1696E-16
8750	8.1509E-16
8752	8.1472E-16
8754	8.1284E-16
8756	8.1023E-16
8758	8.0837E-16
8760	8.0652E-16
8762	8.0244E-16
8764	8.006E-16
8766	7.9656E-16
8768	7.9473E-16
8770	7.9217E-16
8772	7.889E-16
8774	7.8782E-16
8776	7.8601E-16
8778	7.842E-16
8780	7.8241E-16
8782	7.8133E-16
8784	7.7953E-16
8786	7.7918E-16
8788	7.8026E-16
8790	7.799E-16
8792	7.8027E-16
8794	7.8135E-16
8796	7.8244E-16
8798	7.8208E-16
8800	7.8173E-16
8802	7.8137E-16
8804	7.7958E-16
8806	7.7779E-16
8808	7.7672E-16
8810	7.7637E-16
8812	7.7601E-16
8814	7.7424E-16
8816	7.7531E-16
8818	7.7711E-16
8820	7.7819E-16
8822	7.7998E-16
8824	7.7963E-16
8826	7.8071E-16
8828	7.8036E-16
8830	7.8001E-16
8832	7.7965E-16
8834	7.7787E-16
8836	7.768E-16
8838	7.7502E-16
8840	7.7467E-16
8842	7.7432E-16
8844	7.7397E-16
8846	7.7362E-16
8848	7.7469E-16
8850	7.7434E-16
8852	7.7399E-16
8854	7.7364E-16
8856	7.7187E-16
8858	7.7153E-16
8860	7.6834E-16
8862	7.6728E-16
8864	7.6412E-16
8866	7.6237E-16
8868	7.6132E-16
8870	7.5818E-16
8872	7.5575E-16
8874	7.5402E-16
8876	7.516E-16
8878	7.485E-16
8880	7.4678E-16
8882	7.4438E-16
8884	7.4268E-16
8886	7.4235E-16
8888	7.3997E-16
8890	7.3963E-16
8892	7.3794E-16
8894	7.3761E-16
8896	7.3592E-16
8898	7.3424E-16
8900	7.3391E-16
8902	7.3358E-16
8904	7.346E-16
8906	7.3427E-16
8908	7.3529E-16
8910	7.3496E-16
8912	7.3463E-16
8914	7.3093E-16
8916	7.2926E-16
8918	7.2558E-16
8920	7.2259E-16
8922	7.1894E-16
8924	7.1532E-16
8926	7.1369E-16
8928	7.114E-16
8930	7.1108E-16
8932	7.1076E-16
8934	7.1044E-16
8936	7.1012E-16
8938	7.085E-16
8940	7.0818E-16
8942	7.0657E-16
8944	7.03E-16
8946	6.9946E-16
8948	6.9465E-16
8950	6.9179E-16
8952	6.8957E-16
8954	6.8609E-16
8956	6.8579E-16
8958	6.8548E-16
8960	6.8518E-16
8962	6.8677E-16
8964	6.8647E-16
8966	6.8742E-16
8968	6.8838E-16
8970	6.8871E-16
8972	6.8967E-16
8974	6.8936E-16
8976	6.9032E-16
8978	6.9002E-16
8980	6.9162E-16
8982	6.9131E-16
8984	6.9228E-16
8986	6.9325E-16
8988	6.9486E-16
8990	6.9583E-16
8992	6.968E-16
8994	6.9971E-16
8996	7.0068E-16
8998	7.0102E-16
9000	7.02E-16
9002	7.0169E-16
9004	7.0137E-16
9006	6.9913E-16
9008	6.9882E-16
9010	6.9722E-16
9012	6.9691E-16
9014	6.9532E-16
9016	6.9502E-16
9018	6.9471E-16
9020	6.944E-16
9022	6.9281E-16
9024	6.9059E-16
9026	6.8838E-16
9028	6.8555E-16
9030	6.8209E-16
9032	6.7929E-16
9034	6.7836E-16
9036	6.7806E-16
9038	6.7651E-16
9040	6.7497E-16
9042	6.7281E-16
9044	6.7127E-16
9046	6.6851E-16
9048	6.6637E-16
9050	6.6485E-16
9052	6.6272E-16
9054	6.6121E-16
9056	6.597E-16
9058	6.5941E-16
9060	6.5851E-16
9062	6.5701E-16
9064	6.5672E-16
9066	6.5643E-16
9068	6.5735E-16
9070	6.5706E-16
9072	6.5677E-16
9074	6.5648E-16
9076	6.568E-16
9078	6.5651E-16
9080	6.5743E-16
9082	6.5835E-16
9084	6.5928E-16
9086	6.5959E-16
9088	6.6052E-16
9090	6.5901E-16
9092	6.5872E-16
9094	6.5843E-16
9096	6.5936E-16
9098	6.6028E-16
9100	6.606E-16
9102	6.6152E-16
9104	6.6123E-16
9106	6.6216E-16
9108	6.6187E-16
9110	6.6158E-16
9112	6.6129E-16
9114	6.5978E-16
9116	6.5949E-16
9118	6.592E-16
9120	6.5892E-16
9122	6.5863E-16
9124	6.5834E-16
9126	6.5926E-16
9128	6.6019E-16
9130	6.6051E-16
9132	6.6144E-16
9134	6.6237E-16
9136	6.633E-16
9138	6.6301E-16
9140	6.6272E-16
9142	6.6243E-16
9144	6.6092E-16
9146	6.6063E-16
9148	6.6034E-16
9150	6.6127E-16
9152	6.6159E-16
9154	6.6252E-16
9156	6.6223E-16
9158	6.6194E-16
9160	6.6165E-16
9162	6.6015E-16
9164	6.5925E-16
9166	6.5775E-16
9168	6.5868E-16
9170	6.6021E-16
9172	6.6235E-16
9174	6.639E-16
9176	6.6667E-16
9178	6.6884E-16
9180	6.6917E-16
9182	6.6888E-16
9184	6.6858E-16
9186	6.6768E-16
9188	6.6616E-16
9190	6.6587E-16
9192	6.6558E-16
9194	6.6529E-16
9196	6.6622E-16
9198	6.6471E-16
9200	6.6442E-16
