10	1.05204E-33
10.62	4.66641E-32
11.25	1.33945E-30
11.88	2.66931E-29
12.5	3.90671E-28
13.12	4.39101E-27
13.75	3.91766E-26
14.38	2.86889E-25
15	1.76949E-24
15.62	8.33815E-24
16.25	3.48277E-23
16.88	1.31005E-22
17.5	4.48699E-22
18.12	1.41161E-21
18.75	4.11177E-21
19.38	1.11718E-20
20	2.8574E-20
20.62	6.29585E-20
21.25	1.33203E-19
21.88	2.71354E-19
22.5	5.35139E-19
23.12	1.02154E-18
23.75	1.89106E-18
24.38	3.40067E-18
25	5.96694E-18
25.62	9.56915E-18
26.25	1.51138E-17
26.88	2.35057E-17
27.5	3.60883E-17
28.12	5.46514E-17
28.75	8.15748E-17
29.38	1.20207E-16
30	1.7498E-16
30.62	2.4078E-16
31.25	3.28648E-16
31.88	4.45651E-16
32.5	5.99605E-16
33.12	8.02141E-16
33.75	1.06337E-15
34.38	1.4003E-15
35	1.83272E-15
35.62	2.30911E-15
36.25	2.89611E-15
36.88	3.61451E-15
37.5	4.49955E-15
38.12	5.57861E-15
38.75	6.87841E-15
39.38	8.44657E-15
40	1.0335E-14
40.62	1.2307E-14
41.25	1.46145E-14
41.88	1.73148E-14
42.5	2.04576E-14
43.12	2.41143E-14
43.75	2.83188E-14
44.38	3.31785E-14
45	3.8762E-14
45.62	4.44346E-14
46.25	5.07935E-14
46.88	5.80305E-14
47.5	6.61065E-14
48.12	7.52628E-14
48.75	8.53655E-14
49.38	9.66784E-14
50	1.09368E-13
51.25	1.3572E-13
51.88	1.50672E-13
52.5	1.6723E-13
53.12	1.85317E-13
53.75	2.04963E-13
54.38	2.26336E-13
55	2.49635E-13
56.25	2.97157E-13
56.88	3.23677E-13
57.5	3.52124E-13
58.12	3.82807E-13
58.75	4.15352E-13
59.38	4.50351E-13
60	4.87673E-13
61.25	5.62626E-13
62.5	6.46653E-13
63.75	7.41091E-13
64.38	7.91644E-13
65	8.46067E-13
66.25	9.51612E-13
67.5	1.06813E-12
68.75	1.19533E-12
70	1.33363E-12
71.25	1.47252E-12
72.5	1.62239E-12
73.75	1.782E-12
75	1.95483E-12
76.25	2.12399E-12
77.5	2.30477E-12
78.75	2.49534E-12
80	2.69806E-12
82.5	3.10116E-12
83.75	3.31789E-12
85	3.54482E-12
87.5	3.99223E-12
90	4.47864E-12
92.5	4.95848E-12
95	5.47248E-12
97.5	5.97616E-12
100	6.50477E-12
105	7.55184E-12
110	8.59105E-12
115	9.61692E-12
120	1.05991E-11
125	1.15295E-11
130	1.24207E-11
135	1.3224E-11
140	1.39758E-11
145	1.46452E-11
150	1.52423E-11
155	1.57677E-11
160	1.62253E-11
165	1.66213E-11
170	1.6933E-11
175	1.71852E-11
180	1.73895E-11
185	1.75262E-11
190	1.76086E-11
195	1.76507E-11
200	1.76511E-11
205	1.76086E-11
210	1.75224E-11
215	1.74082E-11
220	1.72658E-11
227.94	1.69821E-11
227.95	1.69806E-11
228.5	1.69613E-11
229.6	1.69078E-11
230	1.68957E-11
231	1.68581E-11
233	1.67695E-11
234	1.6734E-11
234.35	1.67148E-11
234.45	1.67006E-11
234.55	1.67017E-11
235.55	1.6652E-11
235.95	1.66415E-11
236.95	1.65927E-11
237.34	1.65688E-11
237.44	1.65701E-11
237.54	1.65714E-11
238	1.65378E-11
239	1.65058E-11
240	1.64441E-11
242	1.63531E-11
242.52	1.63281E-11
243.04	1.63033E-11
243.14	1.63049E-11
243.24	1.62915E-11
243.62	1.62707E-11
244	1.62649E-11
245	1.62069E-11
247	1.61079E-11
249.5	1.59768E-11
254.5	1.57129E-11
255	1.56946E-11
256	1.56297E-11
256.33	1.56183E-11
256.43	1.56061E-11
256.53	1.56083E-11
257.53	1.55588E-11
258	1.55307E-11
259	1.54679E-11
260	1.542E-11
262	1.53119E-11
266	1.50893E-11
270	1.48629E-11
278	1.43993E-11
280	1.42862E-11
284	1.40668E-11
290	1.37163E-11
300	1.3164E-11
302	1.30502E-11
303	1.30001E-11
303.34	1.29829E-11
303.68	1.29658E-11
303.78	1.29573E-11
303.88	1.29487E-11
304.44	1.29249E-11
305	1.28894E-11
306.12	1.28306E-11
307.5	1.27509E-11
310	1.26156E-11
315	1.23541E-11
320	1.20929E-11
330	1.15932E-11
340	1.11141E-11
350	1.06634E-11
360	1.02383E-11
370	9.83622E-12
380	9.46378E-12
390	9.10967E-12
400	8.78035E-12
410	8.46572E-12
420	8.17962E-12
430	7.91215E-12
440	7.66172E-12
450	7.42688E-12
460	7.20636E-12
470	6.999E-12
480	6.80376E-12
490	6.61972E-12
500	6.44602E-12
504	6.37926E-12
505	6.36574E-12
507	6.33309E-12
511	6.26888E-12
513	6.2373E-12
517	6.17519E-12
521	6.11443E-12
521.56	6.10693E-12
522.11	6.09969E-12
522.21	6.09735E-12
522.31	6.09502E-12
523.16	6.08083E-12
524	6.07252E-12
525.68	6.04489E-12
529.04	5.9959E-12
530	5.98522E-12
531.92	5.95853E-12
535.76	5.90053E-12
536	5.90068E-12
536.47	5.89577E-12
536.93	5.88568E-12
537.03	5.88348E-12
537.13	5.88671E-12
537.57	5.87708E-12
538	5.8731E-12
539	5.85672E-12
541	5.82958E-12
545	5.78147E-12
553	5.67782E-12
557.5	5.61748E-12
566.5	5.51102E-12
577	5.38617E-12
580	5.3552E-12
583	5.31979E-12
583.62	5.31339E-12
584.23	5.30718E-12
584.33	5.30536E-12
584.43	5.30355E-12
584.72	5.30317E-12
585	5.2981E-12
586	5.2849E-12
588	5.26353E-12
592	5.22142E-12
594	5.20066E-12
598	5.15976E-12
600	5.1396E-12
604	5.09516E-12
612	5.01798E-12
620	4.9391E-12
636	4.7898E-12
640	4.75195E-12
648	4.68254E-12
660	4.58083E-12
672	4.48016E-12
680	4.41584E-12
696	4.29352E-12
700	4.26025E-12
708	4.20306E-12
720	4.11308E-12
732	4.03097E-12
740	3.97345E-12
756	3.86712E-12
760	3.84065E-12
768	3.78887E-12
780	3.714E-12
792	3.63899E-12
800	3.58965E-12
816	3.49503E-12
820	3.47059E-12
828	3.42587E-12
840	3.35949E-12
852	3.2927E-12
860	3.24964E-12
876	3.1639E-12
880	3.14099E-12
888	3.10174E-12
900	3.03911E-12
905	3.01394E-12
910	2.98641E-12
911.74	2.97502E-12
911.84	2.96343E-12
912	2.96239E-12
912.25	2.96349E-12
912.75	2.96025E-12
913.75	2.95377E-12
915.33	2.94358E-12
915.82	2.93773E-12
916.43	2.93112E-12
917.18	2.92363E-12
918.13	2.9149E-12
919.35	2.91253E-12
920.96	2.91844E-12
921.48	2.94754E-12
922	2.96326E-12
922.52	2.94632E-12
923.04	2.90797E-12
923.15	2.90728E-12
923.4	2.9353E-12
923.65	2.97178E-12
924.15	3.02933E-12
924.4	3.04167E-12
924.65	3.04002E-12
924.9	3.02442E-12
925.15	2.98956E-12
925.4	2.94153E-12
925.65	2.87831E-12
926.15	2.73318E-12
926.23	2.72768E-12
926.48	2.79743E-12
926.73	2.89551E-12
926.98	2.98876E-12
927.23	3.07084E-12
927.48	3.13778E-12
927.73	3.18558E-12
927.98	3.21925E-12
928.23	3.23237E-12
928.48	3.22765E-12
928.5	3.22454E-12
928.75	3.1962E-12
929	3.14485E-12
929.25	3.06879E-12
929.5	2.97531E-12
929.75	2.85824E-12
930	2.72311E-12
930.25	2.57533E-12
930.5	2.42214E-12
930.75	2.32469E-12
931	2.42623E-12
931.25	2.5888E-12
931.74	2.90698E-12
932.24	3.18989E-12
932.74	3.42382E-12
933.24	3.59787E-12
933.74	3.70493E-12
933.98	3.73385E-12
934.23	3.73873E-12
934.48	3.72642E-12
934.73	3.69028E-12
935	3.62751E-12
935.27	3.54289E-12
935.54	3.43168E-12
935.81	3.29956E-12
936.07	3.14931E-12
936.34	2.98102E-12
936.61	2.80101E-12
936.88	2.61014E-12
937.15	2.40776E-12
937.38	2.22536E-12
937.61	2.03792E-12
937.8	1.91695E-12
937.81	1.91691E-12
938.01	2.04747E-12
938.26	2.25209E-12
938.51	2.44768E-12
939.01	2.82027E-12
939.51	3.1727E-12
940.01	3.5008E-12
940.51	3.80281E-12
941.01	4.07421E-12
941.51	4.30509E-12
942.01	4.49491E-12
942.51	4.64579E-12
943.01	4.74897E-12
943.51	4.80108E-12
943.78	4.81161E-12
944.32	4.78843E-12
944.59	4.75056E-12
944.86	4.69999E-12
945.13	4.62859E-12
945.4	4.5457E-12
945.67	4.44787E-12
945.94	4.33216E-12
946.21	4.20394E-12
946.48	4.06452E-12
947.02	3.74381E-12
947.29	3.56998E-12
947.56	3.38858E-12
948.1	3.00278E-12
948.64	2.60273E-12
949.18	2.1824E-12
949.36	2.0173E-12
949.55	1.84075E-12
949.74	1.69208E-12
949.75	1.69205E-12
949.95	1.85281E-12
950.2	2.0893E-12
950.45	2.29812E-12
950.7	2.48854E-12
950.95	2.67742E-12
951.45	3.04551E-12
952.45	3.74927E-12
952.95	4.08029E-12
953.45	4.39173E-12
953.95	4.67929E-12
954.45	4.94909E-12
954.95	5.19601E-12
955.45	5.4202E-12
955.55	5.46418E-12
955.8	5.56285E-12
956.3	5.75497E-12
957.3	6.06926E-12
957.8	6.19843E-12
958.3	6.3129E-12
959.3	6.4822E-12
959.8	6.54139E-12
960.3	6.58897E-12
961.15	6.61987E-12
962	6.60817E-12
962.85	6.53603E-12
963.7	6.41133E-12
964.55	6.22561E-12
964.97	6.10666E-12
965.4	5.97884E-12
966.25	5.66308E-12
966.74	5.44769E-12
967.23	5.21641E-12
967.72	4.96286E-12
968.21	4.68697E-12
968.7	4.39798E-12
969.19	4.0852E-12
969.68	3.76335E-12
970.17	3.42559E-12
971.15	2.72809E-12
971.64	2.36712E-12
972.13	1.96509E-12
972.34	1.74259E-12
972.54	1.58422E-12
972.54	1.58422E-12
972.74	1.74919E-12
972.99	2.00362E-12
973.24	2.21611E-12
973.49	2.40198E-12
973.74	2.58432E-12
974.24	2.94239E-12
975.24	3.63587E-12
975.74	3.96427E-12
976.24	4.28271E-12
976.37	4.36117E-12
976.63	4.51826E-12
977.15	4.81847E-12
978.19	5.37013E-12
978.71	5.61725E-12
979.23	5.84874E-12
980	6.16566E-12
980.77	6.44017E-12
981.54	6.68984E-12
982.31	6.90454E-12
983.08	7.09339E-12
984.62	7.4113E-12
986.16	7.64428E-12
987.7	7.82675E-12
989.24	7.96211E-12
990	8.01607E-12
991.52	8.09522E-12
994.57	8.18014E-12
997.61	8.19049E-12
1000	8.1589E-12
1002.39	8.08273E-12
1004.78	7.95591E-12
1007.16	7.78099E-12
1008.58	7.64559E-12
1010	7.47806E-12
1011.42	7.28062E-12
1012.84	7.03639E-12
1014.26	6.73803E-12
1015.67	6.38155E-12
1017.09	5.95543E-12
1018.51	5.45131E-12
1019.26	5.15065E-12
1020	4.82649E-12
1020.74	4.48127E-12
1021.49	4.11115E-12
1022	3.84353E-12
1023.02	3.28294E-12
1023.51	2.99949E-12
1024	2.71039E-12
1024.76	2.24692E-12
1024.95	2.12337E-12
1025.14	1.99189E-12
1025.33	1.83107E-12
1025.52	1.63736E-12
1025.72	1.36639E-12
1025.72	1.36639E-12
1025.92	1.63307E-12
1026.17	1.88102E-12
1026.42	2.07101E-12
1026.46	2.09772E-12
1026.71	2.2591E-12
1027	2.43495E-12
1027.58	2.77972E-12
1028.5	3.29931E-12
1029.42	3.78832E-12
1030	4.07715E-12
1031.16	4.61083E-12
1031.74	4.8539E-12
1032.32	5.08163E-12
1033.48	5.48817E-12
1034.64	5.84054E-12
1035.8	6.13592E-12
1036.96	6.38716E-12
1038.12	6.59989E-12
1039.28	6.76965E-12
1040	6.86065E-12
1041.44	7.01396E-12
1042.88	7.13778E-12
1044.31	7.22392E-12
1047.19	7.35158E-12
1050	7.41401E-12
1052.81	7.44272E-12
1055.62	7.44417E-12
1058.44	7.43189E-12
1060	7.42369E-12
1063.12	7.39379E-12
1066.25	7.35044E-12
1069.38	7.30748E-12
1070	7.29901E-12
1071.25	7.27528E-12
1073.75	7.23478E-12
1078.75	7.14809E-12
1080	7.12499E-12
1082.5	7.08559E-12
1087.5	6.99476E-12
1090	6.9435E-12
1095	6.85494E-12
1100	6.76155E-12
1105	6.66971E-12
1110	6.57333E-12
1115	6.48458E-12
1120	6.39728E-12
1125	6.3056E-12
1130	6.21548E-12
1135	6.12689E-12
1140	6.03979E-12
1145	5.95416E-12
1150	5.86997E-12
1155	5.78186E-12
1160	5.69529E-12
1165	5.61022E-12
1170	5.52154E-12
1175	5.42945E-12
1180	5.33418E-12
1185	5.2215E-12
1190	5.08789E-12
1195	4.91242E-12
1197.5	4.79381E-12
1200	4.63948E-12
1202.5	4.4408E-12
1205	4.16541E-12
1206.25	3.98802E-12
1207.5	3.78318E-12
1208.75	3.53964E-12
1210	3.25732E-12
1210.75	3.06424E-12
1211.5	2.85355E-12
1212.25	2.62813E-12
1213	2.38292E-12
1213.62	2.16704E-12
1214.24	1.93831E-12
1214.55	1.8197E-12
1214.85	1.69428E-12
1215.01	1.62507E-12
1215.16	1.54442E-12
1215.32	1.44228E-12
1215.47	1.33335E-12
1215.67	1.07647E-12
1215.87	1.33124E-12
1216.12	1.50688E-12
1216.37	1.63946E-12
1216.62	1.74631E-12
1216.87	1.84308E-12
1217.25	1.98642E-12
1218.01	2.25284E-12
1218.63	2.45634E-12
1219.25	2.64634E-12
1219.87	2.82231E-12
1220	2.8557E-12
1220.26	2.92635E-12
1220.78	3.05602E-12
1221.82	3.29016E-12
1222.86	3.49364E-12
1223.9	3.66556E-12
1224.94	3.81419E-12
1225	3.82085E-12
1225.25	3.85108E-12
1225.75	3.91226E-12
1226.75	4.01531E-12
1227.75	4.09838E-12
1228.75	4.17162E-12
1230	4.24445E-12
1232.5	4.34568E-12
1235	4.40857E-12
1237.5	4.44366E-12
1240	4.45849E-12
1245	4.45957E-12
1250	4.43212E-12
1255	4.39688E-12
1260	4.35402E-12
1265	4.30379E-12
1270	4.25426E-12
1275	4.20544E-12
1280	4.15348E-12
1285	4.10228E-12
1290	4.05184E-12
1295	4.00214E-12
1300	3.95316E-12
1320	3.76083E-12
1340	3.5795E-12
1360	3.40843E-12
1380	3.24693E-12
1400	3.09439E-12
1420	2.95022E-12
1440	2.81648E-12
1450	2.7523E-12
1470	2.62662E-12
1490	2.50992E-12
1500	2.45386E-12
1520	2.34609E-12
1540	2.2459E-12
1550	2.19669E-12
1570	2.10394E-12
1590	2.0139E-12
1600	1.97238E-12
1620	1.89061E-12
1632	1.84413E-12
1634	1.83623E-12
1636	1.82837E-12
1638	1.82056E-12
1640	1.81278E-12
1640.21	1.81231E-12
1640.41	1.81187E-12
1640.61	1.81143E-12
1641	1.8089E-12
1641.78	1.80552E-12
1642	1.80503E-12
1642.44	1.80407E-12
1643.32	1.80048E-12
1644	1.79733E-12
1645.36	1.79271E-12
1646	1.79132E-12
1647.28	1.78524E-12
1648	1.78368E-12
1649.44	1.77729E-12
1650	1.77608E-12
1651.12	1.77204E-12
1653.35	1.76401E-12
1657.82	1.74645E-12
1666.76	1.71508E-12
1675	1.68734E-12
1691.48	1.63041E-12
1700	1.60374E-12
1717.03	1.54909E-12
1734.06	1.49797E-12
1750	1.45196E-12
1765.94	1.40631E-12
1781.88	1.36356E-12
1797.81	1.32234E-12
1800	1.3167E-12
1804.38	1.3055E-12
1813.12	1.28463E-12
1830.62	1.2429E-12
1848.12	1.20274E-12
1850	1.19809E-12
1853.75	1.18995E-12
1861.25	1.1728E-12
1876.25	1.14143E-12
1891.25	1.11003E-12
1900	1.09276E-12
1917.5	1.05818E-12
1935	1.02487E-12
1952.5	9.93687E-13
1970	9.62718E-13
1987.5	9.33721E-13
2000	9.13633E-13
2012.5	8.94046E-13
2025	8.74947E-13
2037.5	8.56321E-13
2050	8.38154E-13
2062.5	8.20434E-13
2075	8.03148E-13
2087.5	7.87007E-13
2100	7.70536E-13
2112.5	7.54463E-13
2125	7.38778E-13
2137.5	7.24135E-13
2150	7.09177E-13
2162.5	6.95215E-13
2175	6.80947E-13
2187.5	6.67629E-13
2200	6.54013E-13
2212.5	6.41306E-13
2225	6.28886E-13
2237.5	6.16177E-13
2250	6.04319E-13
2262.5	5.92727E-13
2275	5.81392E-13
2287.5	5.70308E-13
2300	5.58954E-13
2312.5	5.48363E-13
2325	5.38004E-13
2337.5	5.27872E-13
2350	5.18437E-13
2362.5	5.08731E-13
2375	4.99234E-13
2387.5	4.89942E-13
2400	4.80849E-13
2412.5	4.71951E-13
2425	4.63669E-13
2437.5	4.55137E-13
2450	4.46786E-13
2462.5	4.39015E-13
2475	4.31004E-13
2487.5	4.23551E-13
2500	4.15864E-13
2512.5	4.08714E-13
2525	4.01337E-13
2537.5	3.94475E-13
2550	3.87393E-13
2562.5	3.80806E-13
2575	3.74349E-13
2587.5	3.67681E-13
2600	3.61481E-13
2612.5	3.55401E-13
2625	3.4944E-13
2637.5	3.43595E-13
2650	3.37862E-13
2662.5	3.31935E-13
2675	3.26425E-13
2687.5	3.21022E-13
2700	3.15721E-13
2712.5	3.10522E-13
2725	3.05421E-13
2737.5	3.00693E-13
2750	2.95778E-13
2762.5	2.90956E-13
2775	2.86224E-13
2787.5	2.8158E-13
2800	2.77023E-13
2812.5	2.72801E-13
2825	2.68408E-13
2837.5	2.64095E-13
2850	2.60101E-13
2862.5	2.55941E-13
2875	2.51858E-13
2887.5	2.48078E-13
2900	2.44138E-13
2912.5	2.40492E-13
2925	2.3669E-13
2937.5	2.33172E-13
2950	2.29503E-13
2962.5	2.26107E-13
2975	2.22565E-13
2987.5	2.19288E-13
3000	2.16067E-13
3012.5	2.12705E-13
3025	2.09595E-13
3037.5	2.06538E-13
3050	2.03532E-13
3062.5	2.00392E-13
3075	1.97488E-13
3087.5	1.94634E-13
3100	1.91826E-13
3112.5	1.89066E-13
3125	1.86351E-13
3137.5	1.83512E-13
3150	1.80888E-13
3162.5	1.78308E-13
3175	1.7577E-13
3187.5	1.73273E-13
3200	1.70817E-13
3212.5	1.68401E-13
3225	1.66177E-13
3237.5	1.63837E-13
3250	1.61534E-13
3262.5	1.59269E-13
3275	1.5704E-13
3287.5	1.54846E-13
3300	1.52688E-13
3312.5	1.50702E-13
3325	1.4861E-13
3337.5	1.46551E-13
3350	1.44525E-13
3362.5	1.42662E-13
3375	1.40697E-13
3387.5	1.38763E-13
3400	1.36985E-13
3412.5	1.3511E-13
3425	1.33386E-13
3437.5	1.31567E-13
3450	1.29895E-13
3462.5	1.2813E-13
3475	1.26393E-13
3487.5	1.24797E-13
3500	1.23224E-13
3512.5	1.21562E-13
3525	1.20037E-13
3537.5	1.18424E-13
3550	1.16943E-13
3562.5	1.15378E-13
3575	1.13941E-13
3587.5	1.12525E-13
3600	1.11026E-13
3612.5	1.09652E-13
3623.56	1.08383E-13
3634.62	1.07229E-13
3645.68	1.05992E-13
3647.12	1.05811E-13
3647.22	1.05805E-13
3647.47	1.05693E-13
3647.97	1.05665E-13
3648	1.05663E-13
3648.25	1.05648E-13
3648.75	1.05619E-13
3649.75	1.05464E-13
3650	1.0545E-13
3650.5	1.05421E-13
3651.5	1.05363E-13
3653.5	1.05151E-13
3657.5	1.04728E-13
3660	1.04489E-13
3665	1.03916E-13
3670	1.03443E-13
3680	1.02408E-13
3682.81	1.02158E-13
3686.83	1.01748E-13
3690	1.01386E-13
3691.55	1.01301E-13
3694.66	1.00945E-13
3697.15	1.00716E-13
3700	1.00468E-13
3703.85	1.00075E-13
3711.56	9.9293E-14
3711.97	9.92711E-14
3712.79	9.91359E-14
3714.44	9.90478E-14
3717.74	9.86901E-14
3720	9.84795E-14
3721.94	9.82863E-14
3725.81	9.79017E-14
3733.57	9.71366E-14
3734.37	9.7095E-14
3735.97	9.69226E-14
3739.18	9.65782E-14
3740	9.65358E-14
3741.64	9.63624E-14
3744.92	9.61051E-14
3750.15	9.55728E-14
3760	9.46359E-14
3770.63	9.36707E-14
3780	9.28641E-14
3797.9	9.13155E-14
3800	9.12146E-14
3804.2	9.08458E-14
3812.61	9.0279E-14
3829.43	8.86673E-14
3835.38	8.80673E-14
3847.29	8.75229E-14
3850	8.73997E-14
3855.41	8.70744E-14
3866.23	8.61105E-14
3877.05	8.47674E-14
3887.88	8.32158E-14
3889.05	8.30892E-14
3891.4	8.29889E-14
3896.09	8.30948E-14
3900	8.31577E-14
3907.82	8.31309E-14
3920	8.26912E-14
3932.18	8.17269E-14
3940	8.07308E-14
3947.82	7.94542E-14
3955.64	7.78392E-14
3960	7.67434E-14
3964.54	7.55172E-14
3969.07	7.43112E-14
3970.07	7.40688E-14
3970.32	7.40595E-14
3970.82	7.4109E-14
3971.07	7.4168E-14
3971.57	7.4286E-14
3972.56	7.43859E-14
3974.56	7.47229E-14
3975.54	7.48927E-14
3977.51	7.51639E-14
3980	7.54858E-14
3984.99	7.61337E-14
3990	7.65748E-14
4000	7.70392E-14
4010	7.70802E-14
4020	7.68386E-14
4040	7.55908E-14
4050	7.4597E-14
4060	7.33465E-14
4070	7.15884E-14
4080	6.92965E-14
4085	6.78028E-14
4090	6.60975E-14
4095.37	6.39507E-14
4100.74	6.20451E-14
4101.73	6.21867E-14
4101.74	6.21864E-14
4101.99	6.21216E-14
4102.49	6.19921E-14
4102.74	6.19846E-14
4103.24	6.19695E-14
4104.24	6.21107E-14
4106.24	6.2682E-14
4106.37	6.27358E-14
4106.63	6.28435E-14
4107.15	6.30014E-14
4108.19	6.33185E-14
4110	6.38481E-14
4113.62	6.48609E-14
4120	6.62273E-14
4126.38	6.71882E-14
4132.75	6.78505E-14
4140	6.82387E-14
4154.49	6.84536E-14
4160	6.83982E-14
4171.02	6.81E-14
4180	6.78077E-14
4197.97	6.69195E-14
4200	6.68549E-14
4204.06	6.6603E-14
4212.19	6.61631E-14
4220	6.57365E-14
4235.62	6.47735E-14
4240	6.45208E-14
4248.75	6.39601E-14
4260	6.31557E-14
4271.25	6.23048E-14
4280	6.15381E-14
4297.5	5.95388E-14
4300	5.91963E-14
4305	5.8356E-14
4315	5.63469E-14
4320	5.50382E-14
4325	5.35623E-14
4330	5.17435E-14
4334.74	4.97171E-14
4339.47	4.72018E-14
4339.97	4.67152E-14
4340.46	4.62339E-14
4340.47	4.62336E-14
4340.72	4.63989E-14
4341.22	4.6947E-14
4341.47	4.71583E-14
4341.97	4.74524E-14
4342.97	4.79135E-14
4344.97	4.87594E-14
4345.74	4.90574E-14
4347.28	4.96588E-14
4350	5.05654E-14
4355.44	5.20916E-14
4360	5.30956E-14
4364.56	5.38209E-14
4370	5.45342E-14
4380	5.52438E-14
4390	5.55524E-14
4400	5.55554E-14
4410	5.54057E-14
4430	5.48055E-14
4450	5.40644E-14
4470	5.32374E-14
4490	5.24251E-14
4500	5.20004E-14
4520	5.11629E-14
4540	5.02944E-14
4550	4.98895E-14
4570	4.90907E-14
4590	4.83066E-14
4600	4.78758E-14
4620	4.71138E-14
4640	4.63229E-14
4650	4.59543E-14
4670	4.51854E-14
4690	4.4431E-14
4700	4.40794E-14
4720	4.33459E-14
4740	4.25868E-14
4750	4.22128E-14
4770	4.13995E-14
4790	4.04539E-14
4800	3.99162E-14
4820	3.85068E-14
4825	3.80047E-14
4835	3.67823E-14
4840	3.60032E-14
4845	3.50465E-14
4850	3.39272E-14
4852.5	3.32737E-14
4855	3.24828E-14
4855.17	3.24207E-14
4855.51	3.2297E-14
4856.19	3.20509E-14
4857.55	3.15063E-14
4860.27	3.03606E-14
4860.33	3.03319E-14
4860.58	3.02451E-14
4861.08	3.01277E-14
4861.32	3.01525E-14
4861.33	3.01524E-14
4861.58	3.00938E-14
4862.08	3.02265E-14
4862.33	3.0307E-14
4862.83	3.04687E-14
4863.83	3.0823E-14
4865.83	3.16022E-14
4866.17	3.17144E-14
4866.85	3.19401E-14
4868.21	3.23663E-14
4870	3.28227E-14
4873.58	3.35688E-14
4877.16	3.41427E-14
4884.33	3.50608E-14
4885	3.51158E-14
4886.34	3.52585E-14
4889.03	3.54802E-14
4894.41	3.58287E-14
4900	3.60778E-14
4911.19	3.63127E-14
4922.38	3.63481E-14
4933.56	3.62502E-14
4944.75	3.60863E-14
4955.94	3.58575E-14
4967.12	3.56305E-14
4978.31	3.53727E-14
4989.5	3.50847E-14
5000	3.48411E-14
5010.5	3.45676E-14
5021	3.43282E-14
5031.5	3.40594E-14
5042	3.37929E-14
5052.5	3.35289E-14
5063	3.32672E-14
5073.5	3.30078E-14
5084	3.27507E-14
5094.5	3.24959E-14
5100	3.23662E-14
5111	3.21085E-14
5122	3.18532E-14
5133	3.16001E-14
5144	3.13494E-14
5155	3.1101E-14
5166	3.08264E-14
5177	3.05827E-14
5188	3.03411E-14
5199	3.01018E-14
5200	3.00902E-14
5202	3.00394E-14
5206	2.9938E-14
5214	2.97639E-14
5230	2.9419E-14
5246	2.90787E-14
5262	2.87429E-14
5278	2.84114E-14
5294	2.80843E-14
5300	2.79692E-14
5312	2.77406E-14
5324	2.74888E-14
5336	2.72647E-14
5348	2.70177E-14
5360	2.6798E-14
5372	2.65803E-14
5384	2.63403E-14
5396	2.61269E-14
5400	2.60402E-14
5408	2.58916E-14
5424	2.56208E-14
5440	2.53299E-14
5456	2.50428E-14
5472	2.47594E-14
5488	2.44795E-14
5500	2.42832E-14
5512	2.40887E-14
5524	2.3874E-14
5536	2.36831E-14
5548	2.34941E-14
5560	2.33068E-14
5572	2.30999E-14
5584	2.29161E-14
5596	2.2734E-14
5600	2.26598E-14
5608	2.25328E-14
5624	2.23019E-14
5640	2.20533E-14
5656	2.18279E-14
5672	2.15854E-14
5688	2.13458E-14
5700	2.11779E-14
5712	2.10114E-14
5724	2.08465E-14
5736	2.0683E-14
5748	2.0521E-14
5760	2.03417E-14
5772	2.01827E-14
5784	2.00251E-14
5796	1.98689E-14
5800	1.98233E-14
5808	1.97142E-14
5824	1.94979E-14
5840	1.93022E-14
5856	1.9091E-14
5872	1.88999E-14
5888	1.86937E-14
5900	1.85493E-14
5912	1.84061E-14
5924	1.82642E-14
5936	1.81236E-14
5948	1.79841E-14
5960	1.78459E-14
5972	1.77089E-14
5984	1.75731E-14
5996	1.74385E-14
6000	1.73992E-14
6008	1.7305E-14
6024	1.71341E-14
6040	1.69652E-14
6056	1.67826E-14
6072	1.66176E-14
6088	1.64544E-14
6104	1.62781E-14
6120	1.61187E-14
6136	1.5961E-14
6152	1.58052E-14
6168	1.5651E-14
6184	1.54843E-14
6200	1.53337E-14
6216	1.51848E-14
6232	1.50375E-14
6248	1.48919E-14
6264	1.47343E-14
6280	1.45919E-14
6296	1.44511E-14
6312	1.43119E-14
6328	1.41742E-14
6344	1.40251E-14
6360	1.38905E-14
6376	1.37574E-14
6392	1.36131E-14
6400	1.35541E-14
6416	1.34123E-14
6432	1.32721E-14
6448	1.31335E-14
6450	1.31133E-14
6454	1.3085E-14
6462	1.30046E-14
6478	1.28573E-14
6494	1.26767E-14
6500	1.26068E-14
6512	1.24338E-14
6524	1.21956E-14
6525	1.21807E-14
6527	1.21284E-14
6531	1.20246E-14
6539	1.17763E-14
6544.5	1.15526E-14
6550	1.12603E-14
6553.15	1.10543E-14
6556.31	1.07923E-14
6557.89	1.06391E-14
6559.46	1.04688E-14
6560.25	1.03894E-14
6561.04	1.03297E-14
6561.44	1.02904E-14
6561.83	1.01949E-14
6562.23	9.96159E-15
6562.62	9.64444E-15
6562.8	9.5996E-15
6562.82	9.59954E-15
6563.02	9.66995E-15
6563.27	9.86714E-15
6563.52	1.00683E-14
6563.77	1.01888E-14
6564.02	1.0254E-14
6564.52	1.03092E-14
6565.02	1.03457E-14
6566.02	1.0419E-14
6566.51	1.04656E-14
6567.49	1.05592E-14
6569.45	1.07294E-14
6570	1.07771E-14
6571.1	1.08531E-14
6573.31	1.09866E-14
6577.73	1.11964E-14
6582.14	1.13474E-14
6585	1.14214E-14
6590.72	1.15389E-14
6600	1.16558E-14
6609.28	1.17091E-14
6618.56	1.17302E-14
6637.11	1.16862E-14
6655.66	1.16105E-14
6674.22	1.15035E-14
6692.77	1.13978E-14
6700	1.13523E-14
6714.45	1.12619E-14
6728.91	1.11723E-14
6743.36	1.10836E-14
6757.81	1.09956E-14
6772.27	1.09085E-14
6786.72	1.08221E-14
6800	1.07402E-14
6813.28	1.06591E-14
6826.56	1.05883E-14
6839.84	1.05085E-14
6853.12	1.04293E-14
6866.41	1.03508E-14
6879.69	1.02729E-14
6892.97	1.01957E-14
6900	1.01563E-14
6914.06	1.00778E-14
6928.12	1E-14
6942.19	9.9229E-15
6956.25	9.84649E-15
6970.31	9.77074E-15
6984.38	9.69563E-15
6998.44	9.6212E-15
7000	9.60806E-15
7003.12	9.5995E-15
7009.38	9.56472E-15
7021.88	9.49565E-15
7034.38	9.43583E-15
7046.88	9.36781E-15
7059.38	9.30033E-15
7071.88	9.24191E-15
7084.38	9.17546E-15
7096.88	9.11794E-15
7109.38	9.05249E-15
7121.88	8.99585E-15
7134.38	8.93139E-15
7146.88	8.87562E-15
7159.38	8.81213E-15
7171.88	8.75721E-15
7184.38	8.69467E-15
7196.88	8.63263E-15
7209.38	8.57898E-15
7221.88	8.51787E-15
7234.38	8.46504E-15
7246.88	8.40484E-15
7259.38	8.35281E-15
7271.88	8.30115E-15
7284.38	8.24226E-15
7296.88	8.19138E-15
7309.38	8.13337E-15
7321.88	8.08326E-15
7334.38	8.0261E-15
7346.88	7.97675E-15
7359.38	7.92044E-15
7371.88	7.87182E-15
7384.38	7.81634E-15
7396.88	7.76845E-15
7409.38	7.7209E-15
7421.88	7.66662E-15
7434.38	7.61977E-15
7446.88	7.56629E-15
7459.38	7.52014E-15
7471.88	7.47432E-15
7484.38	7.42198E-15
7496.88	7.37684E-15
7500	7.36392E-15
7506.25	7.33813E-15
7518.75	7.29357E-15
7531.25	7.24932E-15
7543.75	7.19875E-15
7556.25	7.15515E-15
7568.75	7.10531E-15
7581.25	7.06236E-15
7593.75	7.01971E-15
7606.25	6.97093E-15
7618.75	6.9289E-15
7631.25	6.88716E-15
7643.75	6.83941E-15
7656.25	6.79829E-15
7668.75	6.75744E-15
7681.25	6.71688E-15
7693.75	6.67046E-15
7706.25	6.63049E-15
7718.75	6.59079E-15
7731.25	6.54534E-15
7743.75	6.50622E-15
7756.25	6.46737E-15
7768.75	6.42879E-15
7781.25	6.38459E-15
7793.75	6.34656E-15
7806.25	6.3088E-15
7818.75	6.27129E-15
7831.25	6.2283E-15
7843.75	6.19133E-15
7856.25	6.15462E-15
7868.75	6.11815E-15
7881.25	6.07633E-15
7893.75	6.04039E-15
7906.25	6.00469E-15
7918.75	5.96923E-15
7931.25	5.92855E-15
7943.75	5.8936E-15
7956.25	5.85888E-15
7968.75	5.8244E-15
7981.25	5.79015E-15
7993.75	5.75083E-15
8000	5.73656E-15
8012.5	5.7029E-15
8025	5.66946E-15
8037.5	5.63105E-15
8050	5.59809E-15
8062.5	5.56535E-15
8075	5.53282E-15
8087.5	5.50051E-15
8100	5.46842E-15
8112.5	5.43153E-15
8125	5.39989E-15
8137.5	5.36846E-15
8150	5.33724E-15
8162.5	5.30622E-15
8175	5.27541E-15
8187.5	5.2448E-15
8200	5.21439E-15
8206.06	5.19711E-15
8206.16	5.19699E-15
8206.41	5.19667E-15
8206.5	5.19656E-15
8206.75	5.19624E-15
8207.25	5.19561E-15
8208.25	5.18956E-15
8210.25	5.18703E-15
8214.25	5.17721E-15
8222.25	5.15763E-15
8238.25	5.11872E-15
8254.25	5.08015E-15
8270.25	5.0419E-15
8286.25	5.00398E-15
8302.25	4.96638E-15
8318.25	4.93364E-15
8334.25	4.89664E-15
8350.25	4.85996E-15
8366.25	4.82359E-15
8382.25	4.78752E-15
8392.4	4.76716E-15
8402.54	4.74253E-15
8412.69	4.72239E-15
8413.32	4.72168E-15
8414.59	4.71591E-15
8417.13	4.71307E-15
8422.2	4.69873E-15
8432.34	4.67881E-15
8437.96	4.66828E-15
8449.2	4.64302E-15
8460.44	4.61791E-15
8467.26	4.60623E-15
8480.9	4.57454E-15
8494.54	4.54728E-15
8500	4.53726E-15
8502.49	4.53043E-15
8507.46	4.52097E-15
8517.4	4.50212E-15
8537.29	4.46058E-15
8545.39	4.44394E-15
8561.57	4.41088E-15
8577.76	4.37808E-15
8593.94	4.34557E-15
8598.39	4.33708E-15
8607.29	4.32015E-15
8625.09	4.28652E-15
8642.89	4.25318E-15
8660.68	4.22015E-15
8665.02	4.21204E-15
8673.69	4.19589E-15
8691.04	4.16378E-15
8708.39	4.13196E-15
8725.74	4.10041E-15
8743.08	4.06539E-15
8750.47	4.05479E-15
8765.25	4.02627E-15
8780.03	4.00165E-15
8794.81	3.97355E-15
8809.59	3.9493E-15
8824.37	3.92522E-15
8839.15	3.89772E-15
8853.93	3.874E-15
8862.79	3.85914E-15
8880.5	3.82963E-15
8898.22	3.80037E-15
8915.94	3.77135E-15
8933.65	3.7426E-15
8951.37	3.71409E-15
8969.09	3.68583E-15
8986.8	3.65781E-15
9004.52	3.62669E-15
9014.91	3.61168E-15
9025.31	3.59673E-15
9035.7	3.58186E-15
9046.09	3.56377E-15
9056.48	3.54906E-15
9066.88	3.5344E-15
9077.27	3.51983E-15
9087.66	3.50532E-15
9098.05	3.48767E-15
9108.45	3.4733E-15
9118.84	3.45901E-15
9129.23	3.44162E-15
9139.62	3.42748E-15
9150.02	3.41026E-15
9160.41	3.39627E-15
9170.8	3.37923E-15
9181.2	3.36537E-15
9191.59	3.3485E-15
9201.98	3.33479E-15
9212.37	3.3181E-15
9222.77	3.30148E-15
9229.02	3.29398E-15
9241.52	3.27903E-15
9250	3.26699E-15
9266.97	3.24606E-15
9283.94	3.22528E-15
9300.91	3.2017E-15
9317.88	3.18125E-15
9334.84	3.16095E-15
9351.81	3.13791E-15
9368.78	3.11792E-15
9385.75	3.09524E-15
9402.72	3.07273E-15
9419.69	3.05041E-15
9436.66	3.02549E-15
9453.62	3.00355E-15
9470.59	2.97905E-15
9487.56	2.95476E-15
9504.53	2.93069E-15
9521.5	2.90684E-15
9538.47	2.8832E-15
9545.97	2.87072E-15
9560.98	2.85908E-15
9575.98	2.84489E-15
9590.99	2.83338E-15
9606	2.81933E-15
9621	2.80538E-15
9636.01	2.7915E-15
9651.01	2.7777E-15
9666.02	2.76144E-15
9681.02	2.74783E-15
9696.03	2.73177E-15
9711.04	2.71581E-15
9726.04	2.69997E-15
9741.05	2.68423E-15
9756.05	2.6686E-15
9771.06	2.65307E-15
9786.07	2.63764E-15
9801.07	2.62231E-15
9816.08	2.60709E-15
9831.08	2.58958E-15
9846.09	2.57457E-15
9861.09	2.5573E-15
9876.1	2.5425E-15
9891.11	2.52547E-15
9906.11	2.50856E-15
9921.12	2.48949E-15
9936.12	2.47285E-15
9951.13	2.45407E-15
9966.14	2.43544E-15
9981.14	2.41475E-15
9996.15	2.39423E-15
