3200	5.00E-13
3201	4.95E-13
3202	4.89E-13
3203	4.85E-13
3204	4.84E-13
3205	4.84E-13
3206	4.86E-13
3207	4.89E-13
3208	4.95E-13
3209	5.02E-13
3210	5.08E-13
3211	5.16E-13
3212	5.23E-13
3213	5.29E-13
3214	5.34E-13
3215	5.38E-13
3216	5.40E-13
3217	5.42E-13
3218	5.42E-13
3219	5.43E-13
3220	5.42E-13
3221	5.42E-13
3222	5.43E-13
3223	5.43E-13
3224	5.44E-13
3225	5.43E-13
3226	5.44E-13
3227	5.44E-13
3228	5.44E-13
3229	5.45E-13
3230	5.46E-13
3231	5.47E-13
3232	5.48E-13
3233	5.49E-13
3234	5.50E-13
3235	5.51E-13
3236	5.54E-13
3237	5.55E-13
3238	5.57E-13
3239	5.57E-13
3240	5.57E-13
3241	5.54E-13
3242	5.54E-13
3243	5.52E-13
3244	5.51E-13
3245	5.50E-13
3246	5.48E-13
3247	5.45E-13
3248	5.41E-13
3249	5.38E-13
3250	5.33E-13
3251	5.30E-13
3252	5.26E-13
3253	5.23E-13
3254	5.21E-13
3255	5.17E-13
3256	5.14E-13
3257	5.12E-13
3258	5.11E-13
3259	5.09E-13
3260	5.08E-13
3261	5.06E-13
3262	5.06E-13
3263	5.07E-13
3264	5.06E-13
3265	5.06E-13
3266	5.07E-13
3267	5.07E-13
3268	5.08E-13
3269	5.07E-13
3270	5.07E-13
3271	5.06E-13
3272	5.05E-13
3273	5.04E-13
3274	5.02E-13
3275	5.01E-13
3276	4.99E-13
3277	4.96E-13
3278	4.93E-13
3279	4.91E-13
3280	4.88E-13
3281	4.86E-13
3282	4.84E-13
3283	4.82E-13
3284	4.80E-13
3285	4.80E-13
3286	4.79E-13
3287	4.79E-13
3288	4.79E-13
3289	4.79E-13
3290	4.78E-13
3291	4.78E-13
3292	4.78E-13
3293	4.78E-13
3294	4.78E-13
3295	4.79E-13
3296	4.80E-13
3297	4.80E-13
3298	4.79E-13
3299	4.79E-13
3300	4.79E-13
3301	4.79E-13
3302	4.79E-13
3303	4.80E-13
3304	4.80E-13
3305	4.80E-13
3306	4.79E-13
3307	4.78E-13
3308	4.76E-13
3309	4.76E-13
3310	4.76E-13
3311	4.76E-13
3312	4.76E-13
3313	4.77E-13
3314	4.77E-13
3315	4.78E-13
3316	4.79E-13
3317	4.80E-13
3318	4.79E-13
3319	4.80E-13
3320	4.80E-13
3321	4.80E-13
3322	4.80E-13
3323	4.78E-13
3324	4.77E-13
3325	4.75E-13
3326	4.75E-13
3327	4.75E-13
3328	4.75E-13
3329	4.74E-13
3330	4.73E-13
3331	4.71E-13
3332	4.68E-13
3333	4.66E-13
3334	4.64E-13
3335	4.61E-13
3336	4.58E-13
3337	4.56E-13
3338	4.54E-13
3339	4.50E-13
3340	4.48E-13
3341	4.46E-13
3342	4.45E-13
3343	4.44E-13
3344	4.43E-13
3345	4.43E-13
3346	4.43E-13
3347	4.42E-13
3348	4.41E-13
3349	4.41E-13
3350	4.41E-13
3351	4.39E-13
3352	4.38E-13
3353	4.36E-13
3354	4.36E-13
3355	4.35E-13
3356	4.34E-13
3357	4.33E-13
3358	4.33E-13
3359	4.32E-13
3360	4.32E-13
3361	4.32E-13
3362	4.32E-13
3363	4.33E-13
3364	4.33E-13
3365	4.33E-13
3366	4.33E-13
3367	4.34E-13
3368	4.35E-13
3369	4.35E-13
3370	4.36E-13
3371	4.35E-13
3372	4.34E-13
3373	4.35E-13
3374	4.35E-13
3375	4.36E-13
3376	4.37E-13
3377	4.37E-13
3378	4.39E-13
3379	4.40E-13
3380	4.42E-13
3381	4.43E-13
3382	4.43E-13
3383	4.44E-13
3384	4.44E-13
3385	4.44E-13
3386	4.44E-13
3387	4.43E-13
3388	4.42E-13
3389	4.42E-13
3390	4.43E-13
3391	4.44E-13
3392	4.42E-13
3393	4.42E-13
3394	4.41E-13
3395	4.39E-13
3396	4.39E-13
3397	4.39E-13
3398	4.40E-13
3399	4.39E-13
3400	4.39E-13
3401	4.40E-13
3402	4.40E-13
3403	4.40E-13
3404	4.41E-13
3405	4.41E-13
3406	4.40E-13
3407	4.40E-13
3408	4.41E-13
3409	4.41E-13
3410	4.41E-13
3411	4.40E-13
3412	4.39E-13
3413	4.38E-13
3414	4.37E-13
3415	4.37E-13
3416	4.36E-13
3417	4.36E-13
3418	4.35E-13
3419	4.34E-13
3420	4.33E-13
3421	4.33E-13
3422	4.33E-13
3423	4.33E-13
3424	4.33E-13
3425	4.33E-13
3426	4.32E-13
3427	4.30E-13
3428	4.30E-13
3429	4.29E-13
3430	4.29E-13
3431	4.28E-13
3432	4.26E-13
3433	4.26E-13
3434	4.25E-13
3435	4.24E-13
3436	4.23E-13
3437	4.24E-13
3438	4.23E-13
3439	4.23E-13
3440	4.22E-13
3441	4.20E-13
3442	4.18E-13
3443	4.16E-13
3444	4.14E-13
3445	4.12E-13
3446	4.10E-13
3447	4.08E-13
3448	4.06E-13
3449	4.04E-13
3450	4.04E-13
3451	4.04E-13
3452	4.04E-13
3453	4.03E-13
3454	4.04E-13
3455	4.04E-13
3456	4.03E-13
3457	4.02E-13
3458	4.03E-13
3459	4.03E-13
3460	4.03E-13
3461	4.03E-13
3462	4.02E-13
3463	4.02E-13
3464	4.03E-13
3465	4.02E-13
3466	4.02E-13
3467	4.02E-13
3468	4.01E-13
3469	4.02E-13
3470	4.05E-13
3471	4.07E-13
3472	4.07E-13
3473	4.06E-13
3474	4.05E-13
3475	4.04E-13
3476	4.02E-13
3477	4.01E-13
3478	4.00E-13
3479	3.98E-13
3480	3.97E-13
3481	3.95E-13
3482	3.94E-13
3483	3.93E-13
3484	3.93E-13
3485	3.93E-13
3486	3.93E-13
3487	3.93E-13
3488	3.93E-13
3489	3.92E-13
3490	3.92E-13
3491	3.93E-13
3492	3.93E-13
3493	3.92E-13
3494	3.92E-13
3495	3.92E-13
3496	3.91E-13
3497	3.90E-13
3498	3.89E-13
3499	3.88E-13
3500	3.87E-13
3501	3.87E-13
3502	3.85E-13
3503	3.85E-13
3504	3.84E-13
3505	3.84E-13
3506	3.84E-13
3507	3.84E-13
3508	3.83E-13
3509	3.82E-13
3510	3.83E-13
3511	3.83E-13
3512	3.82E-13
3513	3.81E-13
3514	3.80E-13
3515	3.79E-13
3516	3.78E-13
3517	3.78E-13
3518	3.78E-13
3519	3.78E-13
3520	3.78E-13
3521	3.80E-13
3522	3.82E-13
3523	3.82E-13
3524	3.82E-13
3525	3.80E-13
3526	3.76E-13
3527	3.75E-13
3528	3.75E-13
3529	3.75E-13
3530	3.74E-13
3531	3.73E-13
3532	3.72E-13
3533	3.70E-13
3534	3.69E-13
3535	3.69E-13
3536	3.69E-13
3537	3.69E-13
3538	3.68E-13
3539	3.67E-13
3540	3.66E-13
3541	3.66E-13
3542	3.65E-13
3543	3.64E-13
3544	3.64E-13
3545	3.63E-13
3546	3.63E-13
3547	3.63E-13
3548	3.63E-13
3549	3.63E-13
3550	3.62E-13
3551	3.61E-13
3552	3.60E-13
3553	3.59E-13
3554	3.60E-13
3555	3.60E-13
3556	3.61E-13
3557	3.62E-13
3558	3.62E-13
3559	3.63E-13
3560	3.63E-13
3561	3.64E-13
3562	3.64E-13
3563	3.64E-13
3564	3.64E-13
3565	3.64E-13
3566	3.63E-13
3567	3.63E-13
3568	3.63E-13
3569	3.64E-13
3570	3.64E-13
3571	3.63E-13
3572	3.63E-13
3573	3.62E-13
3574	3.61E-13
3575	3.61E-13
3576	3.60E-13
3577	3.60E-13
3578	3.59E-13
3579	3.58E-13
3580	3.57E-13
3581	3.55E-13
3582	3.54E-13
3583	3.53E-13
3584	3.52E-13
3585	3.52E-13
3586	3.51E-13
3587	3.50E-13
3588	3.50E-13
3589	3.50E-13
3590	3.50E-13
3591	3.50E-13
3592	3.51E-13
3593	3.51E-13
3594	3.52E-13
3595	3.52E-13
3596	3.52E-13
3597	3.53E-13
3598	3.53E-13
3599	3.53E-13
3600	3.52E-13
3601	3.52E-13
3602	3.52E-13
3603	3.52E-13
3604	3.52E-13
3605	3.52E-13
3606	3.52E-13
3607	3.51E-13
3608	3.51E-13
3609	3.49E-13
3610	3.48E-13
3611	3.45E-13
3612	3.43E-13
3613	3.42E-13
3614	3.41E-13
3615	3.41E-13
3616	3.41E-13
3617	3.41E-13
3618	3.41E-13
3619	3.40E-13
3620	3.40E-13
3621	3.39E-13
3622	3.38E-13
3623	3.37E-13
3624	3.36E-13
3625	3.34E-13
3626	3.32E-13
3627	3.30E-13
3628	3.28E-13
3629	3.26E-13
3630	3.25E-13
3631	3.22E-13
3632	3.21E-13
3633	3.20E-13
3634	3.19E-13
3635	3.18E-13
3636	3.17E-13
3637	3.16E-13
3638	3.16E-13
3639	3.19E-13
3640	3.24E-13
3641	3.27E-13
3642	3.26E-13
3643	3.26E-13
3644	3.26E-13
3645	3.27E-13
3646	3.28E-13
3647	3.29E-13
3648	3.29E-13
3649	3.30E-13
3650	3.29E-13
3651	3.29E-13
3652	3.29E-13
3653	3.29E-13
3654	3.28E-13
3655	3.28E-13
3656	3.28E-13
3657	3.28E-13
3658	3.28E-13
3659	3.28E-13
3660	3.28E-13
3661	3.28E-13
3662	3.27E-13
3663	3.27E-13
3664	3.26E-13
3665	3.27E-13
3666	3.27E-13
3667	3.27E-13
3668	3.27E-13
3669	3.28E-13
3670	3.27E-13
3671	3.28E-13
3672	3.29E-13
3673	3.29E-13
3674	3.28E-13
3675	3.28E-13
3676	3.28E-13
3677	3.27E-13
3678	3.27E-13
3679	3.27E-13
3680	3.27E-13
3681	3.28E-13
3682	3.27E-13
3683	3.27E-13
3684	3.26E-13
3685	3.25E-13
3686	3.24E-13
3687	3.23E-13
3688	3.22E-13
3689	3.20E-13
3690	3.18E-13
3691	3.15E-13
3692	3.12E-13
3693	3.10E-13
3694	3.07E-13
3695	3.05E-13
3696	3.03E-13
3697	3.00E-13
3698	2.98E-13
3699	2.96E-13
3700	2.93E-13
3701	2.91E-13
3702	2.89E-13
3703	2.88E-13
3704	2.86E-13
3705	2.84E-13
3706	2.84E-13
3707	2.83E-13
3708	2.85E-13
3709	2.85E-13
3710	2.87E-13
3711	2.89E-13
3712	2.91E-13
3713	2.93E-13
3714	2.94E-13
3715	2.97E-13
3716	2.99E-13
3717	2.99E-13
3718	2.99E-13
3719	3.00E-13
3720	3.01E-13
3721	3.02E-13
3722	3.03E-13
3723	3.05E-13
3724	3.05E-13
3725	3.05E-13
3726	3.05E-13
3727	3.05E-13
3728	3.04E-13
3729	3.03E-13
3730	3.03E-13
3731	3.03E-13
3732	3.04E-13
3733	3.04E-13
3734	3.03E-13
3735	3.03E-13
3736	3.03E-13
3737	3.02E-13
3738	3.02E-13
3739	3.02E-13
3740	3.01E-13
3741	3.02E-13
3742	3.01E-13
3743	3.01E-13
3744	3.01E-13
3745	3.01E-13
3746	3.00E-13
3747	3.01E-13
3748	3.01E-13
3749	3.01E-13
3750	3.01E-13
3751	3.01E-13
3752	3.01E-13
3753	3.00E-13
3754	3.00E-13
3755	3.00E-13
3756	2.99E-13
3757	2.98E-13
3758	2.98E-13
3759	2.96E-13
3760	2.95E-13
3761	2.95E-13
3762	2.94E-13
3763	2.94E-13
3764	2.93E-13
3765	2.93E-13
3766	2.93E-13
3767	2.94E-13
3768	2.93E-13
3769	2.93E-13
3770	2.93E-13
3771	2.93E-13
3772	2.93E-13
3773	2.93E-13
3774	2.92E-13
3775	2.92E-13
3776	2.92E-13
3777	2.91E-13
3778	2.91E-13
3779	2.91E-13
3780	2.90E-13
3781	2.88E-13
3782	2.87E-13
3783	2.86E-13
3784	2.85E-13
3785	2.84E-13
3786	2.84E-13
3787	2.83E-13
3788	2.82E-13
3789	2.81E-13
3790	2.79E-13
3791	2.78E-13
3792	2.76E-13
3793	2.74E-13
3794	2.73E-13
3795	2.72E-13
3796	2.71E-13
3797	2.72E-13
3798	2.72E-13
3799	2.73E-13
3800	2.73E-13
3801	2.83E-13
3802	2.83E-13
3803	2.83E-13
3804	2.82E-13
3805	2.82E-13
3806	2.81E-13
3807	2.80E-13
3808	2.79E-13
3809	2.78E-13
3810	2.77E-13
3811	2.75E-13
3812	2.73E-13
3813	2.70E-13
3814	2.67E-13
3815	2.63E-13
3816	2.60E-13
3817	2.57E-13
3818	2.55E-13
3819	2.54E-13
3820	2.54E-13
3821	2.54E-13
3822	2.56E-13
3823	2.58E-13
3824	2.59E-13
3825	2.60E-13
3826	2.61E-13
3827	2.62E-13
3828	2.64E-13
3829	2.65E-13
3830	2.67E-13
3831	2.68E-13
3832	2.69E-13
3833	2.70E-13
3834	2.71E-13
3835	2.72E-13
3836	2.74E-13
3837	2.75E-13
3838	2.77E-13
3839	2.78E-13
3840	2.80E-13
3841	2.81E-13
3842	2.82E-13
3843	2.83E-13
3844	2.84E-13
3845	2.86E-13
3846	2.87E-13
3847	2.88E-13
3848	2.89E-13
3849	2.91E-13
3850	2.91E-13
3851	2.92E-13
3852	2.93E-13
3853	2.92E-13
3854	2.93E-13
3855	2.93E-13
3856	2.93E-13
3857	2.93E-13
3858	2.92E-13
3859	2.91E-13
3860	2.90E-13
3861	2.87E-13
3862	2.85E-13
3863	2.84E-13
3864	2.82E-13
3865	2.81E-13
3866	2.81E-13
3867	2.81E-13
3868	2.81E-13
3869	2.81E-13
3870	2.81E-13
3871	2.82E-13
3872	2.81E-13
3873	2.81E-13
3874	2.80E-13
3875	2.79E-13
3876	2.78E-13
3877	2.77E-13
3878	2.75E-13
3879	2.74E-13
3880	2.72E-13
3881	2.71E-13
3882	2.69E-13
3883	2.67E-13
3884	2.65E-13
3885	2.63E-13
3886	2.60E-13
3887	2.59E-13
3888	2.59E-13
3889	2.59E-13
3890	2.61E-13
3891	2.62E-13
3892	2.64E-13
3893	2.66E-13
3894	2.67E-13
3895	2.69E-13
3896	2.70E-13
3897	2.73E-13
3898	2.74E-13
3899	2.76E-13
3900	2.78E-13
3901	2.79E-13
3902	2.80E-13
3903	2.81E-13
3904	2.82E-13
3905	2.82E-13
3906	2.82E-13
3907	2.83E-13
3908	2.82E-13
3909	2.82E-13
3910	2.82E-13
3911	2.81E-13
3912	2.81E-13
3913	2.81E-13
3914	2.82E-13
3915	2.81E-13
3916	2.81E-13
3917	2.80E-13
3918	2.79E-13
3919	2.78E-13
3920	2.77E-13
3921	2.75E-13
3922	2.74E-13
3923	2.73E-13
3924	2.72E-13
3925	2.71E-13
3926	2.70E-13
3927	2.69E-13
3928	2.68E-13
3929	2.68E-13
3930	2.67E-13
3931	2.67E-13
3932	2.67E-13
3933	2.67E-13
3934	2.66E-13
3935	2.67E-13
3936	2.67E-13
3937	2.67E-13
3938	2.67E-13
3939	2.67E-13
3940	2.67E-13
3941	2.68E-13
3942	2.68E-13
3943	2.69E-13
3944	2.69E-13
3945	2.69E-13
3946	2.69E-13
3947	2.69E-13
3948	2.69E-13
3949	2.69E-13
3950	2.68E-13
3951	2.67E-13
3952	2.65E-13
3953	2.63E-13
3954	2.61E-13
3955	2.59E-13
3956	2.57E-13
3957	2.55E-13
3958	2.53E-13
3959	2.50E-13
3960	2.48E-13
3961	2.45E-13
3962	2.42E-13
3963	2.39E-13
3964	2.36E-13
3965	2.34E-13
3966	2.31E-13
3967	2.29E-13
3968	2.27E-13
3969	2.26E-13
3970	2.26E-13
3971	2.25E-13
3972	2.25E-13
3973	2.25E-13
3974	2.26E-13
3975	2.27E-13
3976	2.31E-13
3977	2.35E-13
3978	2.39E-13
3979	2.44E-13
3980	2.47E-13
3981	2.50E-13
3982	2.51E-13
3983	2.52E-13
3984	2.52E-13
3985	2.52E-13
3986	2.52E-13
3987	2.53E-13
3988	2.53E-13
3989	2.53E-13
3990	2.53E-13
3991	2.53E-13
3992	2.54E-13
3993	2.53E-13
3994	2.53E-13
3995	2.53E-13
3996	2.52E-13
3997	2.52E-13
3998	2.51E-13
3999	2.50E-13
4000	2.49E-13
4001	2.48E-13
4002	2.47E-13
4003	2.45E-13
4004	2.44E-13
4005	2.42E-13
4006	2.41E-13
4007	2.40E-13
4008	2.38E-13
4009	2.37E-13
4010	2.36E-13
4011	2.35E-13
4012	2.34E-13
4013	2.33E-13
4014	2.32E-13
4015	2.30E-13
4016	2.29E-13
4017	2.27E-13
4018	2.24E-13
4019	2.22E-13
4020	2.19E-13
4021	2.16E-13
4022	2.14E-13
4023	2.12E-13
4024	2.11E-13
4025	2.10E-13
4026	2.10E-13
4027	2.11E-13
4028	2.13E-13
4029	2.14E-13
4030	2.17E-13
4031	2.20E-13
4032	2.23E-13
4033	2.26E-13
4034	2.28E-13
4035	2.30E-13
4036	2.31E-13
4037	2.34E-13
4038	2.35E-13
4039	2.37E-13
4040	2.38E-13
4041	2.39E-13
4042	2.39E-13
4043	2.40E-13
4044	2.40E-13
4045	2.41E-13
4046	2.42E-13
4047	2.43E-13
4048	2.44E-13
4049	2.45E-13
4050	2.45E-13
4051	2.45E-13
4052	2.46E-13
4053	2.46E-13
4054	2.47E-13
4055	2.47E-13
4056	2.47E-13
4057	2.47E-13
4058	2.48E-13
4059	2.48E-13
4060	2.47E-13
4061	2.47E-13
4062	2.47E-13
4063	2.47E-13
4064	2.46E-13
4065	2.47E-13
4066	2.47E-13
4067	2.46E-13
4068	2.46E-13
4069	2.46E-13
4070	2.45E-13
4071	2.45E-13
4072	2.45E-13
4073	2.45E-13
4074	2.44E-13
4075	2.44E-13
4076	2.43E-13
4077	2.42E-13
4078	2.41E-13
4079	2.40E-13
4080	2.39E-13
4081	2.38E-13
4082	2.36E-13
4083	2.34E-13
4084	2.32E-13
4085	2.30E-13
4086	2.28E-13
4087	2.26E-13
4088	2.24E-13
4089	2.22E-13
4090	2.20E-13
4091	2.18E-13
4092	2.16E-13
4093	2.13E-13
4094	2.10E-13
4095	2.07E-13
4096	2.04E-13
4097	2.02E-13
4098	2.00E-13
4099	1.99E-13
4100	1.99E-13
4101	1.98E-13
4102	1.98E-13
4103	1.98E-13
4104	1.99E-13
4105	1.99E-13
4106	2.02E-13
4107	2.04E-13
4108	2.08E-13
4109	2.12E-13
4110	2.15E-13
4111	2.17E-13
4112	2.19E-13
4113	2.20E-13
4114	2.21E-13
4115	2.21E-13
4116	2.20E-13
4117	2.20E-13
4118	2.20E-13
4119	2.21E-13
4120	2.21E-13
4121	2.23E-13
4122	2.24E-13
4123	2.25E-13
4124	2.26E-13
4125	2.26E-13
4126	2.26E-13
4127	2.26E-13
4128	2.26E-13
4129	2.25E-13
4130	2.25E-13
4131	2.24E-13
4132	2.22E-13
4133	2.21E-13
4134	2.20E-13
4135	2.19E-13
4136	2.18E-13
4137	2.17E-13
4138	2.15E-13
4139	2.14E-13
4140	2.13E-13
4141	2.12E-13
4142	2.12E-13
4143	2.13E-13
4144	2.13E-13
4145	2.13E-13
4146	2.14E-13
4147	2.14E-13
4148	2.15E-13
4149	2.16E-13
4150	2.17E-13
4151	2.18E-13
4152	2.19E-13
4153	2.20E-13
4154	2.22E-13
4155	2.23E-13
4156	2.23E-13
4157	2.23E-13
4158	2.24E-13
4159	2.24E-13
4160	2.23E-13
4161	2.22E-13
4162	2.22E-13
4163	2.22E-13
4164	2.21E-13
4165	2.21E-13
4166	2.21E-13
4167	2.20E-13
4168	2.19E-13
4169	2.19E-13
4170	2.19E-13
4171	2.20E-13
4172	2.20E-13
4173	2.19E-13
4174	2.19E-13
4175	2.19E-13
4176	2.18E-13
4177	2.18E-13
4178	2.17E-13
4179	2.17E-13
4180	2.17E-13
4181	2.16E-13
4182	2.17E-13
4183	2.16E-13
4184	2.16E-13
4185	2.16E-13
4186	2.16E-13
4187	2.15E-13
4188	2.15E-13
4189	2.14E-13
4190	2.14E-13
4191	2.14E-13
4192	2.13E-13
4193	2.13E-13
4194	2.12E-13
4195	2.12E-13
4196	2.11E-13
4197	2.11E-13
4198	2.10E-13
4199	2.10E-13
4200	2.10E-13
4201	2.10E-13
4202	2.09E-13
4203	2.09E-13
4204	2.10E-13
4205	2.10E-13
4206	2.10E-13
4207	2.10E-13
4208	2.10E-13
4209	2.10E-13
4210	2.10E-13
4211	2.11E-13
4212	2.11E-13
4213	2.11E-13
4214	2.11E-13
4215	2.11E-13
4216	2.12E-13
4217	2.12E-13
4218	2.13E-13
4219	2.13E-13
4220	2.13E-13
4221	2.13E-13
4222	2.13E-13
4223	2.13E-13
4224	2.13E-13
4225	2.13E-13
4226	2.13E-13
4227	2.13E-13
4228	2.14E-13
4229	2.13E-13
4230	2.13E-13
4231	2.13E-13
4232	2.12E-13
4233	2.11E-13
4234	2.11E-13
4235	2.11E-13
4236	2.11E-13
4237	2.10E-13
4238	2.10E-13
4239	2.09E-13
4240	2.09E-13
4241	2.09E-13
4242	2.09E-13
4243	2.09E-13
4244	2.09E-13
4245	2.10E-13
4246	2.10E-13
4247	2.10E-13
4248	2.10E-13
4249	2.10E-13
4250	2.10E-13
4251	2.10E-13
4252	2.10E-13
4253	2.10E-13
4254	2.10E-13
4255	2.10E-13
4256	2.10E-13
4257	2.09E-13
4258	2.09E-13
4259	2.08E-13
4260	2.08E-13
4261	2.08E-13
4262	2.08E-13
4263	2.08E-13
4264	2.08E-13
4265	2.08E-13
4266	2.08E-13
4267	2.08E-13
4268	2.07E-13
4269	2.07E-13
4270	2.07E-13
4271	2.07E-13
4272	2.07E-13
4273	2.06E-13
4274	2.05E-13
4275	2.05E-13
4276	2.04E-13
4277	2.03E-13
4278	2.02E-13
4279	2.02E-13
4280	2.01E-13
4281	2.01E-13
4282	2.00E-13
4283	2.00E-13
4284	2.00E-13
4285	2.00E-13
4286	2.00E-13
4287	2.00E-13
4288	1.99E-13
4289	1.99E-13
4290	1.99E-13
4291	1.99E-13
4292	1.99E-13
4293	1.98E-13
4294	1.98E-13
4295	1.97E-13
4296	1.97E-13
4297	1.96E-13
4298	1.96E-13
4299	1.96E-13
4300	1.96E-13
4301	1.96E-13
4302	1.96E-13
4303	1.96E-13
4304	1.96E-13
4305	1.96E-13
4306	1.95E-13
4307	1.95E-13
4308	1.95E-13
4309	1.94E-13
4310	1.94E-13
4311	1.93E-13
4312	1.93E-13
4313	1.92E-13
4314	1.92E-13
4315	1.92E-13
4316	1.91E-13
4317	1.91E-13
4318	1.90E-13
4319	1.89E-13
4320	1.88E-13
4321	1.87E-13
4322	1.86E-13
4323	1.85E-13
4324	1.84E-13
4325	1.82E-13
4326	1.81E-13
4327	1.79E-13
4328	1.77E-13
4329	1.75E-13
4330	1.73E-13
4331	1.71E-13
4332	1.69E-13
4333	1.67E-13
4334	1.64E-13
4335	1.62E-13
4336	1.60E-13
4337	1.58E-13
4338	1.57E-13
4339	1.56E-13
4340	1.56E-13
4341	1.56E-13
4342	1.58E-13
4343	1.59E-13
4344	1.61E-13
4345	1.63E-13
4346	1.65E-13
4347	1.67E-13
4348	1.70E-13
4349	1.72E-13
4350	1.73E-13
4351	1.75E-13
4352	1.77E-13
4353	1.78E-13
4354	1.79E-13
4355	1.80E-13
4356	1.81E-13
4357	1.81E-13
4358	1.82E-13
4359	1.82E-13
4360	1.83E-13
4361	1.83E-13
4362	1.84E-13
4363	1.84E-13
4364	1.84E-13
4365	1.84E-13
4366	1.84E-13
4367	1.83E-13
4368	1.83E-13
4369	1.82E-13
4370	1.82E-13
4371	1.81E-13
4372	1.81E-13
4373	1.80E-13
4374	1.79E-13
4375	1.78E-13
4376	1.77E-13
4377	1.76E-13
4378	1.75E-13
4379	1.74E-13
4380	1.73E-13
4381	1.72E-13
4382	1.71E-13
4383	1.69E-13
4384	1.68E-13
4385	1.67E-13
4386	1.67E-13
4387	1.66E-13
4388	1.66E-13
4389	1.67E-13
4390	1.68E-13
4391	1.68E-13
4392	1.69E-13
4393	1.71E-13
4394	1.72E-13
4395	1.73E-13
4396	1.74E-13
4397	1.75E-13
4398	1.76E-13
4399	1.77E-13
4400	1.78E-13
4401	1.78E-13
4402	1.78E-13
4403	1.78E-13
4404	1.79E-13
4405	1.79E-13
4406	1.79E-13
4407	1.80E-13
4408	1.80E-13
4409	1.80E-13
4410	1.80E-13
4411	1.80E-13
4412	1.79E-13
4413	1.79E-13
4414	1.79E-13
4415	1.79E-13
4416	1.79E-13
4417	1.80E-13
4418	1.79E-13
4419	1.79E-13
4420	1.79E-13
4421	1.78E-13
4422	1.78E-13
4423	1.78E-13
4424	1.78E-13
4425	1.77E-13
4426	1.77E-13
4427	1.76E-13
4428	1.76E-13
4429	1.75E-13
4430	1.74E-13
4431	1.74E-13
4432	1.74E-13
4433	1.73E-13
4434	1.73E-13
4435	1.73E-13
4436	1.73E-13
4437	1.72E-13
4438	1.72E-13
4439	1.72E-13
4440	1.72E-13
4441	1.72E-13
4442	1.72E-13
4443	1.72E-13
4444	1.72E-13
4445	1.72E-13
4446	1.71E-13
4447	1.71E-13
4448	1.70E-13
4449	1.70E-13
4450	1.69E-13
4451	1.69E-13
4452	1.68E-13
4453	1.67E-13
4454	1.66E-13
4455	1.65E-13
4456	1.64E-13
4457	1.63E-13
4458	1.63E-13
4459	1.62E-13
4460	1.60E-13
4461	1.59E-13
4462	1.57E-13
4463	1.55E-13
4464	1.52E-13
4465	1.49E-13
4466	1.47E-13
4467	1.45E-13
4468	1.44E-13
4469	1.42E-13
4470	1.42E-13
4471	1.42E-13
4472	1.43E-13
4473	1.43E-13
4474	1.45E-13
4475	1.46E-13
4476	1.48E-13
4477	1.49E-13
4478	1.50E-13
4479	1.52E-13
4480	1.54E-13
4481	1.56E-13
4482	1.58E-13
4483	1.59E-13
4484	1.60E-13
4485	1.60E-13
4486	1.61E-13
4487	1.61E-13
4488	1.62E-13
4489	1.63E-13
4490	1.63E-13
4491	1.63E-13
4492	1.63E-13
4493	1.63E-13
4494	1.64E-13
4495	1.64E-13
4496	1.64E-13
4497	1.64E-13
4498	1.64E-13
4499	1.64E-13
4500	1.64E-13
4501	1.63E-13
4502	1.63E-13
4503	1.63E-13
4504	1.62E-13
4505	1.62E-13
4506	1.62E-13
4507	1.61E-13
4508	1.61E-13
4509	1.61E-13
4510	1.60E-13
4511	1.60E-13
4512	1.60E-13
4513	1.59E-13
4514	1.59E-13
4515	1.59E-13
4516	1.59E-13
4517	1.59E-13
4518	1.59E-13
4519	1.59E-13
4520	1.59E-13
4521	1.58E-13
4522	1.58E-13
4523	1.58E-13
4524	1.57E-13
4525	1.57E-13
4526	1.57E-13
4527	1.56E-13
4528	1.56E-13
4529	1.55E-13
4530	1.54E-13
4531	1.54E-13
4532	1.53E-13
4533	1.53E-13
4534	1.52E-13
4535	1.52E-13
4536	1.51E-13
4537	1.51E-13
4538	1.50E-13
4539	1.50E-13
4540	1.50E-13
4541	1.50E-13
4542	1.50E-13
4543	1.50E-13
4544	1.50E-13
4545	1.50E-13
4546	1.50E-13
4547	1.51E-13
4548	1.51E-13
4549	1.52E-13
4550	1.52E-13
4551	1.53E-13
4552	1.53E-13
4553	1.54E-13
4554	1.54E-13
4555	1.54E-13
4556	1.55E-13
4557	1.55E-13
4558	1.56E-13
4559	1.56E-13
4560	1.56E-13
4561	1.56E-13
4562	1.56E-13
4563	1.56E-13
4564	1.56E-13
4565	1.56E-13
4566	1.56E-13
4567	1.56E-13
4568	1.56E-13
4569	1.56E-13
4570	1.56E-13
4571	1.56E-13
4572	1.56E-13
4573	1.55E-13
4574	1.56E-13
4575	1.56E-13
4576	1.56E-13
4577	1.56E-13
4578	1.56E-13
4579	1.56E-13
4580	1.56E-13
4581	1.56E-13
4582	1.56E-13
4583	1.56E-13
4584	1.55E-13
4585	1.55E-13
4586	1.55E-13
4587	1.55E-13
4588	1.55E-13
4589	1.54E-13
4590	1.54E-13
4591	1.53E-13
4592	1.53E-13
4593	1.53E-13
4594	1.52E-13
4595	1.52E-13
4596	1.52E-13
4597	1.52E-13
4598	1.52E-13
4599	1.51E-13
4600	1.51E-13
4601	1.50E-13
4602	1.50E-13
4603	1.50E-13
4604	1.49E-13
4605	1.49E-13
4606	1.48E-13
4607	1.48E-13
4608	1.48E-13
4609	1.48E-13
4610	1.47E-13
4611	1.47E-13
4612	1.46E-13
4613	1.46E-13
4614	1.46E-13
4615	1.45E-13
4616	1.45E-13
4617	1.45E-13
4618	1.45E-13
4619	1.45E-13
4620	1.44E-13
4621	1.44E-13
4622	1.44E-13
4623	1.43E-13
4624	1.43E-13
4625	1.42E-13
4626	1.42E-13
4627	1.41E-13
4628	1.41E-13
4629	1.41E-13
4630	1.40E-13
4631	1.40E-13
4632	1.40E-13
4633	1.40E-13
4634	1.40E-13
4635	1.40E-13
4636	1.39E-13
4637	1.40E-13
4638	1.40E-13
4639	1.40E-13
4640	1.40E-13
4641	1.40E-13
4642	1.40E-13
4643	1.40E-13
4644	1.40E-13
4645	1.41E-13
4646	1.41E-13
4647	1.41E-13
4648	1.41E-13
4649	1.41E-13
4650	1.41E-13
4651	1.41E-13
4652	1.41E-13
4653	1.41E-13
4654	1.41E-13
4655	1.41E-13
4656	1.41E-13
4657	1.41E-13
4658	1.41E-13
4659	1.41E-13
4660	1.41E-13
4661	1.41E-13
4662	1.41E-13
4663	1.41E-13
4664	1.41E-13
4665	1.41E-13
4666	1.41E-13
4667	1.40E-13
4668	1.40E-13
4669	1.39E-13
4670	1.39E-13
4671	1.38E-13
4672	1.37E-13
4673	1.37E-13
4674	1.36E-13
4675	1.35E-13
4676	1.34E-13
4677	1.33E-13
4678	1.31E-13
4679	1.30E-13
4680	1.28E-13
4681	1.27E-13
4682	1.26E-13
4683	1.25E-13
4684	1.24E-13
4685	1.23E-13
4686	1.23E-13
4687	1.24E-13
4688	1.24E-13
4689	1.25E-13
4690	1.27E-13
4691	1.27E-13
4692	1.28E-13
4693	1.29E-13
4694	1.29E-13
4695	1.30E-13
4696	1.31E-13
4697	1.31E-13
4698	1.32E-13
4699	1.32E-13
4700	1.33E-13
4702	1.29E-13
4704	1.29E-13
4706	1.30E-13
4708	1.30E-13
4710	1.30E-13
4712	1.30E-13
4714	1.30E-13
4716	1.30E-13
4718	1.31E-13
4720	1.31E-13
4722	1.31E-13
4724	1.31E-13
4726	1.31E-13
4728	1.31E-13
4730	1.32E-13
4732	1.31E-13
4734	1.32E-13
4736	1.32E-13
4738	1.32E-13
4740	1.32E-13
4742	1.32E-13
4744	1.32E-13
4746	1.32E-13
4748	1.31E-13
4750	1.31E-13
4752	1.31E-13
4754	1.31E-13
4756	1.30E-13
4758	1.30E-13
4760	1.30E-13
4762	1.30E-13
4764	1.30E-13
4766	1.30E-13
4768	1.29E-13
4770	1.29E-13
4772	1.29E-13
4774	1.29E-13
4776	1.28E-13
4778	1.28E-13
4780	1.28E-13
4782	1.28E-13
4784	1.28E-13
4786	1.28E-13
4788	1.28E-13
4790	1.28E-13
4792	1.28E-13
4794	1.27E-13
4796	1.27E-13
4798	1.27E-13
4800	1.27E-13
4802	1.27E-13
4804	1.26E-13
4806	1.26E-13
4808	1.26E-13
4810	1.26E-13
4812	1.25E-13
4814	1.25E-13
4816	1.25E-13
4818	1.25E-13
4820	1.24E-13
4822	1.24E-13
4824	1.24E-13
4826	1.23E-13
4828	1.23E-13
4830	1.23E-13
4832	1.23E-13
4834	1.22E-13
4836	1.21E-13
4838	1.21E-13
4840	1.20E-13
4842	1.19E-13
4844	1.18E-13
4846	1.17E-13
4848	1.16E-13
4850	1.14E-13
4852	1.13E-13
4854	1.12E-13
4856	1.11E-13
4858	1.10E-13
4860	1.09E-13
4862	1.09E-13
4864	1.08E-13
4866	1.08E-13
4868	1.09E-13
4870	1.09E-13
4872	1.10E-13
4874	1.11E-13
4876	1.12E-13
4878	1.13E-13
4880	1.14E-13
4882	1.15E-13
4884	1.16E-13
4886	1.16E-13
4888	1.17E-13
4890	1.17E-13
4892	1.17E-13
4894	1.17E-13
4896	1.16E-13
4898	1.16E-13
4900	1.15E-13
4902	1.15E-13
4904	1.14E-13
4906	1.13E-13
4908	1.12E-13
4910	1.12E-13
4912	1.11E-13
4914	1.10E-13
4916	1.10E-13
4918	1.09E-13
4920	1.08E-13
4922	1.08E-13
4924	1.08E-13
4926	1.08E-13
4928	1.08E-13
4930	1.08E-13
4932	1.08E-13
4934	1.09E-13
4936	1.09E-13
4938	1.10E-13
4940	1.10E-13
4942	1.11E-13
4944	1.11E-13
4946	1.11E-13
4948	1.12E-13
4950	1.12E-13
4952	1.12E-13
4954	1.12E-13
4956	1.12E-13
4958	1.12E-13
4960	1.12E-13
4962	1.12E-13
4964	1.12E-13
4966	1.12E-13
4968	1.12E-13
4970	1.12E-13
4972	1.12E-13
4974	1.11E-13
4976	1.11E-13
4978	1.11E-13
4980	1.11E-13
4982	1.10E-13
4984	1.10E-13
4986	1.10E-13
4988	1.10E-13
4990	1.09E-13
4992	1.09E-13
4994	1.09E-13
4996	1.08E-13
4998	1.08E-13
5000	1.07E-13
5002	1.07E-13
5004	1.07E-13
5006	1.07E-13
5008	1.06E-13
5010	1.06E-13
5012	1.06E-13
5014	1.05E-13
5016	1.05E-13
5018	1.05E-13
5020	1.05E-13
5022	1.05E-13
5024	1.05E-13
5026	1.05E-13
5028	1.05E-13
5030	1.05E-13
5032	1.05E-13
5034	1.05E-13
5036	1.05E-13
5038	1.05E-13
5040	1.05E-13
5042	1.05E-13
5044	1.04E-13
5046	1.04E-13
5048	1.04E-13
5050	1.04E-13
5052	1.03E-13
5054	1.03E-13
5056	1.03E-13
5058	1.03E-13
5060	1.03E-13
5062	1.03E-13
5064	1.03E-13
5066	1.03E-13
5068	1.03E-13
5070	1.03E-13
5072	1.03E-13
5074	1.03E-13
5076	1.03E-13
5078	1.03E-13
5080	1.03E-13
5082	1.03E-13
5084	1.03E-13
5086	1.03E-13
5088	1.03E-13
5090	1.03E-13
5092	1.02E-13
5094	1.02E-13
5096	1.02E-13
5098	1.02E-13
5100	1.02E-13
5102	1.02E-13
5104	1.01E-13
5106	1.01E-13
5108	1.01E-13
5110	1.01E-13
5112	1.01E-13
5114	1.01E-13
5116	1.01E-13
5118	1.00E-13
5120	1.00E-13
5122	1.00E-13
5124	9.99E-14
5126	9.96E-14
5128	9.96E-14
5130	9.92E-14
5132	9.90E-14
5134	9.89E-14
5136	9.86E-14
5138	9.84E-14
5140	9.82E-14
5142	9.81E-14
5144	9.79E-14
5146	9.78E-14
5148	9.77E-14
5150	9.77E-14
5152	9.76E-14
5154	9.75E-14
5156	9.73E-14
5158	9.72E-14
5160	9.71E-14
5162	9.70E-14
5164	9.68E-14
5166	9.67E-14
5168	9.66E-14
5170	9.64E-14
5172	9.64E-14
5174	9.62E-14
5176	9.61E-14
5178	9.60E-14
5180	9.58E-14
5182	9.57E-14
5184	9.56E-14
5186	9.55E-14
5188	9.53E-14
5190	9.53E-14
5192	9.51E-14
5194	9.50E-14
5196	9.49E-14
5198	9.48E-14
5200	9.46E-14
5202	9.46E-14
5204	9.44E-14
5206	9.43E-14
5208	9.42E-14
5210	9.41E-14
5212	9.43E-14
5214	9.42E-14
5216	9.40E-14
5218	9.39E-14
5220	9.36E-14
5222	9.36E-14
5224	9.34E-14
5226	9.32E-14
5228	9.31E-14
5230	9.29E-14
5232	9.26E-14
5234	9.25E-14
5236	9.24E-14
5238	9.23E-14
5240	9.21E-14
5242	9.20E-14
5244	9.18E-14
5246	9.17E-14
5248	9.16E-14
5250	9.14E-14
5252	9.12E-14
5254	9.12E-14
5256	9.11E-14
5258	9.09E-14
5260	9.08E-14
5262	9.07E-14
5264	9.07E-14
5266	9.06E-14
5268	9.04E-14
5270	9.03E-14
5272	9.01E-14
5274	8.99E-14
5276	8.97E-14
5278	8.96E-14
5280	8.94E-14
5282	8.92E-14
5284	8.90E-14
5286	8.89E-14
5288	8.87E-14
5290	8.86E-14
5292	8.84E-14
5294	8.82E-14
5296	8.82E-14
5298	8.79E-14
5300	8.79E-14
5302	8.76E-14
5304	8.76E-14
5306	8.74E-14
5308	8.72E-14
5310	8.71E-14
5312	8.69E-14
5314	8.69E-14
5316	8.66E-14
5318	8.66E-14
5320	8.65E-14
5322	8.64E-14
5324	8.62E-14
5326	8.61E-14
5328	8.60E-14
5330	8.59E-14
5332	8.57E-14
5334	8.56E-14
5336	8.54E-14
5338	8.54E-14
5340	8.53E-14
5342	8.52E-14
5344	8.49E-14
5346	8.49E-14
5348	8.48E-14
5350	8.46E-14
5352	8.45E-14
5354	8.45E-14
5356	8.44E-14
5358	8.42E-14
5360	8.41E-14
5362	8.41E-14
5364	8.39E-14
5366	8.37E-14
5368	8.36E-14
5370	8.34E-14
5372	8.32E-14
5374	8.31E-14
5376	8.29E-14
5378	8.26E-14
5380	8.24E-14
5382	8.23E-14
5384	8.19E-14
5386	8.16E-14
5388	8.14E-14
5390	8.10E-14
5392	8.06E-14
5394	8.02E-14
5396	7.98E-14
5398	7.94E-14
5400	7.90E-14
5402	7.84E-14
5404	7.80E-14
5406	7.76E-14
5408	7.73E-14
5410	7.70E-14
5412	7.68E-14
5414	7.67E-14
5416	7.67E-14
5418	7.66E-14
5420	7.67E-14
5422	7.69E-14
5424	7.71E-14
5426	7.72E-14
5428	7.75E-14
5430	7.78E-14
5432	7.79E-14
5434	7.80E-14
5436	7.82E-14
5438	7.84E-14
5440	7.85E-14
5442	7.86E-14
5444	7.86E-14
5446	7.87E-14
5448	7.86E-14
5450	7.86E-14
5452	7.87E-14
5454	7.86E-14
5456	7.84E-14
5458	7.83E-14
5460	7.83E-14
5462	7.82E-14
5464	7.80E-14
5466	7.79E-14
5468	7.78E-14
5470	7.76E-14
5472	7.76E-14
5474	7.75E-14
5476	7.73E-14
5478	7.73E-14
5480	7.72E-14
5482	7.70E-14
5484	7.69E-14
5486	7.68E-14
5488	7.68E-14
5490	7.67E-14
5492	7.67E-14
5494	7.65E-14
5496	7.64E-14
5498	7.64E-14
5500	7.63E-14
5502	7.62E-14
5504	7.60E-14
5506	7.60E-14
5508	7.59E-14
5510	7.59E-14
5512	7.58E-14
5514	7.57E-14
5516	7.56E-14
5518	7.55E-14
5520	7.54E-14
5522	7.53E-14
5524	7.51E-14
5526	7.51E-14
5528	7.50E-14
5530	7.48E-14
5532	7.48E-14
5534	7.47E-14
5536	7.46E-14
5538	7.44E-14
5540	7.44E-14
5542	7.43E-14
5544	7.41E-14
5546	7.41E-14
5548	7.40E-14
5550	7.40E-14
5552	7.38E-14
5554	7.37E-14
5556	7.37E-14
5558	7.36E-14
5560	7.36E-14
5562	7.35E-14
5564	7.34E-14
5566	7.33E-14
5568	7.32E-14
5570	7.31E-14
5572	7.29E-14
5574	7.29E-14
5576	7.28E-14
5578	7.28E-14
5580	7.26E-14
5582	7.25E-14
5584	7.25E-14
5586	7.24E-14
5588	7.24E-14
5590	7.22E-14
5592	7.22E-14
5594	7.21E-14
5596	7.20E-14
5598	7.19E-14
5600	7.17E-14
5602	7.17E-14
5604	7.16E-14
5606	7.14E-14
5608	7.13E-14
5610	7.11E-14
5612	7.11E-14
5614	7.10E-14
5616	7.09E-14
5618	7.08E-14
5620	7.07E-14
5622	7.05E-14
5624	7.05E-14
5626	7.04E-14
5628	7.02E-14
5630	7.02E-14
5632	7.01E-14
5634	7.00E-14
5636	6.99E-14
5638	6.98E-14
5640	6.96E-14
5642	6.96E-14
5644	6.95E-14
5646	6.93E-14
5648	6.93E-14
5650	6.91E-14
5652	6.90E-14
5654	6.89E-14
5656	6.88E-14
5658	6.86E-14
5660	6.84E-14
5662	6.83E-14
5664	6.81E-14
5666	6.80E-14
5668	6.78E-14
5670	6.77E-14
5672	6.75E-14
5674	6.73E-14
5676	6.73E-14
5678	6.72E-14
5680	6.70E-14
5682	6.70E-14
5684	6.68E-14
5686	6.67E-14
5688	6.67E-14
5690	6.66E-14
5692	6.66E-14
5694	6.66E-14
5696	6.65E-14
5698	6.65E-14
5700	6.64E-14
5702	6.64E-14
5704	6.63E-14
5706	6.63E-14
5708	6.62E-14
5710	6.62E-14
5712	6.61E-14
5714	6.60E-14
5716	6.59E-14
5718	6.59E-14
5720	6.58E-14
5722	6.58E-14
5724	6.57E-14
5726	6.56E-14
5728	6.55E-14
5730	6.54E-14
5732	6.54E-14
5734	6.53E-14
5736	6.52E-14
5738	6.51E-14
5740	6.51E-14
5742	6.49E-14
5744	6.49E-14
5746	6.48E-14
5748	6.47E-14
5750	6.47E-14
5752	6.46E-14
5754	6.46E-14
5756	6.44E-14
5758	6.44E-14
5760	6.43E-14
5762	6.43E-14
5764	6.42E-14
5766	6.42E-14
5768	6.40E-14
5770	6.40E-14
5772	6.39E-14
5774	6.38E-14
5776	6.37E-14
5778	6.36E-14
5780	6.36E-14
5782	6.35E-14
5784	6.34E-14
5786	6.33E-14
5788	6.33E-14
5790	6.31E-14
5792	6.31E-14
5794	6.29E-14
5796	6.28E-14
5798	6.28E-14
5800	6.27E-14
5802	6.26E-14
5804	6.25E-14
5806	6.24E-14
5808	6.23E-14
5810	6.22E-14
5812	6.21E-14
5814	6.20E-14
5816	6.19E-14
5818	6.18E-14
5820	6.17E-14
5822	6.16E-14
5824	6.14E-14
5826	6.14E-14
5828	6.12E-14
5830	6.11E-14
5832	6.10E-14
5834	6.09E-14
5836	6.08E-14
5838	6.06E-14
5840	6.06E-14
5842	6.04E-14
5844	6.03E-14
5846	6.02E-14
5848	6.01E-14
5850	6.00E-14
5852	5.98E-14
5854	5.95E-14
5856	5.93E-14
5858	5.91E-14
5860	5.88E-14
5862	5.83E-14
5864	5.80E-14
5866	5.76E-14
5868	5.72E-14
5870	5.68E-14
5872	5.65E-14
5874	5.63E-14
5876	5.61E-14
5878	5.59E-14
5880	5.59E-14
5882	5.58E-14
5884	5.60E-14
5886	5.61E-14
5888	5.63E-14
5890	5.65E-14
5892	5.66E-14
5894	5.69E-14
5896	5.71E-14
5898	5.73E-14
5900	5.74E-14
5902	5.75E-14
5904	5.76E-14
5906	5.77E-14
5908	5.78E-14
5910	5.78E-14
5912	5.77E-14
5914	5.77E-14
5916	5.76E-14
5918	5.76E-14
5920	5.76E-14
5922	5.74E-14
5924	5.74E-14
5926	5.73E-14
5928	5.73E-14
5930	5.71E-14
5932	5.71E-14
5934	5.69E-14
5936	5.69E-14
5938	5.69E-14
5940	5.67E-14
5942	5.66E-14
5944	5.66E-14
5946	5.65E-14
5948	5.65E-14
5950	5.65E-14
5952	5.64E-14
5954	5.63E-14
5956	5.62E-14
5958	5.62E-14
5960	5.62E-14
5962	5.61E-14
5964	5.61E-14
5966	5.61E-14
5968	5.60E-14
5970	5.60E-14
5972	5.58E-14
5974	5.58E-14
5976	5.58E-14
5978	5.57E-14
5980	5.56E-14
5982	5.56E-14
5984	5.55E-14
5986	5.54E-14
5988	5.54E-14
5990	5.54E-14
5992	5.53E-14
5994	5.52E-14
5996	5.51E-14
5998	5.50E-14
6000	5.50E-14
6002	5.49E-14
6004	5.48E-14
6006	5.48E-14
6008	5.48E-14
6010	5.46E-14
6012	5.46E-14
6014	5.46E-14
6016	5.45E-14
6018	5.44E-14
6020	5.44E-14
6022	5.43E-14
6024	5.42E-14
6026	5.41E-14
6028	5.41E-14
6030	5.40E-14
6032	5.40E-14
6034	5.40E-14
6036	5.39E-14
6038	5.38E-14
6040	5.37E-14
6042	5.36E-14
6044	5.36E-14
6046	5.34E-14
6048	5.34E-14
6050	5.33E-14
6052	5.33E-14
6054	5.32E-14
6056	5.31E-14
6058	5.30E-14
6060	5.30E-14
6062	5.29E-14
6064	5.28E-14
6066	5.27E-14
6068	5.27E-14
6070	5.26E-14
6072	5.26E-14
6074	5.26E-14
6076	5.25E-14
6078	5.25E-14
6080	5.24E-14
6082	5.23E-14
6084	5.23E-14
6086	5.23E-14
6088	5.21E-14
6090	5.21E-14
6092	5.21E-14
6094	5.20E-14
6096	5.18E-14
6098	5.18E-14
6100	5.17E-14
6102	5.17E-14
6104	5.16E-14
6106	5.15E-14
6108	5.15E-14
6110	5.14E-14
6112	5.13E-14
6114	5.12E-14
6116	5.12E-14
6118	5.11E-14
6120	5.11E-14
6122	5.10E-14
6124	5.10E-14
6126	5.09E-14
6128	5.09E-14
6130	5.08E-14
6132	5.07E-14
6134	5.07E-14
6136	5.06E-14
6138	5.06E-14
6140	5.05E-14
6142	5.05E-14
6144	5.05E-14
6146	5.04E-14
6148	5.04E-14
6150	5.03E-14
6152	5.03E-14
6154	5.02E-14
6156	5.01E-14
6158	5.01E-14
6160	4.99E-14
6162	4.99E-14
6164	4.97E-14
6166	4.97E-14
6168	4.96E-14
6170	4.96E-14
6172	4.95E-14
6174	4.94E-14
6176	4.93E-14
6178	4.93E-14
6180	4.93E-14
6182	4.91E-14
6184	4.91E-14
6186	4.91E-14
6188	4.90E-14
6190	4.90E-14
6192	4.90E-14
6194	4.89E-14
6196	4.88E-14
6198	4.88E-14
6200	4.88E-14
6202	4.87E-14
6204	4.86E-14
6206	4.86E-14
6208	4.85E-14
6210	4.85E-14
6212	4.84E-14
6214	4.83E-14
6216	4.83E-14
6218	4.82E-14
6220	4.81E-14
6222	4.80E-14
6224	4.79E-14
6226	4.79E-14
6228	4.78E-14
6230	4.78E-14
6232	4.77E-14
6234	4.76E-14
6236	4.76E-14
6238	4.75E-14
6240	4.75E-14
6242	4.74E-14
6244	4.73E-14
6246	4.73E-14
6248	4.73E-14
6250	4.71E-14
6252	4.71E-14
6254	4.71E-14
6256	4.71E-14
6258	4.69E-14
6260	4.69E-14
6262	4.68E-14
6264	4.68E-14
6266	4.68E-14
6268	4.67E-14
6270	4.67E-14
6272	4.66E-14
6274	4.66E-14
6276	4.65E-14
6278	4.64E-14
6280	4.64E-14
6282	4.62E-14
6284	4.62E-14
6286	4.62E-14
6288	4.61E-14
6290	4.60E-14
6292	4.59E-14
6294	4.59E-14
6296	4.59E-14
6298	4.58E-14
6300	4.58E-14
6302	4.57E-14
6304	4.56E-14
6306	4.55E-14
6308	4.55E-14
6310	4.54E-14
6312	4.53E-14
6314	4.53E-14
6316	4.53E-14
6318	4.53E-14
6320	4.52E-14
6322	4.52E-14
6324	4.51E-14
6326	4.51E-14
6328	4.51E-14
6330	4.50E-14
6332	4.49E-14
6334	4.49E-14
6336	4.49E-14
6338	4.48E-14
6340	4.47E-14
6342	4.46E-14
6344	4.46E-14
6346	4.45E-14
6348	4.45E-14
6350	4.44E-14
6352	4.44E-14
6354	4.43E-14
6356	4.42E-14
6358	4.42E-14
6360	4.42E-14
6362	4.41E-14
6364	4.40E-14
6366	4.40E-14
6368	4.39E-14
6370	4.39E-14
6372	4.38E-14
6374	4.38E-14
6376	4.37E-14
6378	4.36E-14
6380	4.36E-14
6382	4.36E-14
6384	4.35E-14
6386	4.34E-14
6388	4.33E-14
6390	4.33E-14
6392	4.32E-14
6394	4.31E-14
6396	4.31E-14
6398	4.30E-14
6400	4.30E-14
6402	4.29E-14
6404	4.29E-14
6406	4.29E-14
6408	4.28E-14
6410	4.28E-14
6412	4.28E-14
6414	4.28E-14
6416	4.27E-14
6418	4.26E-14
6420	4.26E-14
6422	4.26E-14
6424	4.25E-14
6426	4.24E-14
6428	4.24E-14
6430	4.23E-14
6432	4.22E-14
6434	4.22E-14
6436	4.21E-14
6438	4.21E-14
6440	4.21E-14
6442	4.20E-14
6444	4.19E-14
6446	4.19E-14
6448	4.18E-14
6450	4.18E-14
6452	4.18E-14
6454	4.17E-14
6456	4.17E-14
6458	4.16E-14
6460	4.15E-14
6462	4.14E-14
6464	4.14E-14
6466	4.13E-14
6468	4.12E-14
6470	4.11E-14
6472	4.10E-14
6474	4.10E-14
6476	4.09E-14
6478	4.08E-14
6480	4.08E-14
6482	4.08E-14
6484	4.08E-14
6486	4.07E-14
6488	4.06E-14
6490	4.06E-14
6492	4.06E-14
6494	4.05E-14
6496	4.04E-14
6498	4.03E-14
6500	4.02E-14
6502	4.02E-14
6504	4.00E-14
6506	3.99E-14
6508	3.98E-14
6510	3.97E-14
6512	3.95E-14
6514	3.94E-14
6516	3.93E-14
6518	3.91E-14
6520	3.90E-14
6522	3.89E-14
6524	3.88E-14
6526	3.87E-14
6528	3.86E-14
6530	3.85E-14
6532	3.84E-14
6534	3.82E-14
6536	3.81E-14
6538	3.79E-14
6540	3.77E-14
6542	3.74E-14
6544	3.72E-14
6546	3.69E-14
6548	3.65E-14
6550	3.62E-14
6552	3.58E-14
6554	3.54E-14
6556	3.51E-14
6558	3.48E-14
6560	3.45E-14
6562	3.42E-14
6564	3.42E-14
6566	3.41E-14
6568	3.40E-14
6570	3.42E-14
6572	3.44E-14
6574	3.46E-14
6576	3.49E-14
6578	3.52E-14
6580	3.55E-14
6582	3.58E-14
6584	3.61E-14
6586	3.64E-14
6588	3.66E-14
6590	3.67E-14
6592	3.69E-14
6594	3.70E-14
6596	3.71E-14
6598	3.72E-14
6600	3.72E-14
6602	3.72E-14
6604	3.73E-14
6606	3.73E-14
6608	3.73E-14
6610	3.73E-14
6612	3.73E-14
6614	3.74E-14
6616	3.73E-14
6618	3.73E-14
6620	3.74E-14
6622	3.73E-14
6624	3.73E-14
6626	3.73E-14
6628	3.73E-14
6630	3.72E-14
6632	3.72E-14
6634	3.72E-14
6636	3.72E-14
6638	3.71E-14
6640	3.71E-14
6642	3.70E-14
6644	3.69E-14
6646	3.69E-14
6648	3.68E-14
6650	3.67E-14
6652	3.66E-14
6654	3.65E-14
6656	3.64E-14
6658	3.63E-14
6660	3.61E-14
6662	3.59E-14
6664	3.58E-14
6666	3.56E-14
6668	3.54E-14
6670	3.52E-14
6672	3.50E-14
6674	3.48E-14
6676	3.46E-14
6678	3.44E-14
6680	3.44E-14
6682	3.43E-14
6684	3.43E-14
6686	3.43E-14
6688	3.44E-14
6690	3.44E-14
6692	3.46E-14
6694	3.48E-14
6696	3.48E-14
6698	3.49E-14
6700	3.51E-14
6702	3.52E-14
6704	3.52E-14
6706	3.53E-14
6708	3.54E-14
6710	3.54E-14
6712	3.54E-14
6714	3.55E-14
6716	3.54E-14
6718	3.54E-14
6720	3.54E-14
6722	3.54E-14
6724	3.54E-14
6726	3.54E-14
6728	3.54E-14
6730	3.54E-14
6732	3.54E-14
6734	3.53E-14
6736	3.53E-14
6738	3.52E-14
6740	3.52E-14
6742	3.52E-14
6744	3.51E-14
6746	3.51E-14
6748	3.50E-14
6750	3.50E-14
6752	3.50E-14
6754	3.50E-14
6756	3.49E-14
6758	3.49E-14
6760	3.48E-14
6762	3.48E-14
6764	3.48E-14
6766	3.47E-14
6768	3.47E-14
6770	3.47E-14
6772	3.47E-14
6774	3.46E-14
6776	3.46E-14
6778	3.46E-14
6780	3.45E-14
6782	3.45E-14
6784	3.45E-14
6786	3.44E-14
6788	3.44E-14
6790	3.44E-14
6792	3.44E-14
6794	3.43E-14
6796	3.43E-14
6798	3.42E-14
6800	3.42E-14
6802	3.42E-14
6804	3.41E-14
6806	3.41E-14
6808	3.40E-14
6810	3.40E-14
6812	3.39E-14
6814	3.39E-14
6816	3.38E-14
6818	3.38E-14
6820	3.38E-14
6822	3.37E-14
6824	3.37E-14
6826	3.36E-14
6828	3.36E-14
6830	3.36E-14
6832	3.36E-14
6834	3.35E-14
6836	3.35E-14
6838	3.35E-14
6840	3.34E-14
6842	3.34E-14
6844	3.34E-14
6846	3.33E-14
6848	3.32E-14
6850	3.32E-14
6852	3.32E-14
6854	3.31E-14
6856	3.31E-14
6858	3.31E-14
6860	3.30E-14
6862	3.30E-14
6864	3.29E-14
6866	3.29E-14
6868	3.28E-14
6870	3.28E-14
6872	3.28E-14
6874	3.27E-14
6876	3.27E-14
6878	3.27E-14
6880	3.26E-14
6882	3.26E-14
6884	3.25E-14
6886	3.25E-14
6888	3.25E-14
6890	3.24E-14
6892	3.24E-14
6894	3.24E-14
6896	3.23E-14
6898	3.23E-14
6900	3.23E-14
6902	3.22E-14
6904	3.22E-14
6906	3.21E-14
6908	3.21E-14
6910	3.21E-14
6912	3.20E-14
6914	3.20E-14
6916	3.20E-14
6918	3.19E-14
6920	3.19E-14
6922	3.19E-14
6924	3.18E-14
6926	3.18E-14
6928	3.18E-14
6930	3.17E-14
6932	3.17E-14
6934	3.17E-14
6936	3.16E-14
6938	3.16E-14
6940	3.16E-14
6942	3.15E-14
6944	3.15E-14
6946	3.15E-14
6948	3.14E-14
6950	3.14E-14
6952	3.13E-14
6954	3.13E-14
6956	3.13E-14
6958	3.13E-14
6960	3.12E-14
6962	3.12E-14
6964	3.12E-14
6966	3.12E-14
6968	3.12E-14
6970	3.11E-14
6972	3.11E-14
6974	3.11E-14
6976	3.10E-14
6978	3.10E-14
6980	3.10E-14
6982	3.09E-14
6984	3.09E-14
6986	3.08E-14
6988	3.08E-14
6990	3.07E-14
6992	3.07E-14
6994	3.06E-14
6996	3.06E-14
6998	3.05E-14
7000	3.05E-14
7002	3.05E-14
7004	3.05E-14
7006	3.04E-14
7008	3.04E-14
7010	3.04E-14
7012	3.03E-14
7014	3.03E-14
7016	3.02E-14
7018	3.02E-14
7020	3.02E-14
7022	3.02E-14
7024	3.01E-14
7026	3.01E-14
7028	3.01E-14
7030	3.00E-14
7032	3.00E-14
7034	3.00E-14
7036	2.99E-14
7038	2.99E-14
7040	2.98E-14
7042	2.98E-14
7044	2.97E-14
7046	2.97E-14
7048	2.96E-14
7050	2.94E-14
7052	2.93E-14
7054	2.92E-14
7056	2.91E-14
7058	2.90E-14
7060	2.89E-14
7062	2.88E-14
7064	2.87E-14
7066	2.86E-14
7068	2.86E-14
7070	2.86E-14
7072	2.86E-14
7074	2.86E-14
7076	2.87E-14
7078	2.87E-14
7080	2.88E-14
7082	2.89E-14
7084	2.90E-14
7086	2.90E-14
7088	2.90E-14
7090	2.90E-14
7092	2.90E-14
7094	2.90E-14
7096	2.90E-14
7098	2.90E-14
7100	2.89E-14
7102	2.89E-14
7104	2.89E-14
7106	2.89E-14
7108	2.89E-14
7110	2.89E-14
7112	2.88E-14
7114	2.88E-14
7116	2.88E-14
7118	2.88E-14
7120	2.87E-14
7122	2.87E-14
7124	2.87E-14
7126	2.86E-14
7128	2.86E-14
7130	2.86E-14
7132	2.85E-14
7134	2.85E-14
7136	2.85E-14
7138	2.84E-14
7140	2.84E-14
7142	2.83E-14
7144	2.83E-14
7146	2.83E-14
7148	2.82E-14
7150	2.82E-14
7152	2.81E-14
7154	2.81E-14
7156	2.80E-14
7158	2.80E-14
7160	2.80E-14
7162	2.79E-14
7164	2.78E-14
7166	2.78E-14
7168	2.77E-14
7170	2.77E-14
7172	2.76E-14
7174	2.76E-14
7176	2.75E-14
7178	2.75E-14
7180	2.75E-14
7182	2.74E-14
7184	2.73E-14
7186	2.73E-14
7188	2.72E-14
7190	2.72E-14
7192	2.71E-14
7194	2.71E-14
7196	2.71E-14
7198	2.71E-14
7200	2.71E-14
7202	2.71E-14
7204	2.70E-14
7206	2.70E-14
7208	2.71E-14
7210	2.70E-14
7212	2.71E-14
7214	2.71E-14
7216	2.71E-14
7218	2.71E-14
7220	2.70E-14
7222	2.70E-14
7224	2.70E-14
7226	2.70E-14
7228	2.70E-14
7230	2.70E-14
7232	2.69E-14
7234	2.69E-14
7236	2.69E-14
7238	2.69E-14
7240	2.68E-14
7242	2.68E-14
7244	2.67E-14
7246	2.67E-14
7248	2.67E-14
7250	2.66E-14
7252	2.66E-14
7254	2.65E-14
7256	2.64E-14
7258	2.64E-14
7260	2.63E-14
7262	2.63E-14
7264	2.62E-14
7266	2.62E-14
7268	2.61E-14
7270	2.60E-14
7272	2.60E-14
7274	2.59E-14
7276	2.58E-14
7278	2.58E-14
7280	2.57E-14
7282	2.57E-14
7284	2.57E-14
7286	2.56E-14
7288	2.57E-14
7290	2.57E-14
7292	2.57E-14
7294	2.57E-14
7296	2.57E-14
7298	2.58E-14
7300	2.58E-14
7302	2.57E-14
7304	2.57E-14
7306	2.57E-14
7308	2.57E-14
7310	2.58E-14
7312	2.57E-14
7314	2.57E-14
7316	2.57E-14
7318	2.57E-14
7320	2.57E-14
7322	2.57E-14
7324	2.57E-14
7326	2.57E-14
7328	2.56E-14
7330	2.56E-14
7332	2.56E-14
7334	2.56E-14
7336	2.55E-14
7338	2.55E-14
7340	2.55E-14
7342	2.55E-14
7344	2.55E-14
7346	2.54E-14
7348	2.54E-14
7350	2.54E-14
7352	2.54E-14
7354	2.53E-14
7356	2.53E-14
7358	2.53E-14
7360	2.53E-14
7362	2.52E-14
7364	2.52E-14
7366	2.52E-14
7368	2.52E-14
7370	2.51E-14
7372	2.51E-14
7374	2.51E-14
7376	2.50E-14
7378	2.50E-14
7380	2.50E-14
7382	2.50E-14
7384	2.50E-14
7386	2.50E-14
7388	2.49E-14
7390	2.49E-14
7392	2.49E-14
7394	2.49E-14
7396	2.48E-14
7398	2.48E-14
7400	2.48E-14
7402	2.48E-14
7404	2.48E-14
7406	2.48E-14
7408	2.48E-14
7410	2.48E-14
7412	2.47E-14
7414	2.47E-14
7416	2.46E-14
7418	2.46E-14
7420	2.46E-14
7422	2.46E-14
7424	2.45E-14
7426	2.45E-14
7428	2.45E-14
7430	2.45E-14
7432	2.45E-14
7434	2.44E-14
7436	2.44E-14
7438	2.44E-14
7440	2.43E-14
7442	2.43E-14
7444	2.43E-14
7446	2.42E-14
7448	2.42E-14
7450	2.42E-14
7452	2.42E-14
7454	2.41E-14
7456	2.41E-14
7458	2.41E-14
7460	2.40E-14
7462	2.40E-14
7464	2.40E-14
7466	2.40E-14
7468	2.39E-14
7470	2.39E-14
7472	2.39E-14
7474	2.39E-14
7476	2.38E-14
7478	2.38E-14
7480	2.38E-14
7482	2.37E-14
7484	2.37E-14
7486	2.37E-14
7488	2.37E-14
7490	2.37E-14
7492	2.36E-14
7494	2.36E-14
7496	2.35E-14
7498	2.35E-14
7500	2.35E-14
7502	2.34E-14
7504	2.34E-14
7506	2.34E-14
7508	2.34E-14
7510	2.34E-14
7512	2.33E-14
7514	2.33E-14
7516	2.33E-14
7518	2.33E-14
7520	2.32E-14
7522	2.32E-14
7524	2.32E-14
7526	2.32E-14
7528	2.32E-14
7530	2.31E-14
7532	2.31E-14
7534	2.31E-14
7536	2.31E-14
7538	2.30E-14
7540	2.30E-14
7542	2.30E-14
7544	2.30E-14
7546	2.29E-14
7548	2.29E-14
7550	2.29E-14
7552	2.29E-14
7554	2.28E-14
7556	2.28E-14
7558	2.28E-14
7560	2.28E-14
7562	2.28E-14
7564	2.27E-14
7566	2.27E-14
7568	2.27E-14
7570	2.27E-14
7572	2.26E-14
7574	2.26E-14
7576	2.26E-14
7578	2.26E-14
7580	2.25E-14
7582	2.25E-14
7584	2.25E-14
7586	2.25E-14
7588	2.25E-14
7590	2.24E-14
7592	2.24E-14
7594	2.24E-14
7596	2.23E-14
7598	2.23E-14
7600	2.23E-14
7602	2.23E-14
7604	2.23E-14
7606	2.22E-14
7608	2.22E-14
7610	2.22E-14
7612	2.22E-14
7614	2.21E-14
7616	2.21E-14
7618	2.21E-14
7620	2.21E-14
7622	2.21E-14
7624	2.20E-14
7626	2.20E-14
7628	2.20E-14
7630	2.20E-14
7632	2.19E-14
7634	2.19E-14
7636	2.19E-14
7638	2.19E-14
7640	2.18E-14
7642	2.18E-14
7644	2.18E-14
7646	2.18E-14
7648	2.17E-14
7650	2.17E-14
7652	2.17E-14
7654	2.17E-14
7656	2.17E-14
7658	2.16E-14
7660	2.16E-14
7662	2.16E-14
7664	2.16E-14
7666	2.15E-14
7668	2.15E-14
7670	2.15E-14
7672	2.15E-14
7674	2.14E-14
7676	2.14E-14
7678	2.14E-14
7680	2.14E-14
7682	2.14E-14
7684	2.13E-14
7686	2.13E-14
7688	2.13E-14
7690	2.13E-14
7692	2.12E-14
7694	2.12E-14
7696	2.12E-14
7698	2.12E-14
7700	2.11E-14
7702	2.11E-14
7704	2.11E-14
7706	2.11E-14
7708	2.11E-14
7710	2.10E-14
7712	2.10E-14
7714	2.10E-14
7716	2.09E-14
7718	2.09E-14
7720	2.09E-14
7722	2.08E-14
7724	2.08E-14
7726	2.08E-14
7728	2.08E-14
7730	2.08E-14
7732	2.08E-14
7734	2.07E-14
7736	2.07E-14
7738	2.07E-14
7740	2.07E-14
7742	2.07E-14
7744	2.07E-14
7746	2.07E-14
7748	2.07E-14
7750	2.07E-14
7752	2.07E-14
7754	2.07E-14
7756	2.07E-14
7758	2.07E-14
7760	2.07E-14
7762	2.07E-14
7764	2.07E-14
7766	2.06E-14
7768	2.06E-14
7770	2.06E-14
7772	2.06E-14
7774	2.06E-14
7776	2.05E-14
7778	2.05E-14
7780	2.05E-14
7782	2.04E-14
7784	2.04E-14
7786	2.04E-14
7788	2.04E-14
7790	2.03E-14
7792	2.03E-14
7794	2.03E-14
7796	2.03E-14
7798	2.03E-14
7800	2.02E-14
7802	2.02E-14
7804	2.01E-14
7806	2.01E-14
7808	2.01E-14
7810	2.01E-14
7812	2.00E-14
7814	2.00E-14
7816	2.00E-14
7818	1.99E-14
7820	1.99E-14
7822	1.99E-14
7824	1.99E-14
7826	1.98E-14
7828	1.98E-14
7830	1.99E-14
7832	1.99E-14
7834	1.99E-14
7836	1.99E-14
7838	1.98E-14
7840	1.98E-14
7842	1.98E-14
7844	1.98E-14
7846	1.97E-14
7848	1.97E-14
7850	1.97E-14
7852	1.96E-14
7854	1.96E-14
7856	1.96E-14
7858	1.96E-14
7860	1.96E-14
7862	1.96E-14
7864	1.96E-14
7866	1.95E-14
7868	1.95E-14
7870	1.95E-14
7872	1.95E-14
7874	1.95E-14
7876	1.94E-14
7878	1.94E-14
7880	1.94E-14
7882	1.94E-14
7884	1.94E-14
7886	1.93E-14
7888	1.93E-14
7890	1.93E-14
7892	1.93E-14
7894	1.93E-14
7896	1.92E-14
7898	1.92E-14
7900	1.92E-14
7902	1.91E-14
7904	1.91E-14
7906	1.91E-14
7908	1.91E-14
7910	1.91E-14
7912	1.90E-14
7914	1.90E-14
7916	1.90E-14
7918	1.89E-14
7920	1.89E-14
7922	1.89E-14
7924	1.90E-14
7926	1.89E-14
7928	1.89E-14
7930	1.89E-14
7932	1.89E-14
7934	1.89E-14
7936	1.88E-14
7938	1.88E-14
7940	1.88E-14
7942	1.88E-14
7944	1.88E-14
7946	1.88E-14
7948	1.88E-14
7950	1.87E-14
7952	1.87E-14
7954	1.87E-14
7956	1.87E-14
7958	1.87E-14
7960	1.87E-14
7962	1.87E-14
7964	1.87E-14
7966	1.86E-14
7968	1.86E-14
7970	1.86E-14
7972	1.86E-14
7974	1.85E-14
7976	1.85E-14
7978	1.85E-14
7980	1.85E-14
7982	1.85E-14
7984	1.84E-14
7986	1.84E-14
7988	1.84E-14
7990	1.84E-14
7992	1.84E-14
7994	1.84E-14
7996	1.84E-14
7998	1.84E-14
8000	1.84E-14
8002	1.83E-14
8004	1.83E-14
8006	1.83E-14
8008	1.82E-14
8010	1.82E-14
8012	1.82E-14
8014	1.81E-14
8016	1.81E-14
8018	1.81E-14
8020	1.80E-14
8022	1.80E-14
8024	1.80E-14
8026	1.80E-14
8028	1.80E-14
8030	1.80E-14
8032	1.80E-14
8034	1.80E-14
8036	1.80E-14
8038	1.80E-14
8040	1.80E-14
8042	1.80E-14
8044	1.80E-14
8046	1.80E-14
8048	1.80E-14
8050	1.80E-14
8052	1.80E-14
8054	1.79E-14
8056	1.79E-14
8058	1.79E-14
8060	1.78E-14
8062	1.78E-14
8064	1.78E-14
8066	1.78E-14
8068	1.78E-14
8070	1.78E-14
8072	1.78E-14
8074	1.77E-14
8076	1.77E-14
8078	1.77E-14
8080	1.77E-14
8082	1.76E-14
8084	1.76E-14
8086	1.76E-14
8088	1.75E-14
8090	1.75E-14
8092	1.75E-14
8094	1.75E-14
8096	1.75E-14
8098	1.74E-14
8100	1.74E-14
8102	1.74E-14
8104	1.74E-14
8106	1.74E-14
8108	1.74E-14
8110	1.74E-14
8112	1.74E-14
8114	1.73E-14
8116	1.73E-14
8118	1.73E-14
8120	1.73E-14
8122	1.73E-14
8124	1.73E-14
8126	1.72E-14
8128	1.72E-14
8130	1.71E-14
8132	1.71E-14
8134	1.71E-14
8136	1.71E-14
8138	1.70E-14
8140	1.70E-14
8142	1.70E-14
8144	1.70E-14
8146	1.70E-14
8148	1.69E-14
8150	1.69E-14
8152	1.69E-14
8154	1.69E-14
8156	1.69E-14
8158	1.69E-14
8160	1.69E-14
8162	1.68E-14
8164	1.68E-14
8166	1.68E-14
8168	1.68E-14
8170	1.68E-14
8172	1.68E-14
8174	1.67E-14
8176	1.67E-14
8178	1.67E-14
8180	1.67E-14
8182	1.67E-14
8184	1.66E-14
8186	1.66E-14
8188	1.66E-14
8190	1.65E-14
8192	1.65E-14
8194	1.65E-14
8196	1.65E-14
8198	1.65E-14
8200	1.65E-14
8202	1.64E-14
8204	1.64E-14
8206	1.64E-14
8208	1.64E-14
8210	1.64E-14
8212	1.64E-14
8214	1.63E-14
8216	1.63E-14
8218	1.62E-14
8220	1.62E-14
8222	1.61E-14
8224	1.61E-14
8226	1.61E-14
8228	1.60E-14
8230	1.60E-14
8232	1.60E-14
8234	1.60E-14
8236	1.59E-14
8238	1.59E-14
8240	1.59E-14
8242	1.59E-14
8244	1.59E-14
8246	1.59E-14
8248	1.59E-14
8250	1.59E-14
8252	1.59E-14
8254	1.59E-14
8256	1.59E-14
8258	1.59E-14
8260	1.59E-14
8262	1.59E-14
8264	1.59E-14
8266	1.59E-14
8268	1.59E-14
8270	1.58E-14
8272	1.58E-14
8274	1.58E-14
8276	1.58E-14
8278	1.58E-14
8280	1.58E-14
8282	1.58E-14
8284	1.58E-14
8286	1.58E-14
8288	1.58E-14
8290	1.58E-14
8292	1.58E-14
8294	1.58E-14
8296	1.58E-14
8298	1.58E-14
8300	1.58E-14
8302	1.57E-14
8304	1.57E-14
8306	1.57E-14
8308	1.57E-14
8310	1.57E-14
8312	1.57E-14
8314	1.57E-14
8316	1.57E-14
8318	1.57E-14
8320	1.57E-14
8322	1.56E-14
8324	1.56E-14
8326	1.56E-14
8328	1.56E-14
8330	1.56E-14
8332	1.56E-14
8334	1.56E-14
8336	1.56E-14
8338	1.56E-14
8340	1.55E-14
8342	1.55E-14
8344	1.55E-14
8346	1.55E-14
8348	1.54E-14
8350	1.54E-14
8352	1.54E-14
8354	1.54E-14
8356	1.53E-14
8358	1.53E-14
8360	1.53E-14
8362	1.53E-14
8364	1.53E-14
8366	1.53E-14
8368	1.52E-14
8370	1.52E-14
8372	1.53E-14
8374	1.53E-14
8376	1.53E-14
8378	1.53E-14
8380	1.53E-14
8382	1.54E-14
8384	1.54E-14
8386	1.54E-14
8388	1.54E-14
8390	1.54E-14
8392	1.53E-14
8394	1.53E-14
8396	1.53E-14
8398	1.53E-14
8400	1.53E-14
8402	1.52E-14
8404	1.52E-14
8406	1.52E-14
8408	1.52E-14
8410	1.52E-14
8412	1.52E-14
8414	1.51E-14
8416	1.51E-14
8418	1.51E-14
8420	1.51E-14
8422	1.50E-14
8424	1.50E-14
8426	1.50E-14
8428	1.50E-14
8430	1.49E-14
8432	1.49E-14
8434	1.49E-14
8436	1.49E-14
8438	1.49E-14
8440	1.49E-14
8442	1.49E-14
8444	1.49E-14
8446	1.49E-14
8448	1.49E-14
8450	1.49E-14
8452	1.49E-14
8454	1.49E-14
8456	1.49E-14
8458	1.49E-14
8460	1.49E-14
8462	1.49E-14
8464	1.49E-14
8466	1.49E-14
8468	1.49E-14
8470	1.49E-14
8472	1.48E-14
8474	1.48E-14
8476	1.48E-14
8478	1.48E-14
8480	1.48E-14
8482	1.47E-14
8484	1.47E-14
8486	1.47E-14
8488	1.47E-14
8490	1.47E-14
8492	1.47E-14
8494	1.47E-14
8496	1.47E-14
8498	1.47E-14
8500	1.47E-14
8502	1.47E-14
8504	1.47E-14
8506	1.47E-14
8508	1.46E-14
8510	1.46E-14
8512	1.45E-14
8514	1.45E-14
8516	1.45E-14
8518	1.45E-14
8520	1.45E-14
8522	1.44E-14
8524	1.44E-14
8526	1.45E-14
8528	1.45E-14
8530	1.45E-14
8532	1.45E-14
8534	1.45E-14
8536	1.45E-14
8538	1.46E-14
8540	1.46E-14
8542	1.46E-14
8544	1.46E-14
8546	1.46E-14
8548	1.45E-14
8550	1.45E-14
8552	1.44E-14
8554	1.44E-14
8556	1.43E-14
8558	1.43E-14
8560	1.42E-14
8562	1.42E-14
8564	1.41E-14
8566	1.41E-14
8568	1.41E-14
8570	1.40E-14
8572	1.40E-14
8574	1.40E-14
8576	1.40E-14
8578	1.39E-14
8580	1.39E-14
8582	1.39E-14
8584	1.39E-14
8586	1.39E-14
8588	1.39E-14
8590	1.39E-14
8592	1.39E-14
8594	1.39E-14
8596	1.38E-14
8598	1.38E-14
8600	1.38E-14
8602	1.38E-14
8604	1.38E-14
8606	1.38E-14
8608	1.38E-14
8610	1.38E-14
8612	1.37E-14
8614	1.37E-14
8616	1.37E-14
8618	1.37E-14
8620	1.37E-14
8622	1.37E-14
8624	1.37E-14
8626	1.37E-14
8628	1.37E-14
8630	1.37E-14
8632	1.37E-14
8634	1.37E-14
8636	1.37E-14
8638	1.37E-14
8640	1.37E-14
8642	1.37E-14
8644	1.37E-14
8646	1.37E-14
8648	1.37E-14
8650	1.38E-14
8652	1.37E-14
8654	1.38E-14
8656	1.38E-14
8658	1.38E-14
8660	1.38E-14
8662	1.38E-14
8664	1.38E-14
8666	1.38E-14
8668	1.37E-14
8670	1.37E-14
8672	1.37E-14
8674	1.37E-14
8676	1.36E-14
8678	1.36E-14
8680	1.35E-14
8682	1.35E-14
8684	1.34E-14
8686	1.34E-14
8688	1.33E-14
8690	1.33E-14
8692	1.33E-14
8694	1.32E-14
8696	1.32E-14
8698	1.31E-14
8700	1.31E-14
8702	1.30E-14
8704	1.30E-14
8706	1.29E-14
8708	1.29E-14
8710	1.28E-14
8712	1.28E-14
8714	1.28E-14
8716	1.29E-14
8718	1.29E-14
8720	1.29E-14
8722	1.29E-14
8724	1.29E-14
8726	1.30E-14
8728	1.30E-14
8730	1.30E-14
8732	1.30E-14
8734	1.30E-14
8736	1.30E-14
8738	1.30E-14
8740	1.29E-14
8742	1.29E-14
8744	1.29E-14
8746	1.29E-14
8748	1.29E-14
8750	1.29E-14
8752	1.29E-14
8754	1.29E-14
8756	1.29E-14
8758	1.29E-14
8760	1.29E-14
8762	1.29E-14
8764	1.28E-14
8766	1.28E-14
8768	1.28E-14
8770	1.28E-14
8772	1.27E-14
8774	1.27E-14
8776	1.27E-14
8778	1.26E-14
8780	1.26E-14
8782	1.26E-14
8784	1.25E-14
8786	1.25E-14
8788	1.25E-14
8790	1.25E-14
8792	1.25E-14
8794	1.25E-14
8796	1.25E-14
8798	1.25E-14
8800	1.24E-14
8802	1.24E-14
8804	1.24E-14
8806	1.24E-14
8808	1.24E-14
8810	1.24E-14
8812	1.24E-14
8814	1.24E-14
8816	1.24E-14
8818	1.24E-14
8820	1.24E-14
8822	1.24E-14
8824	1.24E-14
8826	1.24E-14
8828	1.24E-14
8830	1.24E-14
8832	1.24E-14
8834	1.24E-14
8836	1.24E-14
8838	1.24E-14
8840	1.24E-14
8842	1.24E-14
8844	1.24E-14
8846	1.24E-14
8848	1.24E-14
8850	1.24E-14
8852	1.24E-14
8854	1.24E-14
8856	1.24E-14
8858	1.24E-14
8860	1.24E-14
8862	1.24E-14
8864	1.24E-14
8866	1.24E-14
8868	1.24E-14
8870	1.24E-14
8872	1.23E-14
8874	1.23E-14
8876	1.22E-14
8878	1.22E-14
8880	1.22E-14
8882	1.22E-14
8884	1.21E-14
8886	1.21E-14
8888	1.21E-14
8890	1.21E-14
8892	1.20E-14
8894	1.20E-14
8896	1.20E-14
8898	1.20E-14
8900	1.19E-14
8902	1.19E-14
8904	1.19E-14
8906	1.19E-14
8908	1.19E-14
8910	1.19E-14
8912	1.19E-14
8914	1.19E-14
8916	1.19E-14
8918	1.19E-14
8920	1.18E-14
8922	1.18E-14
8924	1.18E-14
8926	1.18E-14
8928	1.17E-14
8930	1.17E-14
8932	1.17E-14
8934	1.17E-14
8936	1.16E-14
8938	1.16E-14
8940	1.16E-14
8942	1.15E-14
8944	1.15E-14
8946	1.15E-14
8948	1.15E-14
8950	1.14E-14
8952	1.14E-14
8954	1.14E-14
8956	1.13E-14
8958	1.13E-14
8960	1.13E-14
8962	1.13E-14
8964	1.12E-14
8966	1.12E-14
8968	1.12E-14
8970	1.11E-14
8972	1.11E-14
8974	1.11E-14
8976	1.11E-14
8978	1.10E-14
8980	1.10E-14
8982	1.10E-14
8984	1.10E-14
8986	1.10E-14
8988	1.10E-14
8990	1.09E-14
8992	1.09E-14
8994	1.09E-14
8996	1.08E-14
8998	1.08E-14
9000	1.08E-14
9002	1.08E-14
9004	1.08E-14
9006	1.08E-14
9008	1.08E-14
9010	1.08E-14
9012	1.09E-14
9014	1.08E-14
9016	1.08E-14
9018	1.08E-14
9020	1.08E-14
9022	1.08E-14
9024	1.08E-14
9026	1.08E-14
9028	1.07E-14
9030	1.07E-14
9032	1.07E-14
9034	1.06E-14
9036	1.06E-14
9038	1.06E-14
9040	1.06E-14
9042	1.06E-14
9044	1.05E-14
9046	1.05E-14
9048	1.05E-14
9050	1.05E-14
9052	1.05E-14
9054	1.04E-14
9056	1.04E-14
9058	1.04E-14
9060	1.04E-14
9062	1.04E-14
9064	1.04E-14
9066	1.04E-14
9068	1.04E-14
9070	1.03E-14
9072	1.03E-14
9074	1.03E-14
9076	1.03E-14
9078	1.03E-14
9080	1.03E-14
9082	1.03E-14
9084	1.03E-14
9086	1.03E-14
9088	1.03E-14
9090	1.03E-14
9092	1.03E-14
9094	1.03E-14
9096	1.04E-14
9098	1.04E-14
9100	1.04E-14
9102	1.04E-14
9104	1.04E-14
9106	1.04E-14
9108	1.05E-14
9110	1.05E-14
9112	1.05E-14
9114	1.05E-14
9116	1.05E-14
9118	1.05E-14
9120	1.05E-14
9122	1.05E-14
9124	1.04E-14
9126	1.04E-14
9128	1.04E-14
9130	1.04E-14
9132	1.04E-14
9134	1.04E-14
9136	1.04E-14
9138	1.04E-14
9140	1.04E-14
9142	1.05E-14
9144	1.05E-14
9146	1.05E-14
9148	1.04E-14
9150	1.04E-14
9152	1.04E-14
9154	1.04E-14
9156	1.04E-14
9158	1.04E-14
9160	1.04E-14
9162	1.04E-14
9164	1.04E-14
9166	1.04E-14
9168	1.04E-14
9170	1.04E-14
9172	1.04E-14
9174	1.03E-14
9176	1.03E-14
9178	1.03E-14
9180	1.03E-14
9182	1.03E-14
9184	1.02E-14
9186	1.02E-14
9188	1.02E-14
9190	1.02E-14
9192	1.02E-14
9194	1.02E-14
9196	1.02E-14
9198	1.02E-14
9200	1.02E-14
