971.072	8.11E-15
972.693	8.17E-15
974.3166	8.23E-15
975.9429	8.30E-15
977.572	8.36E-15
979.2038	8.42E-15
980.8383	8.49E-15
982.4755	8.55E-15
984.1155	8.62E-15
985.7582	8.68E-15
987.4036	8.75E-15
989.0518	8.82E-15
990.7027	8.88E-15
992.3564	8.95E-15
994.0129	9.01E-15
995.6721	9.08E-15
997.334	9.15E-15
998.9988	9.22E-15
1000.666	9.28E-15
1002.337	9.35E-15
1004.01	9.42E-15
1005.686	9.49E-15
1007.364	9.56E-15
1009.046	9.63E-15
1010.73	9.69E-15
1012.417	9.76E-15
1014.107	9.83E-15
1015.8	9.90E-15
1017.496	9.97E-15
1019.194	1.00E-14
1020.895	1.01E-14
1022.599	1.02E-14
1024.306	1.03E-14
1026.016	1.03E-14
1027.729	1.04E-14
1029.444	1.05E-14
1031.163	1.05E-14
1032.884	1.06E-14
1034.608	1.07E-14
1036.335	1.08E-14
1038.0649	1.08E-14
1039.797	1.09E-14
1041.533	1.10E-14
1043.272	1.11E-14
1045.0129	1.11E-14
1046.757	1.12E-14
1048.505	1.13E-14
1050.255	1.14E-14
1052.0081	1.14E-14
1053.764	1.15E-14
1055.5229	1.16E-14
1057.285	1.17E-14
1059.05	1.17E-14
1060.818	1.18E-14
1062.588	1.19E-14
1064.3621	1.20E-14
1066.139	1.20E-14
1067.918	1.21E-14
1069.701	1.22E-14
1071.486	1.23E-14
1073.275	1.23E-14
1075.066	1.24E-14
1076.861	1.25E-14
1078.658	1.26E-14
1080.459	1.27E-14
1082.262	1.27E-14
1084.069	1.28E-14
1085.879	1.29E-14
1087.691	1.30E-14
1089.507	1.31E-14
1091.325	1.31E-14
1093.147	1.32E-14
1094.972	1.33E-14
1096.799	1.34E-14
1098.63	1.35E-14
1100.464	1.35E-14
1102.301	1.36E-14
1104.141	1.37E-14
1105.984	1.38E-14
1107.83	1.39E-14
1109.679	1.39E-14
1111.531	1.40E-14
1113.387	1.41E-14
1115.245	1.42E-14
1117.1071	1.43E-14
1118.972	1.43E-14
1120.839	1.44E-14
1122.71	1.45E-14
1124.584	1.46E-14
1126.462	1.47E-14
1128.342	1.48E-14
1130.225	1.48E-14
1132.1121	1.49E-14
1134.002	1.50E-14
1135.895	1.51E-14
1137.791	1.52E-14
1139.6899	1.53E-14
1141.592	1.53E-14
1143.498	1.54E-14
1145.406	1.55E-14
1147.318	1.56E-14
1149.234	1.57E-14
1151.152	1.58E-14
1153.073	1.58E-14
1154.998	1.59E-14
1156.926	1.60E-14
1158.8571	1.61E-14
1160.792	1.62E-14
1162.729	1.63E-14
1164.67	1.63E-14
1166.614	1.64E-14
1168.561	1.65E-14
1170.512	1.66E-14
1172.4659	1.67E-14
1174.423	1.68E-14
1176.3831	1.69E-14
1178.347	1.69E-14
1180.314	1.70E-14
1182.2841	1.71E-14
1184.257	1.72E-14
1186.234	1.73E-14
1188.214	1.74E-14
1190.198	1.75E-14
1192.184	1.75E-14
1194.174	1.76E-14
1196.168	1.77E-14
1198.1639	1.78E-14
1200.1639	1.79E-14
1202.168	1.80E-14
1204.174	1.81E-14
1206.184	1.81E-14
1208.198	1.82E-14
1210.215	1.83E-14
1212.235	1.84E-14
1214.2581	1.85E-14
1216.285	1.86E-14
1218.3149	1.87E-14
1220.349	1.87E-14
1222.386	1.88E-14
1224.426	1.89E-14
1226.47	1.90E-14
1228.517	1.91E-14
1230.568	1.92E-14
1232.6219	1.93E-14
1234.6801	1.93E-14
1236.74	1.94E-14
1238.8051	1.95E-14
1240.873	1.96E-14
1242.944	1.97E-14
1245.019	1.98E-14
1247.097	1.99E-14
1250.2	2.31E-14
1251.2	2.02E-14
1252.4	2.01E-14
1253.6	1.89E-14
1254.8	1.98E-14
1256	2.05E-14
1257.2	1.95E-14
1258.4	1.97E-14
1259.6	1.99E-14
1260.8	2.10E-14
1262	2.13E-14
1263	1.99E-14
1264.2	1.83E-14
1265.4	1.85E-14
1266.6	2.31E-14
1267.8	2.29E-14
1269	2.35E-14
1270.2	1.93E-14
1271.4	1.64E-14
1272.6	1.85E-14
1273.6	2.29E-14
1274.8	2.18E-14
1276	2.25E-14
1277.2	2.22E-14
1278.4	2.30E-14
1279.6	2.39E-14
1280.8	2.33E-14
1282	2.57E-14
1283.2	2.38E-14
1284.4	2.18E-14
1285.4	2.22E-14
1286.6	2.19E-14
1287.8	2.22E-14
1289	2.35E-14
1290.2	2.55E-14
1291.4	2.25E-14
1292.6	2.22E-14
1293.8	2.00E-14
1295	2.05E-14
1296.2	2.25E-14
1297.2	2.30E-14
1298.4	1.96E-14
1299.6	2.25E-14
1300.8	2.29E-14
1302	2.17E-14
1303.2	2.07E-14
1304.4	1.92E-14
1305.6	2.17E-14
1306.8	2.29E-14
1308	2.12E-14
1309	2.11E-14
1310.2	2.34E-14
1311.4	2.17E-14
1312.6	2.34E-14
1313.8	2.14E-14
1315	2.16E-14
1316.2	2.28E-14
1317.4	1.88E-14
1318.6	2.22E-14
1319.8	2.28E-14
1320.8	1.98E-14
1322	2.10E-14
1323.2	2.21E-14
1324.4	2.03E-14
1325.6	1.97E-14
1326.8	2.07E-14
1328	2.11E-14
1329.2	1.78E-14
1330.4	2.04E-14
1331.6	2.06E-14
1332.6	2.09E-14
1333.8	2.00E-14
1335	2.16E-14
1336.2	2.03E-14
1337.4	2.18E-14
1338.6	2.37E-14
1339.8	2.21E-14
1341	2.13E-14
1342.2	2.17E-14
1343.4	2.10E-14
1344.4	2.29E-14
1345.6	2.47E-14
1346.8	2.64E-14
1348	2.43E-14
1349.2	2.34E-14
1350.4	2.58E-14
1351.6	2.32E-14
1352.8	2.09E-14
1354	2.19E-14
1355.2	2.24E-14
1356.2	2.38E-14
1357.4	2.35E-14
1358.6	2.28E-14
1359.8	2.38E-14
1361	2.43E-14
1362.2	2.51E-14
1363.4	2.44E-14
1364.6	2.41E-14
1365.8	2.61E-14
1366.8	2.54E-14
1368	2.32E-14
1369.2	2.29E-14
1370.4	2.23E-14
1371.6	2.38E-14
1372.8	2.21E-14
1374	2.25E-14
1375.2	2.16E-14
1376.4	2.22E-14
1377.6	2.46E-14
1378.6	2.43E-14
1379.8	2.49E-14
1381	2.70E-14
1382.2	2.50E-14
1383.4	2.38E-14
1384.6	2.62E-14
1385.8	2.17E-14
1387	2.16E-14
1388.2	2.29E-14
1389.4	2.43E-14
1390.4	2.23E-14
1391.6	2.37E-14
1392.8	2.38E-14
1394	2.40E-14
1395.2	2.18E-14
1396.4	2.18E-14
1397.6	2.62E-14
1398.8	2.88E-14
1400	2.67E-14
1401.2	2.18E-14
1402.2	1.97E-14
1403.4	2.37E-14
1404.6	2.41E-14
1405.8	2.13E-14
1407	2.09E-14
1408.2	2.31E-14
1409.4	2.41E-14
1410.6	2.30E-14
1411.8	2.14E-14
1413	1.87E-14
1414	2.04E-14
1415.2	2.38E-14
1416.4	2.17E-14
1417.6	1.99E-14
1418.8	2.11E-14
1420	1.95E-14
1421.2	2.47E-14
1422.4	2.43E-14
1423.6	2.39E-14
1424.8	2.35E-14
1425.8	2.18E-14
1427	2.02E-14
1428.2	1.94E-14
1429.4	2.07E-14
1430.6	2.20E-14
1431.8	2.37E-14
1433	2.38E-14
1434.2	2.34E-14
1435.4	2.35E-14
1436.6	2.40E-14
1437.6	2.15E-14
1438.8	2.10E-14
1440	2.16E-14
1441.2	2.15E-14
1442.4	2.34E-14
1443.6	2.46E-14
1444.8	2.40E-14
1446	2.35E-14
1447.2	2.39E-14
1448.4	2.30E-14
1449.4	2.44E-14
1450.6	2.30E-14
1451.8	2.37E-14
1453	2.33E-14
1454.2	2.29E-14
1455.4	2.30E-14
1456.6	2.19E-14
1457.8	2.49E-14
1459	2.71E-14
1460	2.56E-14
1461.2	2.52E-14
1462.4	2.62E-14
1463.6	2.59E-14
1464.8	2.73E-14
1466	2.80E-14
1467.2	2.69E-14
1468.4	2.71E-14
1469.6	2.44E-14
1470.8	2.42E-14
1471.8	2.26E-14
1473	2.43E-14
1474.2	2.66E-14
1475.4	2.72E-14
1476.6	2.61E-14
1477.8	2.73E-14
1479	3.06E-14
1480.2	2.99E-14
1481.4	2.61E-14
1482.6	2.67E-14
1483.6	2.84E-14
1484.8	2.68E-14
1486	2.77E-14
1487.2	2.78E-14
1488.4	3.13E-14
1489.6	3.26E-14
1490.8	2.97E-14
1492	2.73E-14
1493.2	2.76E-14
1494.4	2.91E-14
1495.4	2.98E-14
1496.6	2.70E-14
1497.8	2.54E-14
1499	2.57E-14
1500.2	2.44E-14
1501.4	2.31E-14
1502.6	2.36E-14
1503.8	2.53E-14
1505	2.32E-14
1506.2	2.64E-14
1507.2	2.89E-14
1508.4	2.63E-14
1509.6	2.35E-14
1510.8	2.52E-14
1512	2.44E-14
1513.2	2.71E-14
1514.4	2.74E-14
1515.6	2.74E-14
1516.8	2.78E-14
1518	2.94E-14
1519	2.90E-14
1520.2	2.34E-14
1521.4	2.54E-14
1522.6	2.75E-14
1523.8	2.69E-14
1525	2.68E-14
1526.2	2.49E-14
1527.4	2.61E-14
1528.6	2.80E-14
1529.8	2.42E-14
1530.8	2.42E-14
1532	2.62E-14
1533.2	2.57E-14
1534.4	2.60E-14
1535.6	2.77E-14
1536.8	2.74E-14
1538	2.61E-14
1539.2	2.56E-14
1540.4	2.64E-14
1541.4	2.76E-14
1542.6	2.78E-14
1543.8	2.92E-14
1545	2.97E-14
1546.2	2.96E-14
1547.4	2.97E-14
1548.6	2.61E-14
1549.8	2.51E-14
1551	2.50E-14
1552.2	2.57E-14
1553.2	2.46E-14
1554.4	2.48E-14
1555.6	2.65E-14
1556.8	2.55E-14
1558	2.50E-14
1559.2	2.66E-14
1560.4	2.90E-14
1561.6	2.57E-14
1562.8	2.48E-14
1564	2.58E-14
1565	2.41E-14
1566.2	2.27E-14
1567.4	2.39E-14
1568.6	2.83E-14
1569.8	2.78E-14
1571	2.63E-14
1572.2	2.55E-14
1573.4	2.43E-14
1574.6	2.58E-14
1575.8	2.62E-14
1576.8	2.63E-14
1578	2.52E-14
1579.2	2.56E-14
1580.4	2.34E-14
1581.6	2.36E-14
1582.8	2.43E-14
1584	2.27E-14
1585.2	2.51E-14
1586.4	2.53E-14
1587.6	2.47E-14
1588.6	2.55E-14
1589.8	2.27E-14
1591	2.48E-14
1592.2	2.35E-14
1593.4	2.44E-14
1594.6	2.59E-14
1595.8	2.39E-14
1597	2.18E-14
1598.2	2.39E-14
1599.4	2.53E-14
1600.4	2.46E-14
1601.6	2.52E-14
1602.8	2.47E-14
1604	2.58E-14
1605.2	2.75E-14
1606.4	2.59E-14
1607.6	2.51E-14
1608.8	2.56E-14
1610	2.52E-14
1611.2	2.47E-14
1612.2	2.53E-14
1613.4	2.73E-14
1614.6	2.63E-14
1615.8	2.52E-14
1617	2.60E-14
1618.2	2.69E-14
1619.4	2.57E-14
1620.6	2.37E-14
1621.8	2.40E-14
1623	2.45E-14
1624	2.41E-14
1625.2	2.50E-14
1626.4	2.76E-14
1627.6	2.96E-14
1628.8	2.96E-14
1630	2.76E-14
1631.2	2.66E-14
1632.4	2.51E-14
1633.6	2.45E-14
1634.6	2.32E-14
1635.8	2.30E-14
1637	2.29E-14
1638.2	2.38E-14
1639.4	2.33E-14
1640.6	2.25E-14
1641.8	2.34E-14
1643	2.34E-14
1644.2	2.37E-14
1645.4	2.47E-14
1646.4	2.56E-14
1647.6	2.49E-14
1648.8	2.49E-14
1650	2.46E-14
1651.2	2.34E-14
1652.4	2.32E-14
1653.6	2.47E-14
1654.8	2.62E-14
1656	2.85E-14
1657.2	2.98E-14
1658.2	3.00E-14
1659.4	2.93E-14
1660.6	2.95E-14
1661.8	3.07E-14
1663	2.79E-14
1664.2	2.64E-14
1665.4	2.77E-14
1666.6	2.69E-14
1667.8	2.43E-14
1669	2.64E-14
1670	2.79E-14
1671.2	2.66E-14
1672.4	2.65E-14
1673.6	2.77E-14
1674.8	2.77E-14
1676	2.63E-14
1677.2	2.53E-14
1678.4	2.44E-14
1679.6	2.38E-14
1680.8	2.44E-14
1681.8	2.46E-14
1683	2.24E-14
1684.2	2.21E-14
1685.4	2.28E-14
1686.6	2.30E-14
1687.8	2.42E-14
1689	2.48E-14
1690.2	2.57E-14
1691.4	2.71E-14
1692.6	2.71E-14
1693.6	2.93E-14
1694.8	3.15E-14
1696	3.11E-14
1697.2	3.13E-14
1698.4	3.11E-14
1699.6	3.09E-14
1700.8	2.94E-14
1702	2.80E-14
1703.2	2.70E-14
1704.4	2.80E-14
1705.4	3.03E-14
1706.6	3.02E-14
1707.8	2.85E-14
1709	2.89E-14
1710.2	2.87E-14
1711.4	2.77E-14
1712.6	2.69E-14
1713.8	2.63E-14
1715	2.65E-14
1716.2	2.63E-14
1717.2	2.55E-14
1718.4	2.73E-14
1719.6	2.79E-14
1720.8	2.79E-14
1722	2.77E-14
1723.2	2.66E-14
1724.4	2.64E-14
1725.6	2.69E-14
1726.8	2.60E-14
1727.8	2.69E-14
1729	2.70E-14
1730.2	2.78E-14
1731.4	2.92E-14
1732.6	2.85E-14
1733.8	2.92E-14
1735	2.87E-14
1736.2	2.65E-14
1737.4	2.63E-14
1738.6	2.60E-14
1739.6	2.65E-14
1740.8	2.85E-14
1742	2.86E-14
1743.2	2.88E-14
1744.4	2.85E-14
1745.6	2.84E-14
1746.8	2.88E-14
1748	2.83E-14
1749.2	2.86E-14
1750.4	2.87E-14
1751.4	2.82E-14
1752.6	3.01E-14
1753.8	3.00E-14
1755	2.81E-14
1756.2	2.76E-14
1757.4	2.81E-14
1758.6	3.00E-14
1759.8	2.85E-14
1761	2.81E-14
1762.2	2.89E-14
1763.2	2.85E-14
1764.4	2.87E-14
1765.6	2.97E-14
1766.8	2.92E-14
1768	3.01E-14
1769.2	2.97E-14
1770.4	2.97E-14
1771.6	3.09E-14
1772.8	2.88E-14
1774	2.82E-14
1775	2.80E-14
1776.2	2.83E-14
1777.4	2.78E-14
1778.6	2.73E-14
1779.8	2.69E-14
1781	2.65E-14
1782.2	2.69E-14
1783.4	2.78E-14
1784.6	2.72E-14
1785.8	2.74E-14
1786.8	2.68E-14
1788	2.75E-14
1789.2	2.71E-14
1790.4	2.68E-14
1791.6	2.76E-14
1792.8	2.83E-14
1794	2.74E-14
1795.2	2.83E-14
1796.4	2.78E-14
1797.6	2.64E-14
1798.6	2.67E-14
1799.8	2.71E-14
1801	2.71E-14
1802.2	2.58E-14
1803.4	2.58E-14
1804.6	2.61E-14
1805.8	2.70E-14
1807	2.71E-14
1808.2	2.75E-14
1809.4	2.75E-14
1810.4	2.71E-14
1811.6	2.74E-14
1812.8	2.84E-14
1814	2.89E-14
1815.2	2.97E-14
1816.4	3.02E-14
1817.6	3.04E-14
1818.8	2.95E-14
1820	2.80E-14
1821	2.80E-14
1822.2	2.85E-14
1823.4	2.76E-14
1824.6	2.80E-14
1825.8	2.76E-14
1827	2.74E-14
1828.2	2.81E-14
1829.4	2.82E-14
1830.6	2.82E-14
1831.8	2.75E-14
1832.8	2.71E-14
1834	2.68E-14
1835.2	2.72E-14
1836.4	2.73E-14
1837.6	2.72E-14
1838.8	2.74E-14
1840	2.71E-14
1841.2	2.73E-14
1842.4	2.71E-14
1843.6	2.67E-14
1844.6	2.72E-14
1845.8	2.73E-14
1847	2.70E-14
1848.2	2.69E-14
1849.4	2.72E-14
1850.6	2.67E-14
1851.8	2.66E-14
1853	2.66E-14
1854.2	2.59E-14
1855.4	2.59E-14
1856.4	2.62E-14
1857.6	2.64E-14
1858.8	2.57E-14
1860	2.55E-14
1861.2	2.63E-14
1862.4	2.69E-14
1863.6	2.71E-14
1864.8	2.70E-14
1866	2.65E-14
1867.2	2.63E-14
1868.2	2.66E-14
1869.4	2.68E-14
1870.6	2.78E-14
1871.8	2.76E-14
1873	2.74E-14
1874.2	2.66E-14
1875.4	2.62E-14
1876.6	2.56E-14
1877.8	2.64E-14
1879	2.74E-14
1880	2.78E-14
1881.2	2.77E-14
1882.4	2.75E-14
1883.6	2.66E-14
1884.8	2.62E-14
1886	2.59E-14
1887.2	2.62E-14
1888.4	2.65E-14
1889.6	2.70E-14
1890.8	2.73E-14
1891.8	2.76E-14
1893	2.72E-14
1894.2	2.72E-14
1895.4	2.66E-14
1896.6	2.59E-14
1897.8	2.60E-14
1899	2.71E-14
1900.2	2.67E-14
1901.4	2.63E-14
1902.4	2.58E-14
1903.6	2.58E-14
1904.8	2.61E-14
1906	2.58E-14
1907.2	2.56E-14
1908.4	2.58E-14
1909.6	2.65E-14
1910.8	2.70E-14
1912	2.69E-14
1913.2	2.72E-14
1914.2	2.72E-14
1915.4	2.68E-14
1916.6	2.58E-14
1917.8	2.56E-14
1919	2.59E-14
1920.2	2.57E-14
1921.4	2.61E-14
1922.6	2.68E-14
1923.8	2.68E-14
1925	2.57E-14
1926	2.69E-14
1927.2	2.82E-14
1928.4	2.79E-14
1929.6	2.71E-14
1930.8	2.66E-14
1932	2.76E-14
1933.2	2.71E-14
1934.4	2.78E-14
1935.6	2.71E-14
1936.8	2.68E-14
1937.8	2.59E-14
1939	2.58E-14
1940.2	2.57E-14
1941.4	2.67E-14
1942.6	2.67E-14
1943.8	2.64E-14
1945	2.59E-14
1946.2	2.55E-14
1947.4	2.59E-14
1948.6	2.63E-14
1949.6	2.64E-14
1950.8	2.72E-14
1952	2.82E-14
1953.2	2.84E-14
1954.4	2.83E-14
1955.6	2.82E-14
1956.8	2.86E-14
1958	2.78E-14
1959.2	2.71E-14
1960.4	2.68E-14
1961.4	2.67E-14
1962.6	2.80E-14
1963.8	2.75E-14
1965	2.70E-14
1966.2	2.68E-14
1967.4	2.77E-14
1968.6	2.77E-14
1969.8	2.76E-14
1971	2.74E-14
1972.2	2.72E-14
1973.2	2.53E-14
1974.4	2.59E-14
1975.6	2.60E-14
1976.8	2.61E-14
1978	2.62E-14
1979.2	2.57E-14
1980.4	2.59E-14
1981.6	2.59E-14
1982.8	2.57E-14
1984	2.60E-14
1985	2.66E-14
1986.2	2.65E-14
1987	2.43E-14
1988.8	2.86E-14
1990.6	2.30E-14
1992.6	2.02E-14
1994.4	2.17E-14
1996.2	2.18E-14
1998.2	1.48E-14
2000.647	2.24E-14
2002.448	2.76E-14
2004.448	2.74E-14
2006.248	2.11E-14
2008.049	1.97E-14
2010.049	1.52E-14
2011.849	2.03E-14
2013.85	2.15E-14
2015.65	2.41E-14
2017.45	3.10E-14
2019.451	3.12E-14
2021.251	2.74E-14
2023.052	2.65E-14
2025.052	3.26E-14
2026.8521	3.36E-14
2028.652	2.58E-14
2030.653	2.59E-14
2032.453	2.93E-14
2034.254	2.83E-14
2036.254	2.67E-14
2038.054	3.06E-14
2039.855	2.57E-14
2041.855	2.56E-14
2043.655	2.71E-14
2045.4561	2.77E-14
2047.4561	3.70E-14
2049.2571	3.10E-14
2051.0569	2.95E-14
2053.0569	2.60E-14
2054.8569	2.75E-14
2056.658	3.40E-14
2058.658	3.45E-14
2060.459	3.30E-14
2062.459	2.43E-14
2064.26	2.62E-14
2066.0601	3.01E-14
2068.0601	2.86E-14
2069.8601	2.78E-14
2071.6609	2.57E-14
2073.6609	2.66E-14
2075.4619	2.60E-14
2077.262	3.28E-14
2079.262	4.18E-14
2081.063	3.65E-14
2082.863	2.75E-14
2084.864	2.99E-14
2086.6641	2.88E-14
2088.4641	2.77E-14
2090.4641	2.67E-14
2092.2649	2.94E-14
2094.0649	2.83E-14
2096.0659	2.56E-14
2097.866	2.57E-14
2099.666	2.62E-14
2101.667	2.90E-14
2103.467	2.69E-14
2105.468	2.17E-14
2107.2681	1.80E-14
2109.0681	2.30E-14
2111.0691	3.24E-14
2112.8689	3.08E-14
2114.6699	2.50E-14
2116.6699	2.86E-14
2118.47	2.74E-14
2120.271	3.09E-14
2122.271	3.02E-14
2124.072	2.83E-14
2125.8721	2.93E-14
2127.8721	3.42E-14
2129.6731	3.42E-14
2131.4729	2.98E-14
2133.4729	2.07E-14
2135.2739	1.99E-14
2137.074	2.57E-14
2139.074	2.80E-14
2140.875	2.69E-14
2142.675	2.74E-14
2144.676	2.82E-14
2146.4761	1.88E-14
2148.2759	1.85E-14
2150.2771	2.52E-14
2152.0769	3.04E-14
2154.0779	2.94E-14
2155.8779	2.76E-14
2157.678	2.44E-14
2159.679	2.43E-14
2161.479	2.67E-14
2163.28	2.47E-14
2165.28	2.47E-14
2167.0801	2.74E-14
2168.8811	2.66E-14
2170.8811	3.00E-14
2172.6809	2.40E-14
2174.4819	2.41E-14
2176.4819	2.82E-14
2178.282	3.15E-14
2180.083	2.32E-14
2182.083	2.08E-14
2183.884	2.30E-14
2185.6841	2.36E-14
2187.6841	2.54E-14
2189.4851	2.61E-14
2191.2859	2.23E-14
2193.2859	2.42E-14
2195.0859	2.46E-14
2196.887	2.11E-14
2198.887	2.47E-14
2200.688	2.56E-14
2202.688	2.39E-14
2204.488	2.43E-14
2206.2891	3.10E-14
2208.2891	2.94E-14
2210.0891	2.36E-14
2211.8889	2.51E-14
2213.8899	2.51E-14
2215.6899	2.57E-14
2217.491	2.57E-14
2219.491	2.33E-14
2221.292	2.51E-14
2223.092	2.89E-14
2225.093	3.10E-14
2226.8931	2.93E-14
2228.6931	2.60E-14
2230.6941	2.54E-14
2232.4939	2.82E-14
2234.2939	2.83E-14
2236.2949	2.47E-14
2238.095	2.71E-14
2239.896	2.67E-14
2241.896	2.10E-14
2243.697	1.88E-14
2245.697	2.39E-14
2247.4971	2.22E-14
2249.2981	2.70E-14
2251.2981	3.07E-14
2253.0979	2.81E-14
2254.8989	3.52E-14
2256.8989	3.34E-14
2258.699	2.83E-14
2260.5	2.84E-14
2262.5	2.73E-14
2264.301	2.58E-14
2266.1011	2.43E-14
2268.1021	2.82E-14
2269.9021	2.67E-14
2271.7029	2.58E-14
2273.7029	2.87E-14
2275.5029	2.91E-14
2277.304	2.97E-14
2279.304	2.64E-14
2281.104	2.33E-14
2282.905	2.77E-14
2284.905	2.25E-14
2286.7061	2.15E-14
2288.5061	2.18E-14
2290.5071	2.07E-14
2292.3069	1.93E-14
2294.3081	2.11E-14
2296.1069	2.39E-14
2297.908	2.55E-14
2299.9089	2.52E-14
2301.709	2.15E-14
2303.509	2.27E-14
2305.51	2.70E-14
2307.3101	2.61E-14
2309.1111	2.54E-14
2311.1111	2.65E-14
2312.9109	2.59E-14
2314.7119	2.86E-14
2316.7129	3.24E-14
2318.5129	3.03E-14
2320.313	2.64E-14
2322.314	2.74E-14
2324.114	2.28E-14
2325.9141	2.29E-14
2327.915	3.01E-14
2329.7151	2.99E-14
2331.5161	2.57E-14
2333.5161	2.58E-14
2335.3159	2.61E-14
2337.1169	2.59E-14
2339.1169	2.75E-14
2340.917	2.80E-14
2342.918	2.36E-14
2344.719	2.39E-14
2346.519	2.25E-14
2348.519	2.41E-14
2350.3201	2.50E-14
2352.1201	2.66E-14
2354.1211	2.71E-14
2355.9209	2.34E-14
2357.7209	2.39E-14
2359.7219	2.33E-14
2361.522	2.70E-14
2363.323	2.75E-14
2365.323	2.39E-14
2367.124	2.46E-14
2368.9241	2.60E-14
2370.9241	2.56E-14
2372.7251	2.60E-14
2374.5249	2.74E-14
2376.5259	2.76E-14
2378.3259	2.80E-14
2380.126	2.50E-14
2382.127	2.77E-14
2383.927	2.94E-14
2385.928	2.66E-14
2387.728	2.22E-14
2389.5291	2.41E-14
2391.5291	2.44E-14
2393.3301	2.45E-14
2395.1299	2.35E-14
2397.1299	2.28E-14
2398.9309	2.39E-14
2400.731	2.28E-14
2402.7319	2.24E-14
2404.532	2.36E-14
2406.333	2.49E-14
2408.333	2.62E-14
2410.1331	2.42E-14
2411.9341	2.20E-14
2413.9341	2.33E-14
2415.7339	2.11E-14
2417.5349	2.09E-14
2419.5349	2.29E-14
2421.3359	2.37E-14
2423.136	2.15E-14
2425.136	2.31E-14
2426.937	2.45E-14
2428.738	2.44E-14
2430.738	2.42E-14
2432.5381	2.48E-14
2434.5391	2.69E-14
2436.3391	2.56E-14
2438.1399	2.50E-14
2440.1399	2.67E-14
2441.9399	2.47E-14
2443.741	2.42E-14
2445.741	2.49E-14
2447.542	2.58E-14
2449.342	2.53E-14
2451.343	2.42E-14
2453.1431	2.53E-14
2454.9431	2.87E-14
2456.9441	2.67E-14
2458.7439	2.30E-14
2460.5449	2.52E-14
2462.5449	2.69E-14
2464.3459	2.62E-14
2466.146	2.62E-14
2468.146	2.48E-14
2469.947	2.62E-14
2471.7471	2.46E-14
2473.748	2.38E-14
2475.5481	2.42E-14
2477.3491	2.48E-14
2479.3491	2.46E-14
2481.1489	2.74E-14
2483.1499	2.60E-14
2484.95	2.26E-14
2486.751	2.22E-14
2488.751	2.41E-14
2490.552	2.34E-14
2492.3521	2.33E-14
2494.353	2.44E-14
2496.1531	2.25E-14
2497.9529	2.07E-14
2499.9529	2.25E-14
2501.7539	2.25E-14
2503.5549	2.29E-14
2505.5549	2.44E-14
2507.355	2.60E-14
2509.156	2.54E-14
2511.156	2.42E-14
2512.957	2.62E-14
2514.7571	2.62E-14
2516.7581	2.58E-14
2518.5581	2.60E-14
2520.3579	2.55E-14
2522.3589	2.28E-14
2524.1589	2.19E-14
2526.1599	2.08E-14
2527.96	2.39E-14
2529.761	2.40E-14
2531.761	2.35E-14
2533.562	2.50E-14
2535.3621	2.45E-14
2537.3621	2.37E-14
2539.1631	2.21E-14
2540.9629	2.23E-14
2542.9641	2.42E-14
2544.7639	2.35E-14
2546.564	2.36E-14
2548.5649	2.42E-14
2550.366	2.47E-14
2552.166	2.51E-14
2554.166	2.37E-14
2555.967	2.21E-14
2557.7671	2.29E-14
2559.7681	2.51E-14
2561.5681	2.37E-14
2563.3689	2.29E-14
2565.3689	2.32E-14
2567.1689	2.25E-14
2568.97	2.19E-14
2570.97	2.31E-14
2572.771	2.30E-14
2574.771	2.32E-14
2576.572	2.33E-14
2578.3721	2.30E-14
2580.373	2.17E-14
2582.1731	2.25E-14
2583.9729	2.30E-14
2585.9741	2.22E-14
2587.7739	2.22E-14
2589.575	2.10E-14
2591.575	2.13E-14
2593.375	2.36E-14
2595.176	2.46E-14
2597.177	2.40E-14
2598.9771	2.45E-14
2600.7771	2.40E-14
2602.7781	2.23E-14
2604.5779	2.22E-14
2606.3779	2.28E-14
2608.3789	2.34E-14
2610.179	2.37E-14
2611.98	2.22E-14
2613.98	2.23E-14
2615.781	2.40E-14
2617.5811	2.32E-14
2619.582	2.32E-14
2621.3821	2.24E-14
2623.3831	2.31E-14
2625.1831	2.21E-14
2626.9839	2.14E-14
2628.9839	2.25E-14
2630.7839	2.32E-14
2632.585	2.34E-14
2634.585	2.27E-14
2636.386	2.29E-14
2638.186	2.25E-14
2640.187	2.16E-14
2641.9871	2.13E-14
2643.7871	2.21E-14
2645.7881	2.27E-14
2647.5879	2.26E-14
2649.3889	2.33E-14
2651.3889	2.37E-14
2653.1899	2.42E-14
2654.99	2.39E-14
2656.991	2.40E-14
2658.791	2.26E-14
2660.592	2.35E-14
2662.592	2.38E-14
2664.3921	2.18E-14
2666.3931	2.13E-14
2668.1931	2.12E-14
2669.9939	2.17E-14
2671.9939	2.23E-14
2673.7939	2.18E-14
2675.595	2.12E-14
2677.595	2.15E-14
2679.396	2.25E-14
2681.196	2.27E-14
2683.197	2.18E-14
2684.9971	2.16E-14
2686.7981	2.20E-14
2688.7981	2.31E-14
2690.5979	2.28E-14
2692.3989	2.27E-14
2694.3999	2.17E-14
2696.2	2.08E-14
2698	2.03E-14
2700.001	2.06E-14
2701.802	2.17E-14
2703.6021	2.24E-14
2705.6021	2.25E-14
2707.4031	2.16E-14
2709.2029	2.11E-14
2711.2029	2.19E-14
2713.0039	2.18E-14
2715.0049	2.16E-14
2716.8049	2.12E-14
2718.605	2.02E-14
2720.606	2.04E-14
2722.406	2.10E-14
2724.207	2.12E-14
2726.207	2.19E-14
2728.0081	2.19E-14
2729.8081	2.15E-14
2731.8091	2.07E-14
2733.6089	1.99E-14
2735.4089	2.04E-14
2737.4099	2.18E-14
2739.21	2.09E-14
2741.011	2.00E-14
2743.011	1.91E-14
2744.812	2.02E-14
2746.6121	2.15E-14
2748.613	2.20E-14
2750.4131	2.20E-14
2752.2129	2.24E-14
2754.2141	2.21E-14
2756.0139	2.18E-14
2757.8149	2.12E-14
2759.8149	2.02E-14
2761.616	1.99E-14
2763.616	2.08E-14
2765.417	2.17E-14
2767.217	2.19E-14
2769.217	2.19E-14
2771.0181	2.07E-14
2772.8181	2.04E-14
2774.8191	2.08E-14
2776.6189	2.08E-14
2778.4199	2.12E-14
2780.4199	2.12E-14
2782.2209	2.08E-14
2784.021	2.05E-14
2786.022	2.05E-14
2787.822	2.11E-14
2789.623	2.16E-14
2791.623	2.02E-14
2793.4231	1.98E-14
2795.2241	2.07E-14
2797.2241	2.04E-14
2799.0249	1.96E-14
2800.825	2.06E-14
2802.8259	2.05E-14
2804.626	2.03E-14
2806.626	1.97E-14
2808.427	2.00E-14
2810.228	1.98E-14
2812.228	1.97E-14
2814.0281	2.09E-14
2815.8291	2.18E-14
2817.8291	2.22E-14
2819.6299	2.17E-14
2821.4309	2.03E-14
2823.4309	1.96E-14
2825.231	2.04E-14
2827.031	2.01E-14
2829.032	1.94E-14
2830.833	1.93E-14
2832.6331	1.93E-14
2834.634	2.00E-14
2836.4341	2.08E-14
2838.2339	2.10E-14
2840.2351	2.08E-14
2842.0349	2.03E-14
2843.835	2.01E-14
2845.8359	2.04E-14
2847.636	2.01E-14
2849.437	2.03E-14
2851.438	2.05E-14
2853.238	2.01E-14
2855.238	1.95E-14
2857.0391	1.95E-14
2858.8401	2.01E-14
2860.8401	2.10E-14
2862.6411	2.09E-14
2864.4399	1.88E-14
2866.4409	1.77E-14
2868.241	1.96E-14
2870.042	2.10E-14
2872.043	2.05E-14
2873.843	2.02E-14
2875.644	2.01E-14
2877.644	2.04E-14
2879.4451	2.07E-14
2881.2451	2.00E-14
2883.2461	1.94E-14
2885.0459	1.97E-14
2886.8459	2.01E-14
2888.8469	2.08E-14
2890.647	2.15E-14
2892.448	2.10E-14
2894.448	2.03E-14
2896.249	2.04E-14
2898.0491	2.03E-14
2900.05	2.00E-14
2901.8501	1.95E-14
2903.8511	2.01E-14
2905.6509	1.95E-14
2907.4509	1.83E-14
2909.4519	1.87E-14
2911.252	1.87E-14
2913.052	1.87E-14
2915.053	1.93E-14
2916.854	1.90E-14
2918.6541	1.92E-14
2920.655	2.01E-14
2922.4551	2.09E-14
2924.2549	2.09E-14
2926.2561	2.09E-14
2928.0569	2.17E-14
2929.8569	2.19E-14
2931.8569	2.15E-14
2933.658	2.20E-14
2935.458	2.16E-14
2937.459	1.97E-14
2939.259	1.83E-14
2941.0601	1.80E-14
2943.0601	1.87E-14
2944.8611	1.80E-14
2946.8611	1.79E-14
2948.6621	1.82E-14
2950.4619	1.80E-14
2952.4629	1.70E-14
2954.262	1.79E-14
2956.063	1.91E-14
2958.064	2.07E-14
2959.864	2.05E-14
2961.665	1.96E-14
2963.665	1.88E-14
2965.4661	1.88E-14
2967.2661	1.92E-14
2969.2671	1.95E-14
2971.0669	1.93E-14
2972.8679	1.89E-14
2974.8679	1.86E-14
2976.668	1.88E-14
2978.469	1.91E-14
2980.469	1.93E-14
2982.27	1.98E-14
2984.0701	1.96E-14
2986.071	1.98E-14
2987.8711	1.93E-14
2989.6721	1.87E-14
2991.6721	1.89E-14
2993.4729	1.83E-14
2995.4729	1.81E-14
2997.2739	1.87E-14
2999.074	1.99E-14
3001.074	2.00E-14
3002.875	1.99E-14
3004.675	1.99E-14
3006.676	1.99E-14
3008.4761	1.96E-14
3010.2771	1.91E-14
3012.2771	1.89E-14
3014.0769	1.89E-14
3015.8779	1.86E-14
3017.8789	1.83E-14
3019.679	1.86E-14
3021.48	1.90E-14
3023.48	1.87E-14
3025.281	1.87E-14
3027.0811	1.80E-14
3029.082	1.84E-14
3030.8821	1.96E-14
3032.6819	2.02E-14
3034.6831	1.90E-14
3036.4829	2.03E-14
3038.283	2.12E-14
3040.2839	1.95E-14
3042.084	1.94E-14
3044.085	1.88E-14
3045.886	1.86E-14
3047.686	1.80E-14
3049.687	1.87E-14
3051.4871	1.85E-14
3053.2871	1.81E-14
3055.2881	1.80E-14
3057.0891	1.78E-14
3058.8889	1.80E-14
3060.8889	1.82E-14
3062.6899	1.87E-14
3064.49	1.82E-14
3066.491	1.76E-14
3068.291	1.80E-14
3070.092	1.87E-14
3072.092	1.78E-14
3073.8931	1.68E-14
3075.6931	1.57E-14
3077.6941	1.61E-14
3079.4939	1.81E-14
3081.2939	1.78E-14
3083.2949	1.83E-14
3085.0959	1.94E-14
3087.0959	1.87E-14
3088.896	1.64E-14
3090.697	1.69E-14
3092.697	1.85E-14
3094.498	1.95E-14
3096.2981	1.85E-14
3098.2991	1.63E-14
3100.0991	1.82E-14
3101.8999	2.07E-14
3103.8999	1.79E-14
3105.7	1.80E-14
3107.501	1.80E-14
3109.502	1.84E-14
3111.302	1.92E-14
3113.103	1.87E-14
3115.103	1.77E-14
3116.9041	1.64E-14
3118.7041	1.43E-14
3120.7041	1.66E-14
3122.5049	1.80E-14
3124.3049	1.77E-14
3126.3059	1.73E-14
3128.106	1.81E-14
3129.907	1.99E-14
3131.907	1.96E-14
3133.708	1.84E-14
3135.708	1.96E-14
3137.509	1.90E-14
3139.3091	1.99E-14
3141.3101	2.10E-14
3143.1101	1.82E-14
3144.9109	1.97E-14
3146.9109	1.77E-14
3148.7109	1.70E-14
3150.512	1.60E-14
3152.512	1.74E-14
3154.313	1.56E-14
3156.113	1.49E-14
3158.114	1.88E-14
3159.9141	1.68E-14
3161.7151	1.36E-14
3163.7151	1.77E-14
3165.5161	2.03E-14
3167.3159	2.03E-14
3169.3169	1.83E-14
3200.925	1.88E-14
3201.925	1.87E-14
3202.925	1.88E-14
3203.925	1.88E-14
3204.926	1.90E-14
3205.926	1.92E-14
3206.926	1.93E-14
3207.926	1.95E-14
3208.927	1.96E-14
3209.927	1.96E-14
3210.927	1.97E-14
3211.927	1.97E-14
3212.928	1.97E-14
3213.928	1.96E-14
3214.928	1.95E-14
3215.929	1.94E-14
3216.929	1.93E-14
3217.929	1.92E-14
3218.929	1.92E-14
3219.929	1.91E-14
3220.9299	1.90E-14
3221.9299	1.89E-14
3222.9299	1.89E-14
3223.9299	1.89E-14
3224.9299	1.88E-14
3225.9309	1.87E-14
3226.9309	1.88E-14
3227.9309	1.88E-14
3228.9319	1.89E-14
3229.9319	1.89E-14
3230.9319	1.90E-14
3231.9319	1.90E-14
3232.9331	1.91E-14
3233.9331	1.92E-14
3234.9331	1.92E-14
3235.9331	1.91E-14
3236.9341	1.90E-14
3237.9341	1.89E-14
3238.9341	1.87E-14
3239.9341	1.87E-14
3240.9351	1.86E-14
3241.9351	1.86E-14
3242.9351	1.85E-14
3243.936	1.85E-14
3244.936	1.84E-14
3245.936	1.84E-14
3246.937	1.83E-14
3247.937	1.83E-14
3248.937	1.82E-14
3249.937	1.82E-14
3250.937	1.81E-14
3251.938	1.80E-14
3252.938	1.79E-14
3253.938	1.78E-14
3254.938	1.78E-14
3255.939	1.78E-14
3256.939	1.76E-14
3257.939	1.75E-14
3258.939	1.75E-14
3259.9399	1.75E-14
3260.9399	1.75E-14
3261.9399	1.76E-14
3262.9399	1.75E-14
3263.9409	1.75E-14
3264.9399	1.74E-14
3265.9409	1.74E-14
3266.9409	1.73E-14
3267.9409	1.73E-14
3268.9419	1.73E-14
3269.9419	1.73E-14
3270.9419	1.73E-14
3271.9419	1.72E-14
3272.9431	1.72E-14
3273.9431	1.72E-14
3274.9431	1.72E-14
3275.9441	1.72E-14
3276.9441	1.72E-14
3277.9441	1.72E-14
3278.9451	1.72E-14
3279.9451	1.72E-14
3280.9451	1.72E-14
3281.9451	1.72E-14
3282.9451	1.71E-14
3283.946	1.71E-14
3284.946	1.70E-14
3285.946	1.70E-14
3286.946	1.71E-14
3287.947	1.71E-14
3288.947	1.70E-14
3289.947	1.69E-14
3290.948	1.68E-14
3291.948	1.68E-14
3292.948	1.66E-14
3293.948	1.65E-14
3294.949	1.64E-14
3295.949	1.64E-14
3296.949	1.64E-14
3297.949	1.63E-14
3298.949	1.62E-14
3299.95	1.62E-14
3300.95	1.62E-14
3301.95	1.62E-14
3302.95	1.62E-14
3303.95	1.62E-14
3304.9509	1.61E-14
3305.9509	1.62E-14
3306.9509	1.62E-14
3307.9519	1.61E-14
3308.9519	1.60E-14
3309.9519	1.60E-14
3310.9529	1.60E-14
3311.9529	1.60E-14
3312.9529	1.60E-14
3313.9529	1.61E-14
3314.9529	1.61E-14
3315.9541	1.61E-14
3316.9541	1.62E-14
3317.9541	1.62E-14
3318.9541	1.62E-14
3319.9551	1.62E-14
3320.9551	1.62E-14
3321.9551	1.62E-14
3322.9561	1.64E-14
3323.9561	1.65E-14
3324.9561	1.66E-14
3325.957	1.66E-14
3326.957	1.67E-14
3327.957	1.68E-14
3328.957	1.70E-14
3329.957	1.71E-14
3330.958	1.71E-14
3331.958	1.72E-14
3332.958	1.72E-14
3333.958	1.71E-14
3334.959	1.70E-14
3335.959	1.70E-14
3336.959	1.70E-14
3337.959	1.71E-14
3338.96	1.71E-14
3339.96	1.71E-14
3340.96	1.70E-14
3341.9609	1.69E-14
3342.9609	1.69E-14
3343.9609	1.69E-14
3344.9609	1.69E-14
3345.9619	1.68E-14
3346.9609	1.69E-14
3347.9619	1.69E-14
3348.9619	1.69E-14
3349.9619	1.69E-14
3350.9619	1.68E-14
3351.9629	1.67E-14
3352.9629	1.66E-14
3353.9629	1.66E-14
3354.9641	1.66E-14
3355.9641	1.66E-14
3356.9641	1.66E-14
3357.9641	1.66E-14
3358.9651	1.66E-14
3359.9651	1.67E-14
3360.9651	1.67E-14
3361.9661	1.67E-14
3362.9661	1.67E-14
3363.9661	1.67E-14
3364.9661	1.67E-14
3365.9661	1.67E-14
3366.967	1.67E-14
3367.967	1.67E-14
3368.967	1.67E-14
3369.968	1.66E-14
3370.968	1.66E-14
3371.968	1.66E-14
3372.968	1.65E-14
3373.969	1.64E-14
3374.969	1.64E-14
3375.969	1.65E-14
3376.969	1.64E-14
3377.97	1.64E-14
3378.97	1.64E-14
3379.97	1.64E-14
3380.97	1.63E-14
3381.97	1.63E-14
3382.9709	1.63E-14
3383.9709	1.62E-14
3384.9709	1.62E-14
3385.9719	1.62E-14
3386.9719	1.63E-14
3387.9719	1.63E-14
3388.9729	1.64E-14
3389.9729	1.63E-14
3390.9729	1.62E-14
3391.9729	1.61E-14
3392.9741	1.60E-14
3393.9741	1.60E-14
3394.9741	1.61E-14
3395.9741	1.60E-14
3396.9741	1.59E-14
3397.9751	1.58E-14
3398.9751	1.57E-14
3399.9751	1.56E-14
3400.9751	1.56E-14
3401.9761	1.56E-14
3402.9761	1.57E-14
3403.9761	1.58E-14
3404.9761	1.58E-14
3405.9771	1.58E-14
3406.9771	1.57E-14
3407.9771	1.57E-14
3408.978	1.58E-14
3409.978	1.58E-14
3410.978	1.58E-14
3411.978	1.58E-14
3412.979	1.57E-14
3413.979	1.57E-14
3414.979	1.56E-14
3415.979	1.56E-14
3416.979	1.56E-14
3417.98	1.56E-14
3418.98	1.56E-14
3419.98	1.55E-14
3420.98	1.54E-14
3421.981	1.54E-14
3422.981	1.54E-14
3423.981	1.54E-14
3424.9819	1.54E-14
3425.9819	1.54E-14
3426.9819	1.54E-14
3427.9819	1.53E-14
3428.9829	1.53E-14
3429.9829	1.53E-14
3430.9829	1.54E-14
3431.9839	1.54E-14
3432.9839	1.54E-14
3433.9839	1.54E-14
3434.9839	1.55E-14
3435.9839	1.55E-14
3436.9851	1.56E-14
3437.9851	1.57E-14
3438.9851	1.58E-14
3439.9861	1.59E-14
3440.9861	1.60E-14
3441.9861	1.59E-14
3442.9861	1.59E-14
3443.9861	1.58E-14
3444.9871	1.58E-14
3445.9871	1.58E-14
3446.9871	1.57E-14
3447.988	1.57E-14
3448.988	1.56E-14
3449.988	1.55E-14
3450.988	1.54E-14
3451.989	1.54E-14
3452.989	1.54E-14
3453.989	1.54E-14
3454.989	1.53E-14
3455.989	1.53E-14
3456.99	1.54E-14
3457.99	1.54E-14
3458.99	1.53E-14
3459.99	1.53E-14
3460.991	1.52E-14
3461.991	1.51E-14
3462.991	1.51E-14
3463.9919	1.51E-14
3464.9919	1.51E-14
3465.9919	1.51E-14
3466.9919	1.51E-14
3467.9929	1.51E-14
3468.9929	1.51E-14
3469.9929	1.51E-14
3470.9939	1.52E-14
3471.9939	1.52E-14
3472.9939	1.52E-14
3473.9939	1.53E-14
3474.9939	1.53E-14
3475.9951	1.53E-14
3476.9951	1.54E-14
3477.9951	1.54E-14
3478.9951	1.54E-14
3479.9961	1.53E-14
3480.9961	1.53E-14
3481.9961	1.52E-14
3482.9971	1.52E-14
3483.9971	1.52E-14
3484.9971	1.51E-14
3485.998	1.51E-14
3486.998	1.52E-14
3487.998	1.52E-14
3488.998	1.52E-14
3489.999	1.52E-14
3490.999	1.52E-14
3491.999	1.52E-14
3492.999	1.52E-14
3493.999	1.52E-14
3495	1.52E-14
3496	1.52E-14
3497	1.51E-14
3498	1.51E-14
3499	1.51E-14
3500.001	1.52E-14
3501.001	1.52E-14
3502.001	1.51E-14
3503.001	1.51E-14
3504.002	1.51E-14
3505.002	1.51E-14
3506.002	1.50E-14
3507.0029	1.50E-14
3508.0029	1.50E-14
3509.0029	1.49E-14
3510.0029	1.50E-14
3511.0029	1.50E-14
3512.0039	1.50E-14
3513.0039	1.50E-14
3514.0039	1.50E-14
3515.0049	1.50E-14
3516.0049	1.50E-14
3517.0049	1.50E-14
3518.0049	1.50E-14
3519.0061	1.51E-14
3520.0061	1.51E-14
3521.0061	1.51E-14
3522.0071	1.51E-14
3523.0071	1.51E-14
3524.0071	1.52E-14
3525.0071	1.52E-14
3526.0081	1.51E-14
3527.0081	1.51E-14
3528.0081	1.51E-14
3529.009	1.50E-14
3530.009	1.49E-14
3531.009	1.48E-14
3532.009	1.47E-14
3533.009	1.45E-14
3534.01	1.45E-14
3535.01	1.45E-14
3536.01	1.44E-14
3537.01	1.44E-14
3538.011	1.43E-14
3539.011	1.43E-14
3540.011	1.42E-14
3541.011	1.41E-14
3542.012	1.41E-14
3543.012	1.41E-14
3544.012	1.41E-14
3545.0129	1.41E-14
3546.0129	1.41E-14
3547.0129	1.41E-14
3548.0129	1.41E-14
3549.0139	1.41E-14
3550.0139	1.40E-14
3551.0139	1.40E-14
3552.0139	1.40E-14
3553.0149	1.41E-14
3554.0149	1.41E-14
3555.0149	1.42E-14
3556.0149	1.42E-14
3557.0149	1.43E-14
3558.0161	1.43E-14
3559.0161	1.43E-14
3560.0161	1.42E-14
3561.0161	1.42E-14
3562.0171	1.42E-14
3563.0171	1.42E-14
3564.0171	1.42E-14
3565.0181	1.42E-14
3566.0181	1.42E-14
3567.0181	1.42E-14
3568.0181	1.42E-14
3569.019	1.43E-14
3570.019	1.43E-14
3571.019	1.43E-14
3572.019	1.43E-14
3573.019	1.42E-14
3574.02	1.42E-14
3575.02	1.42E-14
3576.02	1.42E-14
3577.021	1.42E-14
3578.021	1.42E-14
3579.021	1.42E-14
3580.021	1.42E-14
3581.022	1.42E-14
3582.022	1.41E-14
3583.022	1.41E-14
3584.022	1.41E-14
3585.0229	1.41E-14
3586.0229	1.41E-14
3587.0229	1.41E-14
3588.0239	1.41E-14
3589.0239	1.41E-14
3590.0239	1.41E-14
3591.0249	1.42E-14
3592.0239	1.41E-14
3593.0249	1.41E-14
3594.0249	1.41E-14
3595.0249	1.41E-14
3596.0259	1.41E-14
3597.0259	1.40E-14
3598.0259	1.40E-14
3599.0259	1.40E-14
3600.0271	1.40E-14
3601.0271	1.39E-14
3602.0271	1.39E-14
3603.0281	1.39E-14
3604.0281	1.38E-14
3605.0281	1.40E-14
3606.0281	1.41E-14
3607.0291	1.41E-14
3608.0291	1.40E-14
3609.0291	1.40E-14
3610.03	1.40E-14
3611.03	1.41E-14
3612.03	1.40E-14
3613.03	1.40E-14
3614.03	1.40E-14
3615.031	1.40E-14
3616.031	1.40E-14
3617.031	1.41E-14
3618.031	1.40E-14
3619.032	1.40E-14
3620.032	1.40E-14
3621.032	1.40E-14
3622.032	1.39E-14
3623.032	1.39E-14
3624.033	1.39E-14
3625.033	1.39E-14
3626.033	1.38E-14
3627.033	1.38E-14
3628.0339	1.37E-14
3629.0339	1.37E-14
3630.0339	1.37E-14
3631.0349	1.37E-14
3632.0349	1.37E-14
3633.0349	1.37E-14
3634.0349	1.37E-14
3635.0349	1.37E-14
3636.0359	1.37E-14
3637.0359	1.37E-14
3638.0359	1.38E-14
3639.0371	1.38E-14
3640.0371	1.37E-14
3641.0371	1.37E-14
3642.0371	1.37E-14
3643.0381	1.38E-14
3644.0381	1.38E-14
3645.0381	1.39E-14
3646.0391	1.39E-14
3647.0391	1.40E-14
3648.0391	1.39E-14
3649.0391	1.37E-14
3650.04	1.37E-14
3651.04	1.37E-14
3652.04	1.37E-14
3653.041	1.37E-14
3654.041	1.37E-14
3655.041	1.35E-14
3656.041	1.34E-14
3657.041	1.34E-14
3658.042	1.33E-14
3659.042	1.33E-14
3660.042	1.34E-14
3661.042	1.33E-14
3662.043	1.33E-14
3663.043	1.33E-14
3664.043	1.34E-14
3665.043	1.34E-14
3666.0439	1.34E-14
3667.0439	1.34E-14
3668.0439	1.34E-14
3669.0449	1.34E-14
3670.0449	1.34E-14
3671.0449	1.34E-14
3672.0449	1.34E-14
3673.0459	1.34E-14
3674.0459	1.35E-14
3675.0459	1.35E-14
3676.0471	1.35E-14
3677.0471	1.35E-14
3678.0471	1.35E-14
3679.0471	1.35E-14
3680.0471	1.35E-14
3681.0481	1.36E-14
3682.0481	1.37E-14
3683.0481	1.36E-14
3684.0481	1.36E-14
3685.0491	1.35E-14
3686.0491	1.34E-14
3687.0491	1.34E-14
3688.05	1.33E-14
3689.05	1.33E-14
3690.05	1.32E-14
3691.05	1.32E-14
3692.05	1.31E-14
3693.051	1.30E-14
3694.051	1.29E-14
3695.051	1.27E-14
3696.052	1.27E-14
3697.052	1.26E-14
3698.052	1.26E-14
3699.052	1.26E-14
3700.052	1.26E-14
3701.053	1.26E-14
3702.053	1.26E-14
3703.053	1.26E-14
3704.053	1.26E-14
3705.053	1.26E-14
3706.054	1.27E-14
3707.054	1.27E-14
3708.054	1.27E-14
3709.0549	1.28E-14
3710.0549	1.28E-14
3711.0549	1.28E-14
3712.0549	1.28E-14
3713.0559	1.28E-14
3714.0559	1.29E-14
3715.0559	1.29E-14
3716.0569	1.29E-14
3717.0569	1.29E-14
3718.0569	1.29E-14
3719.0581	1.29E-14
3720.0581	1.29E-14
3721.0581	1.29E-14
3722.0581	1.28E-14
3723.0591	1.28E-14
3724.0591	1.28E-14
3725.0591	1.28E-14
3726.0591	1.28E-14
3727.0591	1.28E-14
3728.0601	1.29E-14
3729.0601	1.29E-14
3730.0601	1.30E-14
3731.061	1.32E-14
3732.061	1.32E-14
3733.061	1.32E-14
3734.061	1.32E-14
3735.062	1.32E-14
3736.062	1.33E-14
3737.062	1.33E-14
3738.063	1.33E-14
3739.063	1.32E-14
3740.063	1.32E-14
3741.063	1.31E-14
3742.064	1.30E-14
3743.064	1.30E-14
3744.064	1.30E-14
3745.064	1.30E-14
3746.0649	1.30E-14
3747.0649	1.29E-14
3748.0649	1.29E-14
3749.0649	1.29E-14
3750.0649	1.28E-14
3751.0659	1.28E-14
3752.0659	1.28E-14
3753.0659	1.28E-14
3754.0669	1.28E-14
3755.0669	1.27E-14
3756.0669	1.27E-14
3757.0669	1.27E-14
3758.0681	1.27E-14
3759.0681	1.26E-14
3760.0681	1.26E-14
3761.0691	1.26E-14
3762.0691	1.25E-14
3763.0691	1.25E-14
3764.0691	1.25E-14
3765.0701	1.27E-14
3766.0701	1.29E-14
3767.0701	1.28E-14
3768.071	1.28E-14
3769.0701	1.28E-14
3770.071	1.27E-14
3771.071	1.27E-14
3772.071	1.27E-14
3773.071	1.26E-14
3774.071	1.26E-14
3775.072	1.25E-14
3776.072	1.25E-14
3777.072	1.24E-14
3778.073	1.24E-14
3779.073	1.24E-14
3780.073	1.24E-14
3781.073	1.24E-14
3782.074	1.23E-14
3783.074	1.23E-14
3784.074	1.23E-14
3785.074	1.24E-14
3786.075	1.24E-14
3787.075	1.24E-14
3788.075	1.24E-14
3789.0759	1.24E-14
3790.0759	1.24E-14
3791.0759	1.23E-14
3792.0759	1.23E-14
3793.0769	1.22E-14
3794.0769	1.22E-14
3795.0769	1.21E-14
3796.0779	1.20E-14
3797.0779	1.20E-14
3798.0779	1.19E-14
3799.0779	1.19E-14
3800.0779	1.20E-14
3801.0791	1.20E-14
3802.0791	1.19E-14
3803.0791	1.20E-14
3804.0791	1.20E-14
3805.0801	1.20E-14
3806.0801	1.19E-14
3807.0801	1.19E-14
3808.0811	1.18E-14
3809.0811	1.17E-14
3810.0811	1.16E-14
3811.0811	1.16E-14
3812.082	1.16E-14
3813.082	1.16E-14
3814.082	1.15E-14
3815.083	1.15E-14
3816.083	1.14E-14
3817.083	1.14E-14
3818.083	1.14E-14
3819.084	1.15E-14
3820.084	1.15E-14
3821.084	1.16E-14
3822.084	1.16E-14
3823.084	1.16E-14
3824.085	1.17E-14
3825.085	1.17E-14
3826.085	1.17E-14
3827.085	1.18E-14
3828.0859	1.18E-14
3829.0859	1.18E-14
3830.0859	1.18E-14
3831.0869	1.19E-14
3832.0869	1.20E-14
3833.0869	1.21E-14
3834.0869	1.22E-14
3835.0879	1.23E-14
3836.0879	1.23E-14
3837.0879	1.23E-14
3838.0891	1.23E-14
3839.0891	1.22E-14
3840.0891	1.23E-14
3841.0901	1.24E-14
3842.0901	1.25E-14
3843.0901	1.25E-14
3844.0901	1.25E-14
3845.0911	1.24E-14
3846.0911	1.24E-14
3847.0911	1.24E-14
3848.0911	1.24E-14
3849.0911	1.24E-14
3850.092	1.25E-14
3851.092	1.25E-14
3852.092	1.25E-14
3853.093	1.25E-14
3854.093	1.25E-14
3855.093	1.24E-14
3856.093	1.24E-14
3857.093	1.24E-14
3858.093	1.23E-14
3859.094	1.23E-14
3860.094	1.23E-14
3861.094	1.22E-14
3862.094	1.21E-14
3863.095	1.21E-14
3864.095	1.20E-14
3865.095	1.20E-14
3866.0959	1.20E-14
3867.0959	1.20E-14
3868.0959	1.20E-14
3869.0959	1.20E-14
3870.0969	1.19E-14
3871.0969	1.19E-14
3872.0969	1.18E-14
3873.0979	1.17E-14
3874.0969	1.17E-14
3875.0979	1.17E-14
3876.0979	1.16E-14
3877.0979	1.16E-14
3878.0991	1.17E-14
3879.0991	1.17E-14
3880.0991	1.17E-14
3881.0991	1.16E-14
3882.1001	1.14E-14
3883.1001	1.12E-14
3884.1001	1.09E-14
3885.1011	1.06E-14
3886.1011	1.03E-14
3887.1011	1.01E-14
3888.1011	9.99E-15
3889.1021	9.89E-15
3890.1021	1.00E-14
3891.1021	1.01E-14
3892.103	1.03E-14
3893.103	1.06E-14
3894.103	1.08E-14
3895.104	1.10E-14
3896.104	1.12E-14
3897.104	1.14E-14
3898.104	1.16E-14
3899.104	1.17E-14
3900.105	1.18E-14
3901.105	1.19E-14
3902.105	1.19E-14
3903.105	1.20E-14
3904.105	1.21E-14
3905.106	1.21E-14
3906.106	1.21E-14
3907.106	1.21E-14
3908.1069	1.21E-14
3909.1069	1.20E-14
3910.1069	1.20E-14
3911.1069	1.19E-14
3912.1079	1.19E-14
3913.1079	1.19E-14
3914.1079	1.19E-14
3915.1089	1.19E-14
3916.1089	1.19E-14
3917.1089	1.19E-14
3918.1089	1.19E-14
3919.1101	1.19E-14
3920.1101	1.19E-14
3921.1101	1.19E-14
3922.1111	1.19E-14
3923.1111	1.20E-14
3924.1111	1.20E-14
3925.1111	1.19E-14
3926.1121	1.19E-14
3927.1121	1.19E-14
3928.1121	1.19E-14
3929.1121	1.18E-14
3930.1121	1.17E-14
3931.113	1.17E-14
3932.113	1.18E-14
3933.113	1.18E-14
3934.114	1.18E-14
3935.114	1.18E-14
3936.114	1.18E-14
3937.114	1.18E-14
3938.115	1.18E-14
3939.115	1.18E-14
3940.115	1.18E-14
3941.115	1.18E-14
3942.116	1.18E-14
3943.116	1.18E-14
3944.116	1.18E-14
3945.1169	1.18E-14
3946.1169	1.17E-14
3947.1169	1.16E-14
3948.1169	1.15E-14
3949.1179	1.15E-14
3950.1179	1.15E-14
3951.1179	1.15E-14
3952.1189	1.15E-14
3953.1179	1.15E-14
3954.1189	1.15E-14
3955.1189	1.15E-14
3956.1189	1.14E-14
3957.1189	1.14E-14
3958.1189	1.14E-14
3959.1201	1.13E-14
3960.1201	1.12E-14
3961.1201	1.12E-14
3962.1211	1.11E-14
3963.1211	1.11E-14
3964.1211	1.11E-14
3965.1211	1.11E-14
3966.1221	1.11E-14
3967.1221	1.11E-14
3968.1221	1.12E-14
3969.123	1.12E-14
3970.123	1.13E-14
3971.123	1.13E-14
3972.123	1.13E-14
3973.124	1.13E-14
3974.124	1.13E-14
3975.124	1.13E-14
3976.125	1.13E-14
3977.125	1.13E-14
3978.125	1.13E-14
3979.125	1.13E-14
3980.125	1.13E-14
3981.126	1.13E-14
3982.126	1.13E-14
3983.126	1.13E-14
3984.126	1.13E-14
3985.126	1.13E-14
3986.127	1.13E-14
3987.127	1.13E-14
3988.127	1.12E-14
3989.1279	1.12E-14
3990.1279	1.12E-14
3991.1279	1.12E-14
3992.1279	1.12E-14
3993.1289	1.12E-14
3994.1289	1.13E-14
3995.1289	1.13E-14
3996.1299	1.13E-14
3997.1299	1.14E-14
3998.1299	1.13E-14
3999.1299	1.12E-14
4000.1311	1.12E-14
4001.1311	1.11E-14
4002.1311	1.11E-14
4003.1321	1.12E-14
4004.1321	1.12E-14
4005.1321	1.11E-14
4006.1331	1.10E-14
4007.1331	1.10E-14
4008.1331	1.09E-14
4009.1331	1.08E-14
4010.134	1.08E-14
4011.134	1.08E-14
4012.134	1.07E-14
4013.134	1.06E-14
4014.134	1.05E-14
4015.135	1.04E-14
4016.135	1.03E-14
4017.135	1.02E-14
4018.135	1.01E-14
4019.136	9.98E-15
4020.136	9.79E-15
4021.136	9.60E-15
4022.136	9.54E-15
4023.137	9.49E-15
4024.137	9.55E-15
4025.137	9.63E-15
4026.1379	9.76E-15
4027.1379	9.93E-15
4028.1379	1.00E-14
4029.1379	1.01E-14
4030.1389	1.01E-14
4031.1389	1.03E-14
4032.1389	1.04E-14
4033.1399	1.05E-14
4034.1399	1.06E-14
4035.1399	1.07E-14
4036.1399	1.08E-14
4037.1411	1.08E-14
4038.1411	1.08E-14
4039.1411	1.08E-14
4040.1421	1.09E-14
4041.1421	1.10E-14
4042.1421	1.10E-14
4043.1421	1.10E-14
4044.1421	1.11E-14
4045.1431	1.11E-14
4046.1431	1.11E-14
4047.1431	1.12E-14
4048.1431	1.11E-14
4049.144	1.10E-14
4050.144	1.10E-14
4051.144	1.11E-14
4052.145	1.11E-14
4053.145	1.11E-14
4054.145	1.11E-14
4055.145	1.11E-14
4056.146	1.11E-14
4057.146	1.12E-14
4058.146	1.12E-14
4059.146	1.13E-14
4060.147	1.13E-14
4061.147	1.13E-14
4062.147	1.12E-14
4063.1479	1.12E-14
4064.1479	1.12E-14
4065.1479	1.12E-14
4066.1479	1.12E-14
4067.1479	1.13E-14
4068.1479	1.14E-14
4069.1489	1.14E-14
4070.1489	1.14E-14
4071.1489	1.14E-14
4072.1499	1.14E-14
4073.1489	1.14E-14
4074.1499	1.14E-14
4075.1499	1.14E-14
4076.1499	1.14E-14
4077.1509	1.13E-14
4078.1509	1.14E-14
4079.1509	1.14E-14
4080.1509	1.14E-14
4081.1521	1.13E-14
4082.1521	1.12E-14
4083.1521	1.12E-14
4084.1531	1.13E-14
4085.1531	1.12E-14
4086.1531	1.13E-14
4087.1531	1.12E-14
4088.1541	1.12E-14
4089.1541	1.12E-14
4090.1541	1.11E-14
4091.155	1.11E-14
4092.155	1.11E-14
4093.155	1.11E-14
4094.156	1.11E-14
4095.156	1.11E-14
4096.1558	1.11E-14
4097.1558	1.11E-14
4098.1572	1.11E-14
4099.1572	1.10E-14
4100.1572	1.09E-14
4101.1572	1.09E-14
4102.1582	1.10E-14
4103.1582	1.10E-14
4104.1582	1.10E-14
4105.1582	1.09E-14
4106.1582	1.09E-14
4107.1592	1.09E-14
4108.1592	1.09E-14
4109.1592	1.09E-14
4110.1602	1.08E-14
4111.1602	1.08E-14
4112.1602	1.08E-14
4113.1602	1.08E-14
4114.1611	1.08E-14
4115.1611	1.07E-14
4116.1611	1.06E-14
4117.1621	1.06E-14
4118.1621	1.06E-14
4119.1621	1.06E-14
4120.1621	1.05E-14
4121.1631	1.05E-14
4122.1631	1.04E-14
4123.1631	1.04E-14
4124.1641	1.04E-14
4125.1641	1.04E-14
4126.1641	1.05E-14
4127.1641	1.06E-14
4128.165	1.06E-14
4129.165	1.06E-14
4130.165	1.06E-14
4131.166	1.06E-14
4132.166	1.06E-14
4133.166	1.06E-14
4134.166	1.06E-14
4135.167	1.05E-14
4136.167	1.05E-14
4137.167	1.05E-14
4138.167	1.04E-14
4139.167	1.05E-14
4140.167	1.06E-14
4141.167	1.06E-14
4142.168	1.06E-14
4143.168	1.06E-14
4144.168	1.06E-14
4145.1689	1.05E-14
4146.1689	1.05E-14
4147.1689	1.05E-14
4148.1689	1.05E-14
4149.1699	1.05E-14
4150.1699	1.05E-14
4151.1699	1.05E-14
4152.1709	1.05E-14
4153.1709	1.05E-14
4154.1709	1.05E-14
4155.1719	1.05E-14
4156.1719	1.05E-14
4157.1719	1.04E-14
4158.1719	1.05E-14
4159.1729	1.05E-14
4160.1729	1.05E-14
4161.1729	1.05E-14
4162.1738	1.04E-14
4163.1738	1.04E-14
4164.1738	1.04E-14
4165.1738	1.04E-14
4166.1748	1.05E-14
4167.1748	1.05E-14
4168.1748	1.05E-14
4169.1748	1.06E-14
4170.1748	1.06E-14
4171.1758	1.06E-14
4172.1758	1.06E-14
4173.1758	1.06E-14
4174.1758	1.07E-14
4175.1768	1.07E-14
4176.1768	1.07E-14
4177.1768	1.08E-14
4178.1782	1.08E-14
4179.1782	1.08E-14
4180.1782	1.08E-14
4181.1792	1.07E-14
4182.1792	1.07E-14
4183.1792	1.07E-14
4184.1792	1.08E-14
4185.1802	1.07E-14
4186.1802	1.07E-14
4187.1802	1.06E-14
4188.1812	1.05E-14
4189.1812	1.05E-14
4190.1812	1.04E-14
4191.1812	1.05E-14
4192.1821	1.05E-14
4193.1821	1.05E-14
4194.1821	1.05E-14
4195.1821	1.04E-14
4196.1821	1.05E-14
4197.1831	1.05E-14
4198.1831	1.05E-14
4199.1831	1.05E-14
4200.1831	1.05E-14
4201.1831	1.05E-14
4202.1841	1.05E-14
4203.1841	1.05E-14
4204.1841	1.05E-14
4205.1841	1.04E-14
4206.1851	1.04E-14
4207.1851	1.04E-14
4208.1851	1.04E-14
4209.186	1.03E-14
4210.186	1.03E-14
4211.186	1.04E-14
4212.186	1.04E-14
4213.187	1.04E-14
4214.187	1.04E-14
4215.187	1.04E-14
4216.188	1.04E-14
4217.188	1.04E-14
4218.188	1.03E-14
4219.188	1.04E-14
4220.188	1.04E-14
4221.189	1.04E-14
4222.189	1.04E-14
4223.189	1.05E-14
4224.189	1.05E-14
4225.1899	1.05E-14
4226.1899	1.05E-14
4227.1899	1.05E-14
4228.1909	1.04E-14
4229.1909	1.04E-14
4230.1909	1.04E-14
4231.1909	1.04E-14
4232.1919	1.04E-14
4233.1919	1.04E-14
4234.1919	1.04E-14
4235.1919	1.04E-14
4236.1919	1.04E-14
4237.1929	1.03E-14
4238.1929	1.03E-14
4239.1929	1.03E-14
4240.1929	1.03E-14
4241.1938	1.03E-14
4242.1938	1.02E-14
4243.1938	1.02E-14
4244.1948	1.03E-14
4245.1948	1.03E-14
4246.1948	1.02E-14
4247.1948	1.03E-14
4248.1958	1.03E-14
4249.1958	1.03E-14
4250.1958	1.03E-14
4251.1968	1.02E-14
4252.1968	1.03E-14
4253.1968	1.03E-14
4254.1982	1.02E-14
4255.1982	1.02E-14
4256.1982	1.02E-14
4257.1982	1.02E-14
4258.1992	1.02E-14
4259.1992	1.02E-14
4260.1992	1.01E-14
4261.2002	1.01E-14
4262.2002	1.01E-14
4263.2002	1.01E-14
4264.2002	1.01E-14
4265.2012	1.01E-14
4266.2012	1.01E-14
4267.2012	1.01E-14
4268.2021	1.02E-14
4269.2021	1.02E-14
4270.2021	1.01E-14
4271.2021	1.01E-14
4272.2021	1.01E-14
4273.2021	1.00E-14
4274.2031	1.00E-14
4275.2031	9.98E-15
4276.2031	9.99E-15
4277.2041	9.99E-15
4278.2041	9.98E-15
4279.2041	9.98E-15
4280.2041	9.95E-15
4281.2051	9.95E-15
4282.2051	9.90E-15
4283.2051	9.86E-15
4284.2061	9.85E-15
4285.2061	9.89E-15
4286.2061	9.91E-15
4287.207	9.96E-15
4288.207	9.96E-15
4289.207	9.93E-15
4290.207	9.89E-15
4291.208	9.88E-15
4292.208	9.84E-15
4293.208	9.83E-15
4294.208	9.83E-15
4295.208	9.82E-15
4296.209	9.82E-15
4297.209	9.79E-15
4298.209	9.75E-15
4299.209	9.74E-15
4300.21	9.75E-15
4301.21	9.73E-15
4302.21	9.68E-15
4303.2109	9.63E-15
4304.2109	9.64E-15
4305.2109	9.65E-15
4306.2109	9.65E-15
4307.2109	9.66E-15
4308.2119	9.66E-15
4309.2119	9.65E-15
4310.2119	9.65E-15
4311.2119	9.64E-15
4312.2129	9.64E-15
4313.2129	9.65E-15
4314.2129	9.65E-15
4315.2139	9.62E-15
4316.2139	9.62E-15
4317.2139	9.63E-15
4318.2139	9.66E-15
4319.2148	9.62E-15
4320.2148	9.60E-15
4321.2148	9.60E-15
4322.2158	9.59E-15
4323.2158	9.61E-15
4324.2158	9.63E-15
4325.2158	9.62E-15
4326.2168	9.62E-15
4327.2168	9.63E-15
4328.2168	9.63E-15
4329.2178	9.62E-15
4330.2178	9.62E-15
4331.2178	9.61E-15
4332.2178	9.61E-15
4333.2192	9.61E-15
4334.2192	9.57E-15
4335.2192	9.54E-15
4336.2202	9.53E-15
4337.2202	9.54E-15
4338.2202	9.57E-15
4339.2202	9.62E-15
4340.2212	9.64E-15
4341.2212	9.61E-15
4342.2212	9.59E-15
4343.2212	9.56E-15
4344.2212	9.51E-15
4345.2222	9.46E-15
4346.2222	9.41E-15
4347.2222	9.45E-15
4348.2222	9.50E-15
4349.2222	9.49E-15
4350.2231	9.49E-15
4351.2231	9.43E-15
4352.2231	9.38E-15
4353.2231	9.35E-15
4354.2241	9.37E-15
4355.2241	9.39E-15
4356.2241	9.40E-15
4357.2251	9.40E-15
4358.2251	9.45E-15
4359.2251	9.49E-15
4360.2251	9.50E-15
4361.2261	9.51E-15
4362.2261	9.51E-15
4363.2261	9.47E-15
4364.2271	9.45E-15
4365.2271	9.43E-15
4366.2271	9.42E-15
4367.2271	9.40E-15
4368.228	9.37E-15
4369.228	9.41E-15
4370.228	9.41E-15
4371.229	9.40E-15
4372.229	9.37E-15
4373.229	9.37E-15
4374.229	9.35E-15
4375.229	9.32E-15
4376.23	9.28E-15
4377.23	9.27E-15
4378.23	9.25E-15
4379.23	9.22E-15
4380.23	9.18E-15
4381.23	9.13E-15
4382.231	9.09E-15
4383.231	9.05E-15
4384.231	9.03E-15
4385.2319	9.00E-15
4386.2319	8.98E-15
4387.2319	8.96E-15
4388.2319	8.93E-15
4389.2329	8.91E-15
4390.2329	8.89E-15
4391.2329	8.90E-15
4392.2339	8.91E-15
4393.2339	8.92E-15
4394.2339	8.95E-15
4395.2339	8.98E-15
4396.2349	9.02E-15
4397.2349	9.05E-15
4398.2349	9.07E-15
4399.2358	9.08E-15
4400.2358	9.08E-15
4401.2358	9.07E-15
4402.2368	9.07E-15
4403.2368	9.08E-15
4404.2368	9.12E-15
4405.2368	9.13E-15
4406.2378	9.10E-15
4407.2378	9.08E-15
4408.2378	9.09E-15
4409.2388	9.08E-15
4410.2388	9.05E-15
4411.2388	9.03E-15
4412.2388	9.03E-15
4413.2402	9.04E-15
4414.2402	9.04E-15
4415.2402	9.02E-15
4416.2412	9.00E-15
4417.2412	8.97E-15
4418.2412	8.96E-15
4419.2412	8.98E-15
4420.2412	9.00E-15
4421.2412	8.97E-15
4422.2422	8.93E-15
4423.2422	8.90E-15
4424.2422	8.87E-15
4425.2432	8.86E-15
4426.2432	8.83E-15
4427.2432	8.81E-15
4428.2432	8.79E-15
4429.2441	8.79E-15
4430.2441	8.78E-15
4431.2441	8.78E-15
4432.2451	8.77E-15
4433.2451	8.75E-15
4434.2451	8.73E-15
4435.2451	8.70E-15
4436.2461	8.66E-15
4437.2461	8.64E-15
4438.2461	8.63E-15
4439.2471	8.63E-15
4440.2471	8.61E-15
4441.2471	8.61E-15
4442.2471	8.60E-15
4443.248	8.58E-15
4444.248	8.56E-15
4445.248	8.57E-15
4446.249	8.57E-15
4447.249	8.53E-15
4448.249	8.47E-15
4449.249	8.44E-15
4450.25	8.41E-15
4451.25	8.39E-15
4452.25	8.36E-15
4453.25	8.32E-15
4454.25	8.26E-15
4455.251	8.20E-15
4456.251	8.16E-15
4457.251	8.11E-15
4458.251	8.02E-15
4459.251	7.94E-15
4460.252	7.85E-15
4461.252	7.77E-15
4462.252	7.62E-15
4463.252	7.48E-15
4464.2529	7.34E-15
4465.2529	7.19E-15
4466.2529	7.03E-15
4467.2539	6.86E-15
4468.2539	6.73E-15
4469.2539	6.62E-15
4470.2539	6.53E-15
4471.2549	6.51E-15
4472.2549	6.50E-15
4473.2549	6.61E-15
4474.2559	6.72E-15
4475.2559	6.89E-15
4476.2559	7.06E-15
4477.2559	7.19E-15
4478.2568	7.30E-15
4479.2568	7.42E-15
4480.2568	7.55E-15
4481.2578	7.67E-15
4482.2578	7.76E-15
4483.2578	7.86E-15
4484.2588	7.93E-15
4485.2588	7.99E-15
4486.2588	8.09E-15
4487.2588	8.18E-15
4488.2598	8.21E-15
4489.2598	8.25E-15
4490.2598	8.27E-15
4491.2612	8.29E-15
4492.2612	8.32E-15
4493.2612	8.34E-15
4494.2612	8.35E-15
4495.2622	8.36E-15
4496.2622	8.38E-15
4497.2622	8.41E-15
4498.2632	8.43E-15
4499.2622	8.44E-15
4500.2632	8.44E-15
4501.2632	8.43E-15
4502.2632	8.44E-15
4503.2632	8.45E-15
4504.2642	8.44E-15
4505.2642	8.43E-15
4506.2642	8.40E-15
4507.2651	8.38E-15
4508.2651	8.41E-15
4509.2651	8.42E-15
4510.2651	8.44E-15
4511.2661	8.45E-15
4512.2661	8.43E-15
4513.2661	8.40E-15
4514.2671	8.38E-15
4515.2671	8.36E-15
4516.2671	8.36E-15
4517.2671	8.36E-15
4518.2681	8.37E-15
4519.2681	8.36E-15
4520.2681	8.38E-15
4521.269	8.40E-15
4522.269	8.41E-15
4523.269	8.40E-15
4524.269	8.40E-15
4525.27	8.42E-15
4526.27	8.45E-15
4527.27	8.47E-15
4528.271	8.48E-15
4529.271	8.49E-15
4530.271	8.53E-15
4531.271	8.52E-15
4532.271	8.50E-15
4533.271	8.46E-15
4534.271	8.40E-15
4535.272	8.36E-15
4536.272	8.38E-15
4537.272	8.37E-15
4538.272	8.39E-15
4539.2729	8.40E-15
4540.2729	8.39E-15
4541.2729	8.38E-15
4542.2729	8.37E-15
4543.2729	8.37E-15
4544.2739	8.36E-15
4545.2739	8.36E-15
4546.2739	8.36E-15
4547.2739	8.38E-15
4548.2749	8.40E-15
4549.2749	8.42E-15
4550.2749	8.44E-15
4551.2759	8.42E-15
4552.2759	8.40E-15
4553.2759	8.40E-15
4554.2759	8.40E-15
4555.2769	8.39E-15
4556.2769	8.37E-15
4557.2769	8.36E-15
4558.2778	8.33E-15
4559.2778	8.29E-15
4560.2778	8.28E-15
4561.2778	8.25E-15
4562.2788	8.25E-15
4563.2788	8.24E-15
4564.2788	8.28E-15
4565.2798	8.30E-15
4566.2798	8.30E-15
4567.2798	8.30E-15
4568.2798	8.26E-15
4569.2808	8.25E-15
4570.2808	8.23E-15
4571.2808	8.20E-15
4572.2822	8.19E-15
4573.2822	8.19E-15
4574.2822	8.19E-15
4575.2822	8.16E-15
4576.2832	8.12E-15
4577.2832	8.14E-15
4578.2832	8.17E-15
4579.2842	8.17E-15
4580.2842	8.18E-15
4581.2842	8.18E-15
4582.2842	8.17E-15
4583.2852	8.18E-15
4584.2852	8.20E-15
4585.2852	8.22E-15
4586.2852	8.19E-15
4587.2852	8.16E-15
4588.2861	8.14E-15
4589.2861	8.13E-15
4590.2861	8.12E-15
4591.2871	8.13E-15
4592.2871	8.10E-15
4593.2871	8.10E-15
4594.2871	8.08E-15
4595.2881	8.08E-15
4596.2881	8.07E-15
4597.2881	8.10E-15
4598.2891	8.10E-15
4599.2891	8.08E-15
4600.2891	8.06E-15
4601.2891	8.05E-15
4602.29	8.07E-15
4603.29	8.06E-15
4604.29	8.06E-15
4605.291	8.04E-15
4606.291	8.01E-15
4607.291	8.00E-15
4608.291	8.01E-15
4609.292	7.99E-15
4610.292	7.95E-15
4611.292	7.92E-15
4612.292	7.93E-15
4613.292	7.94E-15
4614.293	7.94E-15
4615.293	7.95E-15
4616.293	7.95E-15
4617.293	7.95E-15
4618.2939	7.94E-15
4619.2939	7.94E-15
4620.2939	7.94E-15
4621.2949	7.95E-15
4622.2949	7.94E-15
4623.2949	7.94E-15
4624.2949	7.92E-15
4625.2959	7.88E-15
4626.2959	7.84E-15
4627.2959	7.89E-15
4628.2959	7.92E-15
4629.2959	7.91E-15
4630.2969	7.88E-15
4631.2969	7.86E-15
4632.2969	7.86E-15
4633.2979	7.84E-15
4634.2979	7.82E-15
4635.2979	7.83E-15
4636.2979	7.87E-15
4637.2988	7.91E-15
4638.2988	7.90E-15
4639.2988	7.89E-15
4640.2998	7.90E-15
4641.2998	7.93E-15
4642.2998	7.91E-15
4643.2998	7.89E-15
4644.3008	7.87E-15
4645.3008	7.84E-15
4646.3008	7.83E-15
4647.3018	7.83E-15
4648.3018	7.84E-15
4649.3018	7.84E-15
4650.3018	7.82E-15
4651.3032	7.79E-15
4652.3032	7.76E-15
4653.3032	7.76E-15
4654.3042	7.76E-15
4655.3042	7.75E-15
4656.3042	7.75E-15
4657.3042	7.77E-15
4658.3052	7.82E-15
4659.3052	7.82E-15
4660.3052	7.78E-15
4661.3062	7.75E-15
4662.3062	7.72E-15
4663.3062	7.71E-15
4664.3062	7.74E-15
4665.3071	7.78E-15
4666.3071	7.78E-15
4667.3071	7.76E-15
4668.3081	7.75E-15
4669.3081	7.73E-15
4670.3081	7.73E-15
4671.3081	7.73E-15
4672.3091	7.74E-15
4673.3091	7.76E-15
4674.3091	7.77E-15
4675.3091	7.73E-15
4676.3091	7.71E-15
4677.3101	7.69E-15
4678.3101	7.69E-15
4679.3101	7.67E-15
4680.3101	7.65E-15
4681.311	7.65E-15
4682.311	7.66E-15
4683.311	7.66E-15
4684.312	7.66E-15
4685.312	7.67E-15
4686.312	7.68E-15
4687.312	7.68E-15
4688.313	7.64E-15
4689.313	7.61E-15
4690.313	7.64E-15
4691.313	7.66E-15
4692.313	7.72E-15
4693.314	7.78E-15
4694.314	7.75E-15
4695.314	7.70E-15
4696.3149	7.68E-15
4697.3149	7.68E-15
4698.3149	7.66E-15
4699.3149	7.64E-15
4700.3159	7.60E-15
4701.3159	7.58E-15
4703.3169	7.30E-15
4705.3169	7.26E-15
4707.3179	7.23E-15
4709.3179	7.20E-15
4711.3188	7.18E-15
4713.3188	7.16E-15
4715.3198	7.15E-15
4717.3208	7.16E-15
4719.3208	7.18E-15
4721.3208	7.21E-15
4723.3218	7.24E-15
4725.3218	7.28E-15
4727.3232	7.32E-15
4729.3232	7.33E-15
4731.3242	7.36E-15
4733.3252	7.38E-15
4735.3252	7.38E-15
4737.3262	7.37E-15
4739.3262	7.36E-15
4741.3271	7.36E-15
4743.3271	7.35E-15
4745.3281	7.33E-15
4747.3291	7.32E-15
4749.3291	7.30E-15
4751.3301	7.29E-15
4753.3301	7.29E-15
4755.3311	7.27E-15
4757.3311	7.26E-15
4759.332	7.24E-15
4761.333	7.22E-15
4763.333	7.20E-15
4765.333	7.19E-15
4767.333	7.20E-15
4769.333	7.21E-15
4771.334	7.22E-15
4773.334	7.23E-15
4775.335	7.23E-15
4777.335	7.21E-15
4779.3359	7.21E-15
4781.3369	7.20E-15
4783.3369	7.18E-15
4785.3379	7.16E-15
4787.3379	7.15E-15
4789.3389	7.15E-15
4791.3389	7.15E-15
4793.3398	7.15E-15
4795.3408	7.16E-15
4797.3408	7.17E-15
4799.3418	7.17E-15
4801.3418	7.19E-15
4803.3428	7.20E-15
4805.3442	7.20E-15
4807.3442	7.19E-15
4809.3452	7.16E-15
4811.3452	7.16E-15
4813.3462	7.12E-15
4815.3462	7.10E-15
4817.3472	7.07E-15
4819.3472	7.06E-15
4821.3472	7.06E-15
4823.3481	7.05E-15
4825.3491	7.06E-15
4827.3491	7.07E-15
4829.3501	7.07E-15
4831.3501	7.07E-15
4833.3511	7.08E-15
4835.3521	7.07E-15
4837.3521	7.07E-15
4839.353	7.08E-15
4841.353	7.07E-15
4843.354	7.05E-15
4845.354	7.05E-15
4847.354	7.02E-15
4849.355	7.01E-15
4851.356	7.00E-15
4853.356	6.99E-15
4855.3569	6.97E-15
4857.3569	6.95E-15
4859.3579	6.93E-15
4861.3579	6.91E-15
4863.3589	6.90E-15
4865.3599	6.88E-15
4867.3599	6.87E-15
4869.3608	6.87E-15
4871.3608	6.86E-15
4873.3608	6.86E-15
4875.3618	6.85E-15
4877.3618	6.85E-15
4879.3628	6.84E-15
4881.3638	6.83E-15
4883.3638	6.83E-15
4885.3652	6.81E-15
4887.3652	6.77E-15
4889.3662	6.76E-15
4891.3662	6.71E-15
4893.3672	6.67E-15
4895.3682	6.62E-15
4897.3682	6.60E-15
4899.3691	6.57E-15
4901.3691	6.53E-15
4903.3701	6.49E-15
4905.3701	6.44E-15
4907.3711	6.39E-15
4909.3721	6.33E-15
4911.3721	6.27E-15
4913.373	6.23E-15
4915.373	6.19E-15
4917.374	6.18E-15
4919.374	6.15E-15
4921.375	6.15E-15
4923.375	6.15E-15
4925.375	6.16E-15
4927.376	6.17E-15
4929.376	6.20E-15
4931.377	6.21E-15
4933.377	6.24E-15
4935.3779	6.28E-15
4937.3779	6.32E-15
4939.3789	6.35E-15
4941.3799	6.39E-15
4943.3799	6.41E-15
4945.3809	6.42E-15
4947.3809	6.42E-15
4949.3818	6.42E-15
4951.3828	6.42E-15
4953.3828	6.43E-15
4955.3838	6.42E-15
4957.3838	6.40E-15
4959.3848	6.40E-15
4961.3848	6.39E-15
4963.3862	6.38E-15
4965.3872	6.38E-15
4967.3872	6.37E-15
4969.3882	6.36E-15
4971.3882	6.34E-15
4973.3892	6.32E-15
4975.3892	6.30E-15
4977.3901	6.29E-15
4979.3901	6.28E-15
4981.3901	6.27E-15
4983.3911	6.27E-15
4985.3921	6.26E-15
4987.3921	6.24E-15
4989.3931	6.22E-15
4991.3931	6.20E-15
4993.394	6.19E-15
4995.394	6.17E-15
4997.395	6.15E-15
4999.396	6.12E-15
5001.396	6.10E-15
5003.396	6.06E-15
5005.397	6.02E-15
5007.397	5.97E-15
5009.3979	5.92E-15
5011.3989	5.90E-15
5013.3989	5.88E-15
5015.3999	5.86E-15
5017.3999	5.87E-15
5019.4009	5.89E-15
5021.4009	5.91E-15
5023.4019	5.93E-15
5025.4028	5.95E-15
5027.4028	5.97E-15
5029.4038	5.98E-15
5031.4038	5.99E-15
5033.4048	6.00E-15
5035.4048	6.02E-15
5037.4048	6.03E-15
5039.4058	6.05E-15
5041.4072	6.05E-15
5043.4072	6.05E-15
5045.4082	6.06E-15
5047.4082	6.06E-15
5049.4092	6.07E-15
5051.4092	6.06E-15
5053.4102	6.07E-15
5055.4111	6.06E-15
5057.4111	6.07E-15
5059.4121	6.06E-15
5061.4121	6.06E-15
5063.4131	6.06E-15
5065.4131	6.08E-15
5067.4141	6.08E-15
5069.415	6.08E-15
5071.415	6.09E-15
5073.416	6.09E-15
5075.416	6.09E-15
5077.416	6.09E-15
5079.417	6.08E-15
5081.417	6.08E-15
5083.417	6.06E-15
5085.418	6.04E-15
5087.4189	6.03E-15
5089.4189	6.02E-15
5091.4199	6.02E-15
5093.4199	6.01E-15
5095.4199	6.02E-15
5097.4209	6.02E-15
5099.4209	6.02E-15
5101.4219	6.01E-15
5103.4219	6.00E-15
5105.4229	5.99E-15
5107.4238	5.99E-15
5109.4238	5.97E-15
5111.4248	5.97E-15
5113.4248	5.98E-15
5115.4258	5.98E-15
5117.4258	5.98E-15
5119.4268	5.99E-15
5121.4282	5.99E-15
5123.4282	6.00E-15
5125.4292	5.99E-15
5127.4292	5.97E-15
5129.4302	5.97E-15
5131.4302	5.96E-15
5133.4312	5.96E-15
5135.4321	5.95E-15
5137.4321	5.96E-15
5139.4331	5.96E-15
5141.4331	5.96E-15
5143.4341	5.95E-15
5145.4341	5.94E-15
5147.4351	5.94E-15
5149.436	5.94E-15
5151.436	5.92E-15
5153.437	5.92E-15
5155.437	5.91E-15
5157.437	5.91E-15
5159.438	5.91E-15
5161.438	5.90E-15
5163.438	5.90E-15
5165.439	5.89E-15
5167.4399	5.89E-15
5169.4399	5.88E-15
5171.4409	5.87E-15
5173.4409	5.87E-15
5175.4419	5.87E-15
5177.4419	5.86E-15
5179.4429	5.86E-15
5181.4438	5.85E-15
5183.4438	5.85E-15
5185.4448	5.84E-15
5187.4448	5.84E-15
5189.4458	5.83E-15
5191.4458	5.82E-15
5193.4468	5.82E-15
5195.4482	5.81E-15
5197.4482	5.81E-15
5199.4492	5.81E-15
5201.4492	5.80E-15
5203.4502	5.79E-15
5205.4502	5.79E-15
5207.4512	5.80E-15
5209.4521	5.78E-15
5211.4521	5.78E-15
5213.4531	5.76E-15
5215.4531	5.75E-15
5217.4541	5.74E-15
5219.4541	5.73E-15
5221.4541	5.73E-15
5223.4551	5.73E-15
5225.4561	5.73E-15
5227.4561	5.72E-15
5229.457	5.72E-15
5231.457	5.71E-15
5233.458	5.70E-15
5235.458	5.69E-15
5237.458	5.67E-15
5239.459	5.66E-15
5241.46	5.65E-15
5243.46	5.64E-15
5245.4609	5.63E-15
5247.4609	5.63E-15
5249.4619	5.62E-15
5251.4619	5.62E-15
5253.4629	5.61E-15
5255.4639	5.62E-15
5257.4639	5.62E-15
5259.4648	5.64E-15
5261.4648	5.64E-15
5263.4658	5.64E-15
5265.4658	5.65E-15
5267.4668	5.65E-15
5269.4678	5.64E-15
5271.4678	5.63E-15
5273.4692	5.62E-15
5275.4692	5.60E-15
5277.4702	5.59E-15
5279.4702	5.57E-15
5281.4712	5.56E-15
5283.4722	5.56E-15
5285.4722	5.55E-15
5287.4722	5.52E-15
5289.4731	5.49E-15
5291.4731	5.47E-15
5293.4741	5.46E-15
5295.4741	5.45E-15
5297.4751	5.44E-15
5299.4761	5.44E-15
5301.4761	5.43E-15
5303.4771	5.43E-15
5305.4771	5.42E-15
5307.478	5.41E-15
5309.478	5.40E-15
5311.479	5.40E-15
5313.479	5.40E-15
5315.48	5.40E-15
5317.48	5.40E-15
5319.481	5.40E-15
5321.481	5.40E-15
5323.4819	5.40E-15
5325.4819	5.39E-15
5327.4829	5.39E-15
5329.4839	5.38E-15
5331.4839	5.37E-15
5333.4849	5.36E-15
5335.4849	5.35E-15
5337.4858	5.33E-15
5339.4858	5.32E-15
5341.4868	5.31E-15
5343.4878	5.31E-15
5345.4878	5.30E-15
5347.4888	5.29E-15
5349.4888	5.29E-15
5351.4902	5.28E-15
5353.4902	5.27E-15
5355.4902	5.26E-15
5357.4912	5.26E-15
5359.4912	5.26E-15
5361.4922	5.25E-15
5363.4932	5.25E-15
5365.4932	5.25E-15
5367.4941	5.24E-15
5369.4941	5.24E-15
5371.4951	5.23E-15
5373.4951	5.24E-15
5375.4961	5.24E-15
5377.4971	5.23E-15
5379.4971	5.23E-15
5381.498	5.22E-15
5383.498	5.22E-15
5385.499	5.22E-15
5387.499	5.20E-15
5389.5	5.19E-15
5391.5	5.18E-15
5393.501	5.18E-15
5395.501	5.16E-15
5397.502	5.16E-15
5399.502	5.16E-15
5401.5029	5.16E-15
5403.5039	5.16E-15
5405.5039	5.15E-15
5407.5049	5.15E-15
5409.5049	5.14E-15
5411.5059	5.13E-15
5413.5059	5.12E-15
5415.5068	5.12E-15
5417.5068	5.10E-15
5419.5078	5.10E-15
5421.5088	5.09E-15
5423.5088	5.10E-15
5425.5088	5.10E-15
5427.5098	5.08E-15
5429.5098	5.08E-15
5431.5112	5.07E-15
5433.5112	5.06E-15
5435.5122	5.05E-15
5437.5132	5.04E-15
5439.5132	5.04E-15
5441.5142	5.03E-15
5443.5142	5.02E-15
5445.5151	5.01E-15
5447.5151	5.01E-15
5449.5161	5.00E-15
5451.5171	4.99E-15
5453.5171	4.98E-15
5455.5181	4.97E-15
5457.5181	4.96E-15
5459.519	4.95E-15
5461.519	4.94E-15
5463.52	4.94E-15
5465.521	4.94E-15
5467.521	4.93E-15
5469.521	4.94E-15
5471.522	4.93E-15
5473.522	4.93E-15
5475.5229	4.92E-15
5477.5229	4.91E-15
5479.5239	4.90E-15
5481.5249	4.89E-15
5483.5249	4.89E-15
5485.5259	4.89E-15
5487.5259	4.88E-15
5489.5269	4.88E-15
5491.5269	4.88E-15
5493.5278	4.87E-15
5495.5288	4.87E-15
5497.5278	4.86E-15
5499.5288	4.84E-15
5501.5298	4.84E-15
5503.5298	4.82E-15
5505.5308	4.82E-15
5507.5308	4.82E-15
5509.5322	4.80E-15
5511.5322	4.80E-15
5513.5332	4.80E-15
5515.5342	4.79E-15
5517.5342	4.79E-15
5519.5342	4.78E-15
5521.5352	4.77E-15
5523.5352	4.78E-15
5525.5361	4.78E-15
5527.5361	4.77E-15
5529.5371	4.77E-15
5531.5371	4.77E-15
5533.5381	4.76E-15
5535.5391	4.76E-15
5537.5391	4.75E-15
5539.54	4.75E-15
5541.54	4.74E-15
5543.541	4.73E-15
5545.541	4.72E-15
5547.542	4.71E-15
5549.542	4.69E-15
5551.543	4.68E-15
5553.543	4.67E-15
5555.5439	4.66E-15
5557.5439	4.66E-15
5559.5449	4.66E-15
5561.5459	4.66E-15
5563.5459	4.67E-15
5565.5469	4.66E-15
5567.5469	4.66E-15
5569.5479	4.66E-15
5571.5479	4.65E-15
5573.5488	4.64E-15
5575.5488	4.64E-15
5577.5488	4.65E-15
5579.5498	4.65E-15
5581.5508	4.66E-15
5583.5508	4.66E-15
5585.5518	4.66E-15
5587.5518	4.66E-15
5589.5532	4.66E-15
5591.5532	4.65E-15
5593.5542	4.65E-15
5595.5542	4.64E-15
5597.5552	4.62E-15
5599.5562	4.62E-15
5601.5562	4.62E-15
5603.5571	4.61E-15
5605.5571	4.60E-15
5607.5581	4.59E-15
5609.5581	4.58E-15
5611.5591	4.57E-15
5613.5601	4.57E-15
5615.5601	4.56E-15
5617.561	4.56E-15
5619.561	4.55E-15
5621.562	4.53E-15
5623.562	4.52E-15
5625.563	4.52E-15
5627.563	4.52E-15
5629.564	4.50E-15
5631.564	4.50E-15
5633.5649	4.50E-15
5635.5649	4.49E-15
5637.5659	4.49E-15
5639.5669	4.48E-15
5641.5669	4.48E-15
5643.5679	4.48E-15
5645.5679	4.49E-15
5647.5688	4.49E-15
5649.5688	4.48E-15
5651.5698	4.48E-15
5653.5708	4.47E-15
5655.5698	4.46E-15
5657.5708	4.46E-15
5659.5718	4.45E-15
5661.5718	4.44E-15
5663.5732	4.44E-15
5665.5732	4.43E-15
5667.5742	4.42E-15
5669.5742	4.41E-15
5671.5752	4.41E-15
5673.5762	4.39E-15
5675.5762	4.38E-15
5677.5771	4.36E-15
5679.5771	4.36E-15
5681.5781	4.35E-15
5683.5781	4.35E-15
5685.5791	4.36E-15
5687.5791	4.35E-15
5689.5801	4.36E-15
5691.5811	4.36E-15
5693.5811	4.36E-15
5695.582	4.36E-15
5697.582	4.36E-15
5699.583	4.35E-15
5701.583	4.34E-15
5703.584	4.35E-15
5705.584	4.34E-15
5707.585	4.35E-15
5709.585	4.35E-15
5711.5859	4.34E-15
5713.5859	4.33E-15
5715.5869	4.33E-15
5717.5879	4.32E-15
5719.5879	4.31E-15
5721.5889	4.30E-15
5723.5889	4.29E-15
5725.5898	4.28E-15
5727.5898	4.28E-15
5729.5908	4.26E-15
5731.5908	4.25E-15
5733.5918	4.25E-15
5735.5928	4.25E-15
5737.5928	4.25E-15
5739.5928	4.25E-15
5741.5942	4.24E-15
5743.5942	4.24E-15
5745.5952	4.23E-15
5747.5952	4.22E-15
5749.5962	4.21E-15
5751.5962	4.20E-15
5753.5972	4.20E-15
5755.5981	4.19E-15
5757.5981	4.18E-15
5759.5991	4.19E-15
5761.5991	4.19E-15
5763.6001	4.18E-15
5765.6001	4.19E-15
5767.6011	4.19E-15
5769.6021	4.18E-15
5771.6021	4.18E-15
5773.603	4.18E-15
5775.603	4.19E-15
5777.604	4.18E-15
5779.604	4.17E-15
5781.605	4.17E-15
5783.605	4.16E-15
5785.606	4.15E-15
5787.606	4.15E-15
5789.6069	4.15E-15
5791.6069	4.14E-15
5793.6079	4.13E-15
5795.6079	4.13E-15
5797.6089	4.13E-15
5799.6099	4.12E-15
5801.6099	4.12E-15
5803.6108	4.12E-15
5805.6108	4.12E-15
5807.6118	4.10E-15
5809.6118	4.09E-15
5811.6128	4.08E-15
5813.6138	4.08E-15
5815.6138	4.06E-15
5817.6152	4.06E-15
5819.6152	4.05E-15
5821.6162	4.04E-15
5823.6162	4.03E-15
5825.6172	4.02E-15
5827.6172	4.01E-15
5829.6172	4.00E-15
5831.6182	4.00E-15
5833.6191	3.99E-15
5835.6191	3.98E-15
5837.6201	3.96E-15
5839.6201	3.95E-15
5841.6211	3.93E-15
5843.6211	3.90E-15
5845.6221	3.89E-15
5847.623	3.86E-15
5849.623	3.82E-15
5851.624	3.78E-15
5853.624	3.73E-15
5855.625	3.66E-15
5857.625	3.59E-15
5859.625	3.52E-15
5861.626	3.44E-15
5863.627	3.35E-15
5865.627	3.27E-15
5867.6279	3.19E-15
5869.6279	3.11E-15
5871.6289	3.05E-15
5873.6289	3.04E-15
5875.6299	3.02E-15
5877.6309	3.03E-15
5879.6309	3.09E-15
5881.6318	3.15E-15
5883.6318	3.22E-15
5885.6328	3.31E-15
5887.6328	3.40E-15
5889.6338	3.48E-15
5891.6348	3.55E-15
5893.6348	3.61E-15
5895.6362	3.67E-15
5897.6362	3.69E-15
5899.6372	3.72E-15
5901.6372	3.75E-15
5903.6382	3.76E-15
5905.6392	3.77E-15
5907.6392	3.79E-15
5909.6401	3.79E-15
5911.6401	3.81E-15
5913.6411	3.81E-15
5915.6411	3.82E-15
5917.6411	3.83E-15
5919.6421	3.84E-15
5921.6421	3.85E-15
5923.6431	3.86E-15
5925.644	3.88E-15
5927.644	3.87E-15
5929.645	3.88E-15
5931.645	3.88E-15
5933.646	3.86E-15
5935.646	3.85E-15
5937.646	3.84E-15
5939.647	3.84E-15
5941.6479	3.84E-15
5943.6479	3.83E-15
5945.6489	3.83E-15
5947.6489	3.83E-15
5949.6499	3.83E-15
5951.6499	3.82E-15
5953.6509	3.81E-15
5955.6519	3.81E-15
5957.6519	3.80E-15
5959.6528	3.79E-15
5961.6528	3.78E-15
5963.6538	3.77E-15
5965.6538	3.77E-15
5967.6548	3.77E-15
5969.6558	3.77E-15
5971.6558	3.76E-15
5973.6572	3.76E-15
5975.6572	3.76E-15
5977.6582	3.77E-15
5979.6582	3.76E-15
5981.6592	3.77E-15
5983.6592	3.77E-15
5985.6602	3.77E-15
5987.6611	3.77E-15
5989.6611	3.76E-15
5991.6621	3.76E-15
5993.6621	3.75E-15
5995.6631	3.74E-15
5997.6631	3.74E-15
5999.6641	3.74E-15
6001.665	3.74E-15
6003.665	3.74E-15
6005.666	3.74E-15
6007.666	3.74E-15
6009.667	3.73E-15
6011.667	3.73E-15
6013.668	3.73E-15
6015.667	3.73E-15
6017.668	3.72E-15
6019.668	3.71E-15
6021.6689	3.71E-15
6023.6699	3.71E-15
6025.6699	3.71E-15
6027.6709	3.71E-15
6029.6709	3.71E-15
6031.6719	3.71E-15
6033.6719	3.70E-15
6035.6729	3.69E-15
6037.6738	3.68E-15
6039.6738	3.68E-15
6041.6748	3.68E-15
6043.6748	3.67E-15
6045.6758	3.67E-15
6047.6758	3.66E-15
6049.6768	3.65E-15
6051.6782	3.64E-15
6053.6782	3.64E-15
6055.6792	3.64E-15
6057.6792	3.64E-15
6059.6802	3.63E-15
6061.6802	3.63E-15
6063.6812	3.63E-15
6065.6821	3.62E-15
6067.6821	3.62E-15
6069.6831	3.61E-15
6071.6831	3.60E-15
6073.6841	3.60E-15
6075.6841	3.60E-15
6077.6851	3.60E-15
6079.686	3.59E-15
6081.686	3.59E-15
6083.687	3.59E-15
6085.687	3.59E-15
6087.688	3.58E-15
6089.688	3.57E-15
6091.688	3.57E-15
6093.689	3.56E-15
6095.6899	3.56E-15
6097.6899	3.56E-15
6099.6909	3.56E-15
6101.6909	3.56E-15
6103.6919	3.56E-15
6105.6919	3.56E-15
6107.6929	3.56E-15
6109.6938	3.55E-15
6111.6938	3.55E-15
6113.6948	3.54E-15
6115.6938	3.54E-15
6117.6948	3.54E-15
6119.6958	3.54E-15
6121.6958	3.53E-15
6123.6968	3.53E-15
6125.6968	3.52E-15
6127.6982	3.52E-15
6129.6982	3.51E-15
6131.6992	3.51E-15
6133.7002	3.51E-15
6135.7002	3.51E-15
6137.7012	3.50E-15
6139.7012	3.50E-15
6141.7021	3.50E-15
6143.7021	3.50E-15
6145.7031	3.49E-15
6147.7041	3.48E-15
6149.7041	3.47E-15
6151.7051	3.47E-15
6153.7051	3.47E-15
6155.7061	3.47E-15
6157.7061	3.47E-15
6159.707	3.47E-15
6161.708	3.47E-15
6163.708	3.46E-15
6165.708	3.46E-15
6167.709	3.45E-15
6169.709	3.44E-15
6171.71	3.44E-15
6173.71	3.43E-15
6175.7109	3.43E-15
6177.7119	3.43E-15
6179.7119	3.42E-15
6181.7129	3.42E-15
6183.7129	3.41E-15
6185.7139	3.41E-15
6187.7139	3.40E-15
6189.7148	3.40E-15
6191.7158	3.40E-15
6193.7158	3.39E-15
6195.7168	3.39E-15
6197.7168	3.39E-15
6199.7178	3.39E-15
6201.7178	3.39E-15
6203.7192	3.40E-15
6205.7202	3.40E-15
6207.7202	3.39E-15
6209.7212	3.39E-15
6211.7212	3.38E-15
6213.7222	3.37E-15
6215.7222	3.37E-15
6217.7231	3.37E-15
6219.7241	3.37E-15
6221.7231	3.37E-15
6223.7241	3.37E-15
6225.7241	3.37E-15
6227.7251	3.36E-15
6229.7261	3.36E-15
6231.7261	3.35E-15
6233.7271	3.35E-15
6235.7271	3.34E-15
6237.728	3.34E-15
6239.728	3.34E-15
6241.729	3.34E-15
6243.729	3.33E-15
6245.73	3.33E-15
6247.73	3.33E-15
6249.731	3.33E-15
6251.731	3.33E-15
6253.7319	3.33E-15
6255.7319	3.33E-15
6257.7329	3.32E-15
6259.7339	3.32E-15
6261.7339	3.31E-15
6263.7349	3.30E-15
6265.7349	3.29E-15
6267.7358	3.28E-15
6269.7358	3.27E-15
6271.7358	3.26E-15
6273.7368	3.25E-15
6275.7368	3.24E-15
6277.7378	3.23E-15
6279.7378	3.23E-15
6281.7388	3.23E-15
6283.7402	3.23E-15
6285.7402	3.23E-15
6287.7412	3.24E-15
6289.7412	3.24E-15
6291.7422	3.24E-15
6293.7422	3.24E-15
6295.7432	3.24E-15
6297.7441	3.24E-15
6299.7441	3.24E-15
6301.7451	3.25E-15
6303.7451	3.25E-15
6305.7461	3.25E-15
6307.7461	3.26E-15
6309.7471	3.26E-15
6311.748	3.26E-15
6313.748	3.26E-15
6315.749	3.26E-15
6317.749	3.25E-15
6319.75	3.25E-15
6321.75	3.26E-15
6323.75	3.26E-15
6325.751	3.27E-15
6327.752	3.29E-15
6329.752	3.30E-15
6331.7529	3.31E-15
6333.7529	3.32E-15
6335.7529	3.33E-15
6337.7539	3.34E-15
6339.7539	3.34E-15
6341.7549	3.33E-15
6343.7549	3.32E-15
6345.7559	3.31E-15
6347.7568	3.29E-15
6349.7568	3.26E-15
6351.7578	3.25E-15
6353.7578	3.23E-15
6355.7588	3.22E-15
6357.7588	3.21E-15
6359.7598	3.21E-15
6361.7598	3.20E-15
6363.7612	3.19E-15
6365.7622	3.20E-15
6367.7622	3.20E-15
6369.7632	3.19E-15
6371.7632	3.19E-15
6373.7642	3.18E-15
6375.7642	3.19E-15
6377.7651	3.19E-15
6379.7661	3.19E-15
6381.7661	3.19E-15
6383.7671	3.19E-15
6385.7671	3.19E-15
6387.7681	3.19E-15
6389.7681	3.19E-15
6391.769	3.19E-15
6393.77	3.18E-15
6395.77	3.18E-15
6397.771	3.18E-15
6399.771	3.18E-15
6401.771	3.18E-15
6403.772	3.18E-15
6405.772	3.18E-15
6407.7729	3.17E-15
6409.7739	3.16E-15
6411.7739	3.16E-15
6413.7749	3.15E-15
6415.7749	3.14E-15
6417.7759	3.14E-15
6419.7759	3.14E-15
6421.7769	3.15E-15
6423.7778	3.14E-15
6425.7778	3.13E-15
6427.7788	3.13E-15
6429.7788	3.12E-15
6431.7798	3.12E-15
6433.7798	3.11E-15
6435.7808	3.11E-15
6437.7822	3.11E-15
6439.7822	3.11E-15
6441.7832	3.10E-15
6443.7832	3.10E-15
6445.7842	3.10E-15
6447.7842	3.09E-15
6449.7852	3.09E-15
6451.7852	3.09E-15
6453.7852	3.09E-15
6455.7861	3.08E-15
6457.7861	3.08E-15
6459.7871	3.08E-15
6461.7881	3.08E-15
6463.7881	3.08E-15
6465.7891	3.08E-15
6467.7891	3.07E-15
6469.79	3.07E-15
6471.79	3.06E-15
6473.791	3.06E-15
6475.791	3.05E-15
6477.792	3.05E-15
6479.792	3.04E-15
6481.793	3.04E-15
6483.793	3.04E-15
6485.7939	3.04E-15
6487.7939	3.04E-15
6489.7949	3.04E-15
6491.7959	3.04E-15
6493.7959	3.04E-15
6495.7969	3.04E-15
6497.7969	3.04E-15
6499.7979	3.04E-15
6501.7979	3.04E-15
6503.7988	3.03E-15
6505.7988	3.03E-15
6507.7998	3.02E-15
6509.8008	3.01E-15
6511.8008	3.01E-15
6513.8018	3.00E-15
6515.8018	2.99E-15
6517.8032	2.99E-15
6519.8032	2.98E-15
6521.8042	2.98E-15
6523.8052	2.98E-15
6525.8052	2.97E-15
6527.8062	2.97E-15
6529.8062	2.97E-15
6531.8071	2.97E-15
6533.8071	2.96E-15
6535.8081	2.96E-15
6537.8091	2.94E-15
6539.8091	2.94E-15
6541.8101	2.93E-15
6543.8101	2.93E-15
6545.811	2.92E-15
6547.811	2.92E-15
6549.812	2.91E-15
6551.813	2.90E-15
6553.813	2.90E-15
6555.813	2.90E-15
6557.814	2.89E-15
6559.814	2.88E-15
6561.8149	2.88E-15
6563.8149	2.87E-15
6565.8159	2.86E-15
6567.8169	2.86E-15
6569.8169	2.86E-15
6571.8179	2.86E-15
6573.8179	2.86E-15
6575.8188	2.86E-15
6577.8188	2.86E-15
6579.8188	2.86E-15
6581.8198	2.85E-15
6583.8198	2.84E-15
6585.8208	2.84E-15
6587.8208	2.84E-15
6589.8218	2.84E-15
6591.8232	2.84E-15
6593.8232	2.84E-15
6595.8242	2.83E-15
6597.8242	2.83E-15
6599.8252	2.83E-15
6601.8252	2.82E-15
6603.8262	2.82E-15
6605.8271	2.82E-15
6607.8271	2.82E-15
6609.8281	2.82E-15
6611.8281	2.82E-15
6613.8291	2.81E-15
6615.8291	2.81E-15
6617.8301	2.81E-15
6619.8301	2.80E-15
6621.8311	2.80E-15
6623.832	2.79E-15
6625.832	2.79E-15
6627.833	2.78E-15
6629.833	2.78E-15
6631.833	2.78E-15
6633.834	2.78E-15
6635.835	2.77E-15
6637.835	2.76E-15
6639.8359	2.76E-15
6641.8359	2.75E-15
6643.8369	2.74E-15
6645.8369	2.74E-15
6647.8379	2.73E-15
6649.8379	2.71E-15
6651.8389	2.70E-15
6653.8398	2.68E-15
6655.8398	2.65E-15
6657.8408	2.62E-15
6659.8408	2.59E-15
6661.8418	2.55E-15
6663.8418	2.51E-15
6665.8428	2.48E-15
6667.8442	2.44E-15
6669.8442	2.40E-15
6671.8452	2.36E-15
6673.8452	2.34E-15
6675.8462	2.32E-15
6677.8462	2.30E-15
6679.8472	2.31E-15
6681.8481	2.33E-15
6683.8481	2.35E-15
6685.8491	2.38E-15
6687.8491	2.42E-15
6689.8501	2.46E-15
6691.8501	2.49E-15
6693.8511	2.52E-15
6695.8521	2.55E-15
6697.8521	2.57E-15
6699.853	2.58E-15
6701.853	2.60E-15
6703.854	2.61E-15
6705.854	2.62E-15
6707.854	2.63E-15
6709.854	2.63E-15
6711.855	2.64E-15
6713.855	2.64E-15
6715.856	2.64E-15
6717.856	2.64E-15
6719.8569	2.63E-15
6721.8579	2.63E-15
6723.8579	2.63E-15
6725.8589	2.63E-15
6727.8589	2.63E-15
6729.8599	2.62E-15
6731.8599	2.62E-15
6733.8608	2.62E-15
6735.8618	2.62E-15
6737.8618	2.62E-15
6739.8628	2.62E-15
6741.8628	2.61E-15
6743.8638	2.61E-15
6745.8638	2.61E-15
6747.8652	2.61E-15
6749.8652	2.60E-15
6751.8662	2.60E-15
6753.8672	2.60E-15
6755.8672	2.60E-15
6757.8682	2.60E-15
6759.8682	2.59E-15
6761.8691	2.59E-15
6763.8691	2.59E-15
6765.8701	2.58E-15
6767.8711	2.58E-15
6769.8711	2.58E-15
6771.8721	2.58E-15
6773.8721	2.58E-15
6775.873	2.58E-15
6777.873	2.58E-15
6779.874	2.58E-15
6781.875	2.57E-15
6783.875	2.57E-15
6785.875	2.57E-15
6787.876	2.57E-15
6789.876	2.56E-15
6791.877	2.56E-15
6793.877	2.55E-15
6795.8779	2.55E-15
6797.8789	2.55E-15
6799.8789	2.54E-15
6801.8799	2.54E-15
6803.8799	2.53E-15
6805.8809	2.53E-15
6807.8809	2.52E-15
6809.8818	2.52E-15
6811.8828	2.52E-15
6813.8828	2.52E-15
6815.8838	2.51E-15
6817.8838	2.51E-15
6819.8848	2.51E-15
6821.8848	2.51E-15
6823.8862	2.51E-15
6825.8862	2.51E-15
6827.8872	2.50E-15
6829.8882	2.50E-15
6831.8882	2.50E-15
6833.8892	2.49E-15
6835.8892	2.49E-15
6837.8901	2.48E-15
6839.8901	2.48E-15
6841.8911	2.48E-15
6843.8921	2.48E-15
6845.8921	2.48E-15
6847.8931	2.48E-15
6849.8931	2.48E-15
6851.8931	2.47E-15
6853.894	2.47E-15
6855.894	2.47E-15
6857.895	2.46E-15
6859.895	2.46E-15
6861.896	2.46E-15
6863.896	2.46E-15
6865.896	2.45E-15
6867.897	2.45E-15
6869.8979	2.45E-15
6871.8979	2.45E-15
6873.8989	2.45E-15
6875.8989	2.44E-15
6877.8999	2.44E-15
6879.8999	2.44E-15
6881.9009	2.44E-15
6883.9019	2.43E-15
6885.9019	2.43E-15
6887.9028	2.43E-15
6889.9028	2.43E-15
6891.9038	2.42E-15
6893.9038	2.42E-15
6895.9048	2.42E-15
6897.9058	2.42E-15
6899.9058	2.42E-15
6901.9072	2.42E-15
6903.9072	2.41E-15
6905.9082	2.41E-15
6907.9082	2.41E-15
6909.9092	2.41E-15
6911.9092	2.40E-15
6913.9102	2.40E-15
6915.9111	2.40E-15
6917.9111	2.40E-15
6919.9121	2.40E-15
6921.9121	2.40E-15
6923.9131	2.39E-15
6925.9131	2.39E-15
6927.9141	2.39E-15
6929.915	2.39E-15
6931.915	2.38E-15
6933.916	2.38E-15
6935.916	2.38E-15
6937.917	2.38E-15
6939.917	2.38E-15
6941.917	2.37E-15
6943.918	2.37E-15
6945.9189	2.37E-15
6947.9189	2.37E-15
6949.9199	2.37E-15
6951.9199	2.37E-15
6953.9209	2.36E-15
6955.9209	2.36E-15
6957.9219	2.36E-15
6959.9229	2.36E-15
6961.9229	2.37E-15
6963.9238	2.37E-15
6965.9238	2.37E-15
6967.9248	2.36E-15
6969.9248	2.36E-15
6971.9258	2.35E-15
6973.9268	2.35E-15
6975.9268	2.34E-15
6977.9282	2.34E-15
6979.9282	2.34E-15
6981.9292	2.33E-15
6983.9292	2.33E-15
6985.9302	2.33E-15
6987.9312	2.33E-15
6989.9312	2.33E-15
6991.9321	2.33E-15
6993.9321	2.33E-15
6995.9331	2.33E-15
6997.9331	2.32E-15
6999.9341	2.32E-15
7001.9341	2.32E-15
7003.9341	2.32E-15
7005.9351	2.32E-15
7007.9351	2.31E-15
7009.936	2.31E-15
7011.936	2.30E-15
7013.937	2.30E-15
7015.938	2.30E-15
7017.938	2.30E-15
7019.938	2.29E-15
7021.939	2.29E-15
7023.939	2.29E-15
7025.9399	2.28E-15
7027.9399	2.28E-15
7029.9409	2.27E-15
7031.9419	2.27E-15
7033.9419	2.26E-15
7035.9429	2.24E-15
7037.9429	2.24E-15
7039.9438	2.23E-15
7041.9438	2.22E-15
7043.9448	2.20E-15
7045.9458	2.19E-15
7047.9458	2.17E-15
7049.9468	2.15E-15
7051.9468	2.13E-15
7053.9482	2.11E-15
7055.9482	2.09E-15
7057.9492	2.07E-15
7059.9502	2.06E-15
7061.9502	2.05E-15
7063.9512	2.06E-15
7065.9512	2.07E-15
7067.9521	2.08E-15
7069.9521	2.10E-15
7071.9531	2.12E-15
7073.9531	2.15E-15
7075.9541	2.17E-15
7077.9551	2.19E-15
7079.9551	2.21E-15
7081.9561	2.22E-15
7083.9561	2.23E-15
7085.957	2.24E-15
7087.957	2.24E-15
7089.958	2.25E-15
7091.958	2.26E-15
7093.959	2.26E-15
7095.959	2.26E-15
7097.96	2.27E-15
7099.96	2.27E-15
7101.9609	2.27E-15
7103.9609	2.27E-15
7105.9619	2.26E-15
7107.9629	2.26E-15
7109.9629	2.26E-15
7111.9639	2.26E-15
7113.9639	2.26E-15
7115.9648	2.26E-15
7117.9648	2.26E-15
7119.9658	2.27E-15
7121.9668	2.26E-15
7123.9668	2.26E-15
7125.9678	2.26E-15
7127.9678	2.26E-15
7129.9692	2.26E-15
7131.9692	2.25E-15
7133.9702	2.25E-15
7135.9712	2.25E-15
7137.9712	2.24E-15
7139.9722	2.24E-15
7141.9722	2.24E-15
7143.9731	2.23E-15
7145.9731	2.23E-15
7147.9741	2.23E-15
7149.9741	2.22E-15
7151.9751	2.21E-15
7153.9761	2.21E-15
7155.9761	2.20E-15
7157.9771	2.20E-15
7159.9771	2.19E-15
7161.978	2.19E-15
7163.978	2.19E-15
7165.978	2.18E-15
7167.979	2.18E-15
7169.979	2.17E-15
7171.979	2.17E-15
7173.98	2.16E-15
7175.98	2.16E-15
7177.981	2.15E-15
7179.9819	2.15E-15
7181.9819	2.14E-15
7183.9829	2.14E-15
7185.9829	2.14E-15
7187.9839	2.15E-15
7189.9839	2.15E-15
7191.9849	2.15E-15
7193.9858	2.16E-15
7195.9858	2.16E-15
7197.9868	2.16E-15
7199.9868	2.16E-15
7201.9878	2.16E-15
7203.9878	2.17E-15
7205.9888	2.17E-15
7207.9888	2.18E-15
7209.9902	2.18E-15
7211.9912	2.18E-15
7213.9912	2.18E-15
7215.9922	2.18E-15
7217.9922	2.17E-15
7219.9932	2.17E-15
7221.9932	2.16E-15
7223.9941	2.15E-15
7225.9951	2.14E-15
7227.9951	2.14E-15
7229.9961	2.13E-15
7231.9961	2.13E-15
7233.9971	2.13E-15
7235.9971	2.13E-15
7237.998	2.13E-15
7239.999	2.13E-15
7241.999	2.13E-15
7244	2.13E-15
7246	2.12E-15
7248	2.12E-15
7250.001	2.11E-15
7252.001	2.10E-15
7254.002	2.10E-15
7256.0029	2.09E-15
7258.0029	2.09E-15
7260.0039	2.09E-15
7262.0039	2.09E-15
7264.0049	2.08E-15
7266.0049	2.08E-15
7268.0059	2.08E-15
7270.0068	2.08E-15
7272.0068	2.07E-15
7274.0078	2.07E-15
7276.0078	2.07E-15
7278.0088	2.07E-15
7280.0088	2.07E-15
7282.0098	2.06E-15
7284.0098	2.06E-15
7286.0112	2.06E-15
7288.0122	2.06E-15
7290.0122	2.05E-15
7292.0132	2.06E-15
7294.0132	2.06E-15
7296.0142	2.05E-15
7298.0142	2.05E-15
7300.0151	2.05E-15
7302.0161	2.05E-15
7304.0161	2.05E-15
7306.0171	2.05E-15
7308.0171	2.06E-15
7310.0181	2.06E-15
7312.0181	2.06E-15
7314.019	2.08E-15
7316.02	2.09E-15
7318.02	2.09E-15
7320.021	2.09E-15
7322.021	2.09E-15
7324.021	2.09E-15
7326.022	2.09E-15
7328.022	2.08E-15
7330.0229	2.08E-15
7332.0239	2.08E-15
7334.0239	2.08E-15
7336.0239	2.08E-15
7338.0239	2.08E-15
7340.0249	2.08E-15
7342.0249	2.08E-15
7344.0259	2.08E-15
7346.0269	2.07E-15
7348.0269	2.07E-15
7350.0278	2.06E-15
7352.0278	2.06E-15
7354.0288	2.05E-15
7356.0288	2.05E-15
7358.0298	2.05E-15
7360.0308	2.05E-15
7362.0308	2.05E-15
7364.0322	2.05E-15
7366.0322	2.06E-15
7368.0332	2.06E-15
7370.0332	2.06E-15
7372.0342	2.06E-15
7374.0352	2.06E-15
7376.0352	2.06E-15
7378.0361	2.05E-15
7380.0361	2.05E-15
7382.0371	2.04E-15
7384.0371	2.04E-15
7386.0381	2.04E-15
7388.0381	2.03E-15
7390.0391	2.03E-15
7392.04	2.02E-15
7394.04	2.02E-15
7396.041	2.02E-15
7398.041	2.01E-15
7400.042	2.01E-15
7402.042	2.01E-15
7404.043	2.00E-15
7406.043	2.01E-15
7408.0439	2.01E-15
7410.0439	2.01E-15
7412.0449	2.01E-15
7414.0449	2.00E-15
7416.0459	2.00E-15
7418.0459	2.00E-15
7420.0469	2.00E-15
7422.0479	1.99E-15
7424.0479	1.99E-15
7426.0488	1.99E-15
7428.0488	1.99E-15
7430.0498	1.99E-15
7432.0498	1.99E-15
7434.0508	1.99E-15
7436.0518	1.99E-15
7438.0518	1.99E-15
7440.0532	1.99E-15
7442.0532	1.98E-15
7444.0542	1.97E-15
7446.0542	1.97E-15
7448.0552	1.96E-15
7450.0562	1.96E-15
7452.0562	1.96E-15
7454.0571	1.96E-15
7456.0571	1.96E-15
7458.0581	1.96E-15
7460.0581	1.96E-15
7462.0591	1.96E-15
7464.0591	1.95E-15
7466.0601	1.95E-15
7468.061	1.95E-15
7470.061	1.94E-15
7472.062	1.94E-15
7474.062	1.94E-15
7476.063	1.93E-15
7478.063	1.93E-15
7480.063	1.93E-15
7482.064	1.93E-15
7484.0649	1.92E-15
7486.0649	1.92E-15
7488.0659	1.92E-15
7490.0659	1.92E-15
7492.0669	1.92E-15
7494.0669	1.92E-15
7496.0679	1.91E-15
7498.0688	1.92E-15
7500.0688	1.92E-15
7502.0698	1.92E-15
7504.0698	1.91E-15
7506.0708	1.91E-15
7508.0708	1.91E-15
7510.0718	1.91E-15
7512.0732	1.90E-15
7514.0732	1.90E-15
7516.0742	1.90E-15
7518.0742	1.89E-15
7520.0752	1.89E-15
7522.0742	1.89E-15
7524.0752	1.89E-15
7526.0762	1.89E-15
7528.0762	1.89E-15
7530.0771	1.89E-15
7532.0771	1.88E-15
7534.0781	1.88E-15
7536.0781	1.88E-15
7538.0791	1.88E-15
7540.0801	1.88E-15
7542.0801	1.87E-15
7544.0811	1.87E-15
7546.0811	1.87E-15
7548.082	1.87E-15
7550.082	1.86E-15
7552.083	1.86E-15
7554.083	1.86E-15
7556.084	1.86E-15
7558.084	1.86E-15
7560.085	1.85E-15
7562.085	1.85E-15
7564.0859	1.85E-15
7566.0859	1.85E-15
7568.0869	1.85E-15
7570.0869	1.85E-15
7572.0879	1.84E-15
7574.0889	1.84E-15
7576.0889	1.84E-15
7578.0898	1.84E-15
7580.0898	1.84E-15
7582.0908	1.83E-15
7584.0908	1.83E-15
7586.0918	1.83E-15
7588.0928	1.83E-15
7590.0928	1.83E-15
7592.0942	1.83E-15
7594.0942	1.82E-15
7596.0952	1.82E-15
7598.0952	1.82E-15
7600.0962	1.82E-15
7602.0972	1.82E-15
7604.0972	1.82E-15
7606.0981	1.81E-15
7608.0981	1.81E-15
7610.0991	1.81E-15
7612.0991	1.81E-15
7614.1001	1.81E-15
7616.1001	1.80E-15
7618.1011	1.80E-15
7620.1021	1.80E-15
7622.1021	1.80E-15
7624.103	1.80E-15
7626.103	1.79E-15
7628.104	1.79E-15
7630.104	1.79E-15
7632.105	1.79E-15
7634.105	1.79E-15
7636.106	1.78E-15
7638.106	1.78E-15
7640.1069	1.78E-15
7642.1069	1.78E-15
7644.1079	1.78E-15
7646.1079	1.78E-15
7648.1089	1.77E-15
7650.1099	1.77E-15
7652.1099	1.77E-15
7654.1108	1.77E-15
7656.1108	1.77E-15
7658.1118	1.76E-15
7660.1118	1.76E-15
7662.1128	1.76E-15
7664.1138	1.76E-15
7666.1138	1.76E-15
7668.1152	1.76E-15
7670.1152	1.75E-15
7672.1162	1.75E-15
7674.1162	1.75E-15
7676.1172	1.75E-15
7678.1172	1.75E-15
7680.1182	1.75E-15
7682.1191	1.74E-15
7684.1191	1.74E-15
7686.1201	1.74E-15
7688.1201	1.74E-15
7690.1211	1.74E-15
7692.1211	1.73E-15
7694.1221	1.74E-15
7696.123	1.74E-15
7698.123	1.74E-15
7700.124	1.74E-15
7702.124	1.74E-15
7704.125	1.73E-15
7706.125	1.73E-15
7708.125	1.73E-15
7710.126	1.72E-15
7712.127	1.72E-15
7714.127	1.71E-15
7716.1279	1.71E-15
7718.1279	1.70E-15
7720.1289	1.70E-15
7722.1279	1.70E-15
7724.1289	1.70E-15
7726.1299	1.70E-15
7728.1299	1.70E-15
7730.1309	1.70E-15
7732.1309	1.70E-15
7734.1318	1.70E-15
7736.1318	1.70E-15
7738.1328	1.70E-15
7740.1338	1.70E-15
7742.1338	1.70E-15
7744.1348	1.70E-15
7746.1348	1.70E-15
7748.1362	1.69E-15
7750.1362	1.70E-15
7752.1372	1.69E-15
7754.1382	1.68E-15
7756.1382	1.68E-15
7758.1392	1.67E-15
7760.1392	1.67E-15
7762.1401	1.67E-15
7764.1401	1.67E-15
7766.1411	1.67E-15
7768.1411	1.67E-15
7770.1421	1.68E-15
7772.1431	1.68E-15
7774.1431	1.68E-15
7776.144	1.68E-15
7778.144	1.67E-15
7780.145	1.67E-15
7782.145	1.67E-15
7784.146	1.67E-15
7786.146	1.67E-15
7788.147	1.68E-15
7790.147	1.68E-15
7792.1479	1.68E-15
7794.1479	1.68E-15
7796.1489	1.67E-15
7798.1489	1.66E-15
7800.1499	1.66E-15
7802.1509	1.65E-15
7804.1509	1.64E-15
7806.1519	1.64E-15
7808.1519	1.64E-15
7810.1528	1.63E-15
7812.1528	1.64E-15
7814.1538	1.64E-15
7816.1548	1.64E-15
7818.1548	1.65E-15
7820.1558	1.65E-15
7822.1558	1.66E-15
7824.1572	1.66E-15
7826.1572	1.65E-15
7828.1582	1.64E-15
7830.1582	1.64E-15
7832.1592	1.63E-15
7834.1602	1.63E-15
7836.1602	1.63E-15
7838.1611	1.63E-15
7840.1611	1.64E-15
7842.1621	1.64E-15
7844.1621	1.64E-15
7846.1631	1.64E-15
7848.1641	1.64E-15
7850.1641	1.64E-15
7852.165	1.63E-15
7854.165	1.63E-15
7856.166	1.64E-15
7858.166	1.64E-15
7860.167	1.64E-15
7862.167	1.64E-15
7864.168	1.64E-15
7866.168	1.64E-15
7868.1689	1.64E-15
7870.1689	1.63E-15
7872.1699	1.62E-15
7874.1699	1.61E-15
7876.1709	1.61E-15
7878.1719	1.60E-15
7880.1719	1.60E-15
7882.1729	1.60E-15
7884.1729	1.60E-15
7886.1738	1.60E-15
7888.1738	1.61E-15
7890.1748	1.61E-15
7892.1748	1.61E-15
7894.1758	1.61E-15
7896.1768	1.61E-15
7898.1768	1.61E-15
7900.1782	1.60E-15
7902.1782	1.59E-15
7904.1792	1.59E-15
7906.1792	1.58E-15
7908.1802	1.58E-15
7910.1812	1.59E-15
7912.1812	1.59E-15
7914.1821	1.59E-15
7916.1821	1.59E-15
7918.1831	1.59E-15
7920.1831	1.60E-15
7922.1841	1.60E-15
7924.1851	1.59E-15
7926.1851	1.59E-15
7928.186	1.59E-15
7930.186	1.59E-15
7932.187	1.59E-15
7934.187	1.59E-15
7936.188	1.59E-15
7938.188	1.58E-15
7940.188	1.58E-15
7942.188	1.57E-15
7944.189	1.57E-15
7946.189	1.57E-15
7948.1899	1.58E-15
7950.1899	1.58E-15
7952.1909	1.59E-15
7954.1919	1.59E-15
7956.1919	1.60E-15
7958.1929	1.60E-15
7960.1929	1.59E-15
7962.1938	1.59E-15
7964.1938	1.59E-15
7966.1948	1.59E-15
7968.1948	1.58E-15
7970.1958	1.57E-15
7972.1968	1.56E-15
7974.1968	1.55E-15
7976.1982	1.55E-15
7978.1982	1.54E-15
7980.1992	1.54E-15
7982.1992	1.53E-15
7984.2002	1.54E-15
7986.2012	1.54E-15
7988.2012	1.54E-15
7990.2021	1.54E-15
7992.2021	1.55E-15
7994.2031	1.55E-15
7996.2031	1.55E-15
7998.2041	1.55E-15
8000.2041	1.55E-15
8002.2051	1.55E-15
8004.2061	1.56E-15
8006.2061	1.55E-15
8008.207	1.55E-15
8010.207	1.55E-15
8012.208	1.55E-15
8014.208	1.55E-15
8016.209	1.54E-15
8018.209	1.54E-15
8020.21	1.54E-15
8022.21	1.53E-15
8024.2109	1.53E-15
8026.2109	1.53E-15
8028.2119	1.54E-15
8030.2119	1.54E-15
8032.2129	1.54E-15
8034.2139	1.54E-15
8036.2139	1.55E-15
8038.2148	1.54E-15
8040.2148	1.54E-15
8042.2158	1.53E-15
8044.2158	1.52E-15
8046.2168	1.52E-15
8048.2178	1.52E-15
8050.2178	1.52E-15
8052.2192	1.52E-15
8054.2192	1.52E-15
8056.2202	1.52E-15
8058.2202	1.52E-15
8060.2212	1.52E-15
8062.2212	1.52E-15
8064.2222	1.52E-15
8066.2231	1.52E-15
8068.2231	1.52E-15
8070.2241	1.52E-15
8072.2241	1.52E-15
8074.2251	1.52E-15
8076.2251	1.51E-15
8078.2261	1.51E-15
8080.2271	1.50E-15
8082.2271	1.50E-15
8084.228	1.51E-15
8086.228	1.50E-15
8088.229	1.51E-15
8090.229	1.51E-15
8092.229	1.51E-15
8094.23	1.50E-15
8096.231	1.50E-15
8098.231	1.49E-15
8100.2319	1.49E-15
8102.2319	1.49E-15
8104.2329	1.49E-15
8106.2329	1.49E-15
8108.2339	1.49E-15
8110.2349	1.48E-15
8112.2349	1.48E-15
8114.2358	1.48E-15
8116.2358	1.47E-15
8118.2368	1.47E-15
8120.2368	1.47E-15
8122.2378	1.46E-15
8124.2378	1.46E-15
8126.2388	1.45E-15
8128.2402	1.45E-15
8130.2402	1.45E-15
8132.2412	1.45E-15
8134.2412	1.44E-15
8136.2422	1.44E-15
8138.2422	1.44E-15
8140.2432	1.44E-15
8142.2441	1.43E-15
8144.2441	1.43E-15
8146.2451	1.43E-15
8148.2451	1.43E-15
8150.2461	1.42E-15
8152.2461	1.42E-15
8154.2471	1.42E-15
8156.248	1.42E-15
8158.248	1.42E-15
8160.249	1.42E-15
8162.249	1.42E-15
8164.25	1.42E-15
8166.25	1.42E-15
8168.25	1.43E-15
8170.251	1.43E-15
8172.252	1.44E-15
8174.252	1.44E-15
8176.252	1.44E-15
8178.252	1.44E-15
8180.2529	1.44E-15
8182.2529	1.44E-15
8184.2539	1.44E-15
8186.2539	1.44E-15
8188.2549	1.43E-15
8190.2559	1.43E-15
8192.2559	1.43E-15
8194.2568	1.42E-15
8196.2578	1.42E-15
8198.2578	1.43E-15
8200.2588	1.43E-15
8202.2588	1.43E-15
8204.2598	1.43E-15
8206.2598	1.42E-15
8208.2607	1.42E-15
8210.2617	1.41E-15
8212.2617	1.41E-15
8214.2627	1.40E-15
8216.2627	1.40E-15
8218.2637	1.40E-15
8220.2637	1.39E-15
8222.2646	1.39E-15
8224.2646	1.39E-15
8226.2656	1.39E-15
8228.2666	1.40E-15
8230.2666	1.41E-15
8232.2676	1.42E-15
8234.2676	1.42E-15
8236.2686	1.43E-15
8238.2686	1.44E-15
8240.2695	1.44E-15
8242.2715	1.44E-15
8244.2715	1.44E-15
8246.2715	1.44E-15
8248.2715	1.43E-15
8250.2725	1.42E-15
8252.2725	1.42E-15
8254.2725	1.41E-15
8256.2725	1.40E-15
8258.2734	1.40E-15
8260.2744	1.40E-15
8262.2744	1.40E-15
8264.2754	1.39E-15
8266.2754	1.39E-15
8268.2764	1.38E-15
8270.2764	1.37E-15
8272.2773	1.37E-15
8274.2783	1.36E-15
8276.2783	1.36E-15
8278.2793	1.36E-15
8280.2793	1.36E-15
8282.2803	1.36E-15
8284.2803	1.36E-15
8286.2812	1.36E-15
8288.2822	1.36E-15
8290.2822	1.36E-15
8292.2832	1.36E-15
8294.2832	1.36E-15
8296.2842	1.37E-15
8298.2842	1.37E-15
8300.2852	1.37E-15
8302.2852	1.37E-15
8304.2861	1.37E-15
8306.2871	1.37E-15
8308.2871	1.37E-15
8310.2881	1.37E-15
8312.2881	1.38E-15
8314.2891	1.38E-15
8316.2891	1.38E-15
8318.29	1.38E-15
8320.291	1.38E-15
8322.291	1.38E-15
8324.292	1.38E-15
8326.292	1.38E-15
8328.293	1.38E-15
8330.293	1.38E-15
8332.2939	1.39E-15
8334.2939	1.39E-15
8336.2949	1.39E-15
8338.2959	1.39E-15
8340.2959	1.38E-15
8342.2969	1.37E-15
8344.2969	1.37E-15
8346.2979	1.37E-15
8348.2979	1.36E-15
8350.2988	1.36E-15
8352.2998	1.36E-15
8354.2998	1.36E-15
8356.3008	1.36E-15
8358.3008	1.36E-15
8360.3018	1.36E-15
8362.3018	1.35E-15
8364.3027	1.35E-15
8366.3037	1.35E-15
8368.3037	1.35E-15
8370.3047	1.35E-15
8372.3047	1.35E-15
8374.3057	1.35E-15
8376.3057	1.35E-15
8378.3066	1.35E-15
8380.3066	1.35E-15
8382.3076	1.36E-15
8384.3086	1.36E-15
8386.3086	1.36E-15
8388.3096	1.36E-15
8390.3096	1.35E-15
8392.3105	1.35E-15
8394.3105	1.35E-15
8396.3115	1.35E-15
8398.3135	1.34E-15
8400.3135	1.34E-15
8402.3135	1.34E-15
8404.3135	1.34E-15
8406.3145	1.34E-15
8408.3145	1.34E-15
8410.3154	1.34E-15
8412.3154	1.34E-15
8414.3164	1.34E-15
8416.3174	1.34E-15
8418.3174	1.34E-15
8420.3184	1.33E-15
8422.3184	1.33E-15
8424.3193	1.33E-15
8426.3193	1.33E-15
8428.3203	1.33E-15
8430.3213	1.33E-15
8432.3213	1.34E-15
8434.3223	1.34E-15
8436.3213	1.34E-15
8438.3223	1.34E-15
8440.3223	1.35E-15
8442.3232	1.35E-15
8444.3232	1.34E-15
8446.3242	1.34E-15
8448.3252	1.33E-15
8450.3252	1.33E-15
8452.3262	1.32E-15
8454.3262	1.32E-15
8456.3271	1.31E-15
8458.3271	1.31E-15
8460.3281	1.31E-15
8462.3291	1.30E-15
8464.3291	1.30E-15
8466.3301	1.30E-15
8468.3301	1.31E-15
8470.3311	1.31E-15
8472.3311	1.31E-15
8474.332	1.31E-15
8476.332	1.31E-15
8478.333	1.31E-15
8480.334	1.30E-15
8482.334	1.30E-15
8484.335	1.30E-15
8486.335	1.30E-15
8488.3359	1.30E-15
8490.3359	1.30E-15
8492.3369	1.30E-15
8494.3379	1.30E-15
8496.3379	1.30E-15
8498.3389	1.30E-15
8500.3389	1.30E-15
8502.3398	1.31E-15
8504.3398	1.31E-15
8506.3408	1.31E-15
8508.3418	1.31E-15
8510.3418	1.30E-15
8512.3428	1.30E-15
8514.3428	1.30E-15
8516.3438	1.29E-15
8518.3438	1.29E-15
8520.3447	1.29E-15
8522.3447	1.29E-15
8524.3457	1.29E-15
8526.3467	1.30E-15
8528.3467	1.30E-15
8530.3477	1.30E-15
8532.3477	1.31E-15
8534.3486	1.31E-15
8536.3486	1.32E-15
8538.3496	1.32E-15
8540.3506	1.32E-15
8542.3506	1.32E-15
8544.3516	1.32E-15
8546.3516	1.31E-15
8548.3525	1.31E-15
8550.3525	1.30E-15
8552.3535	1.30E-15
8554.3535	1.29E-15
8556.3535	1.28E-15
8558.3555	1.28E-15
8560.3555	1.27E-15
8562.3564	1.27E-15
8564.3564	1.26E-15
8566.3574	1.26E-15
8568.3574	1.26E-15
8570.3584	1.25E-15
8572.3594	1.25E-15
8574.3594	1.25E-15
8576.3604	1.25E-15
8578.3604	1.25E-15
8580.3613	1.25E-15
8582.3613	1.25E-15
8584.3623	1.25E-15
8586.3623	1.25E-15
8588.3633	1.24E-15
8590.3643	1.24E-15
8592.3643	1.24E-15
8594.3652	1.24E-15
8596.3652	1.24E-15
8598.3662	1.23E-15
8600.3662	1.24E-15
8602.3672	1.24E-15
8604.3682	1.24E-15
8606.3682	1.24E-15
8608.3691	1.24E-15
8610.3691	1.25E-15
8612.3701	1.24E-15
8614.3701	1.24E-15
8616.3711	1.24E-15
8618.3721	1.24E-15
8620.3721	1.23E-15
8622.373	1.23E-15
8624.373	1.23E-15
8626.374	1.22E-15
8628.374	1.22E-15
8630.375	1.21E-15
8632.375	1.21E-15
8634.376	1.21E-15
8636.377	1.21E-15
8638.377	1.21E-15
8640.3779	1.21E-15
8642.3779	1.21E-15
8644.3789	1.21E-15
8646.3789	1.21E-15
8648.3799	1.22E-15
8650.3809	1.22E-15
8652.3809	1.23E-15
8654.3818	1.23E-15
8656.3818	1.24E-15
8658.3828	1.24E-15
8660.3828	1.25E-15
8662.3838	1.25E-15
8664.3838	1.25E-15
8666.3848	1.24E-15
8668.3857	1.24E-15
8670.3857	1.23E-15
8672.3867	1.22E-15
8674.3867	1.22E-15
8676.3877	1.21E-15
8678.3877	1.20E-15
8680.3887	1.19E-15
8682.3896	1.19E-15
8684.3896	1.18E-15
8686.3906	1.18E-15
8688.3906	1.17E-15
8690.3916	1.17E-15
8692.3916	1.18E-15
8694.3926	1.18E-15
8696.3926	1.19E-15
8698.3936	1.19E-15
8700.3945	1.20E-15
8702.3945	1.20E-15
8704.3965	1.20E-15
8706.3965	1.20E-15
8708.3965	1.20E-15
8710.3965	1.19E-15
8712.3975	1.19E-15
8714.3984	1.18E-15
8716.3984	1.18E-15
8718.3994	1.18E-15
8720.3994	1.18E-15
8722.3994	1.18E-15
8724.3994	1.18E-15
8726.4004	1.18E-15
8728.4004	1.18E-15
8730.4014	1.18E-15
8732.4023	1.17E-15
8734.4023	1.17E-15
8736.4033	1.16E-15
8738.4033	1.16E-15
8740.4043	1.15E-15
8742.4043	1.15E-15
8744.4053	1.14E-15
8746.4062	1.14E-15
8748.4062	1.14E-15
8750.4072	1.13E-15
8752.4072	1.13E-15
8754.4082	1.13E-15
8756.4082	1.13E-15
8758.4092	1.12E-15
8760.4092	1.12E-15
8762.4102	1.12E-15
8764.4111	1.12E-15
8766.4111	1.11E-15
8768.4121	1.11E-15
8770.4121	1.11E-15
8772.4131	1.12E-15
8774.4131	1.12E-15
8776.4141	1.13E-15
8778.415	1.14E-15
8780.415	1.15E-15
8782.416	1.15E-15
8784.416	1.15E-15
8786.417	1.15E-15
8788.417	1.15E-15
8790.418	1.15E-15
8792.418	1.16E-15
8794.4189	1.16E-15
8796.4199	1.16E-15
8798.4199	1.15E-15
8800.4209	1.16E-15
8809.043	1.14E-15
8823.7471	1.14E-15
8838.4756	1.13E-15
8853.2305	1.12E-15
8868.0078	1.12E-15
8882.8105	1.11E-15
8897.6377	1.11E-15
8912.4893	1.10E-15
8927.3662	1.09E-15
8942.2686	1.09E-15
8957.1943	1.08E-15
8972.1465	1.08E-15
8987.1221	1.07E-15
9002.124	1.06E-15
9017.1504	1.06E-15
9032.2021	1.05E-15
9047.2773	1.05E-15
9062.3789	1.04E-15
9077.5068	1.03E-15
9092.6582	1.03E-15
9107.8359	1.02E-15
9123.0381	1.02E-15
9138.2676	1.01E-15
9153.5215	1.00E-15
9168.7998	9.99E-16
9184.1055	9.94E-16
9199.4355	9.88E-16
9214.791	9.82E-16
9230.1729	9.77E-16
9245.5791	9.71E-16
9261.0117	9.66E-16
9276.4707	9.60E-16
9291.9551	9.55E-16
9307.4648	9.50E-16
9323.002	9.44E-16
9338.5635	9.39E-16
9354.1523	9.34E-16
9369.7656	9.28E-16
9385.4053	9.23E-16
9401.0713	9.18E-16
9416.7637	9.13E-16
9432.4814	9.07E-16
9448.2266	9.02E-16
9463.9971	8.97E-16
9479.7959	8.92E-16
9495.6191	8.87E-16
9511.4697	8.82E-16
9527.3457	8.77E-16
9543.249	8.72E-16
9559.1787	8.67E-16
9575.1357	8.62E-16
9591.1182	8.57E-16
9607.1279	8.52E-16
9623.1641	8.48E-16
9639.2275	8.43E-16
9655.3164	8.38E-16
9671.4336	8.33E-16
9687.5771	8.28E-16
9703.748	8.24E-16
9719.9453	8.19E-16
9736.1699	8.14E-16
9752.4219	8.10E-16
9768.7012	8.05E-16
9785.0068	8.00E-16
9801.3389	7.96E-16
9817.7002	7.91E-16
9834.0869	7.87E-16
9850.5029	7.82E-16
9866.9453	7.78E-16
9883.415	7.73E-16
9899.9131	7.69E-16
9916.4385	7.65E-16
9932.9902	7.60E-16
9949.5703	7.56E-16
9966.1777	7.51E-16
9982.8145	7.47E-16
9999.4775	7.43E-16
10016.1699	7.39E-16
10032.8896	7.34E-16
10049.6299	7.30E-16
10066.4102	7.26E-16
10083.21	7.22E-16
10100.04	7.18E-16
10116.9004	7.14E-16
10133.79	7.09E-16
10150.71	7.05E-16
10167.6504	7.01E-16
10184.6201	6.97E-16
10201.6201	6.93E-16
10218.6504	6.89E-16
10235.71	6.85E-16
10252.79	6.81E-16
10269.9102	6.77E-16
10287.0498	6.74E-16
10304.2197	6.70E-16
10321.4199	6.66E-16
10338.6504	6.62E-16
10355.9102	6.58E-16
10373.1904	6.54E-16
10390.5098	6.51E-16
10407.8496	6.47E-16
10425.2197	6.43E-16
10442.6299	6.39E-16
10460.0596	6.36E-16
10477.5195	6.32E-16
10495.0098	6.28E-16
10512.5195	6.25E-16
10530.0703	6.21E-16
10547.6504	6.18E-16
10565.2598	6.14E-16
10582.8896	6.10E-16
10600.5596	6.07E-16
10618.25	6.03E-16
10635.9697	6.00E-16
10653.7305	5.96E-16
10671.5098	5.93E-16
10689.3301	5.89E-16
10707.1699	5.86E-16
10725.04	5.83E-16
10742.9404	5.79E-16
10760.8799	5.76E-16
10778.8301	5.73E-16
10796.8301	5.69E-16
10814.8496	5.66E-16
10832.9004	5.63E-16
10850.9805	5.59E-16
10869.0996	5.56E-16
10887.2402	5.53E-16
10905.4102	5.50E-16
10923.6201	5.46E-16
10941.8496	5.43E-16
10960.1104	5.40E-16
10978.4102	5.37E-16
10996.7402	5.34E-16
11015.0898	5.31E-16
11033.4805	5.28E-16
11051.8896	5.25E-16
11070.3398	5.22E-16
11088.8203	5.18E-16
11107.3301	5.15E-16
11125.8701	5.12E-16
11144.4404	5.09E-16
11163.04	5.06E-16
11181.6797	5.04E-16
11200.3398	5.01E-16
11219.04	4.98E-16
11237.7695	4.95E-16
11256.5195	4.92E-16
11275.3096	4.89E-16
11294.1299	4.86E-16
11312.9902	4.83E-16
11331.8701	4.80E-16
11350.79	4.78E-16
11369.7305	4.75E-16
11388.71	4.72E-16
11407.7197	4.69E-16
11426.7598	4.67E-16
11445.8301	4.64E-16
11464.9404	4.61E-16
11484.0801	4.58E-16
11503.25	4.56E-16
11522.4502	4.53E-16
11541.6797	4.50E-16
11560.9502	4.48E-16
11580.25	4.45E-16
11599.5801	4.42E-16
11618.9404	4.40E-16
11638.3301	4.37E-16
11657.7598	4.35E-16
11677.2197	4.32E-16
11696.71	4.30E-16
11716.2305	4.27E-16
11735.79	4.25E-16
11755.3799	4.22E-16
11775	4.20E-16
11794.6602	4.17E-16
11814.3496	4.15E-16
11834.0703	4.12E-16
11853.8203	4.10E-16
11873.6104	4.07E-16
11893.4297	4.05E-16
11913.2803	4.03E-16
11933.1602	4.00E-16
11953.0801	3.98E-16
11973.04	3.96E-16
11993.0195	3.93E-16
