3200	1.2791E-13
3201	1.2748E-13
3202	1.3664E-13
3203	1.4511E-13
3204	1.4502E-13
3205	1.4493E-13
3206	1.4538E-13
3207	1.4569E-13
3208	1.456E-13
3209	1.451E-13
3210	1.4542E-13
3211	1.4586E-13
3212	1.4617E-13
3213	1.4662E-13
3214	1.4346E-13
3215	1.3604E-13
3216	1.3188E-13
3217	1.3475E-13
3218	1.3729E-13
3219	1.3696E-13
3220	1.3662E-13
3221	1.3882E-13
3222	1.4092E-13
3223	1.4083E-13
3224	1.4049E-13
3225	1.4092E-13
3226	1.4148E-13
3227	1.4165E-13
3228	1.4156E-13
3229	1.3992E-13
3230	1.369E-13
3231	1.3594E-13
3232	1.3825E-13
3233	1.4048E-13
3234	1.4169E-13
3235	1.4278E-13
3236	1.3996E-13
3237	1.3719E-13
3238	1.3411E-13
3239	1.3086E-13
3240	1.303E-13
3241	1.2962E-13
3242	1.3038E-13
3243	1.3114E-13
3244	1.3057E-13
3245	1.287E-13
3246	1.2803E-13
3247	1.2914E-13
3248	1.2847E-13
3249	1.2352E-13
3250	1.1996E-13
3251	1.2257E-13
3252	1.2466E-13
3253	1.2163E-13
3254	1.1835E-13
3255	1.1905E-13
3256	1.203E-13
3257	1.1945E-13
3258	1.1785E-13
3259	1.1777E-13
3260	1.1901E-13
3261	1.1993E-13
3262	1.2063E-13
3263	1.2011E-13
3264	1.1687E-13
3265	1.1478E-13
3266	1.1502E-13
3267	1.1548E-13
3268	1.1691E-13
3269	1.1803E-13
3270	1.1677E-13
3271	1.1541E-13
3272	1.1588E-13
3273	1.1698E-13
3274	1.1767E-13
3275	1.1814E-13
3276	1.1506E-13
3277	1.0941E-13
3278	1.0578E-13
3279	1.0571E-13
3280	1.0663E-13
3281	1.0955E-13
3282	1.1265E-13
3283	1.131E-13
3284	1.1377E-13
3285	1.1496E-13
3286	1.1638E-13
3287	1.1524E-13
3288	1.137E-13
3289	1.1342E-13
3290	1.1388E-13
3291	1.1152E-13
3292	1.0703E-13
3293	1.053E-13
3294	1.068E-13
3295	1.0792E-13
3296	1.0816E-13
3297	1.0809E-13
3298	1.0703E-13
3299	1.0609E-13
3300	1.0789E-13
3301	1.0963E-13
3302	1.0936E-13
3303	1.0889E-13
3304	1.0923E-13
3305	1.0967E-13
3306	1.089E-13
3307	1.0714E-13
3308	1.0639E-13
3309	1.0632E-13
3310	1.0577E-13
3311	1.0464E-13
3312	1.0362E-13
3313	1.0403E-13
3314	1.0445E-13
3315	1.0324E-13
3316	1.0223E-13
3317	1.0426E-13
3318	1.0643E-13
3319	1.0775E-13
3320	1.0888E-13
3321	1.0792E-13
3322	1.0578E-13
3323	1.0524E-13
3324	1.0634E-13
3325	1.0667E-13
3326	1.0524E-13
3327	1.0402E-13
3328	1.0262E-13
3329	1.0125E-13
3330	1.0119E-13
3331	1.0113E-13
3332	1.0125E-13
3333	1.0147E-13
3334	1.0113E-13
3335	1.007E-13
3336	1.0166E-13
3337	1.0368E-13
3338	1.041E-13
3339	1.0327E-13
3340	1.0255E-13
3341	1.0164E-13
3342	1.0139E-13
3343	1.0331E-13
3344	1.0507E-13
3345	1.0608E-13
3346	1.0739E-13
3347	1.0882E-13
3348	1.1037E-13
3349	1.099E-13
3350	1.0903E-13
3351	1.0926E-13
3352	1.097E-13
3353	1.0954E-13
3354	1.0877E-13
3355	1.0642E-13
3356	1.0204E-13
3357	9.9567E-14
3358	1.0277E-13
3359	1.0597E-13
3360	1.0798E-13
3361	1.0982E-13
3362	1.0855E-13
3363	1.0709E-13
3364	1.0743E-13
3365	1.0836E-13
3366	1.0809E-13
3367	1.0753E-13
3368	1.0678E-13
3369	1.0622E-13
3370	1.0499E-13
3371	1.0226E-13
3372	1.0043E-13
3373	1.0083E-13
3374	1.0114E-13
3375	9.9603E-14
3376	9.8269E-14
3377	9.8846E-14
3378	9.9885E-14
3379	1.0084E-13
3380	1.019E-13
3381	1.0147E-13
3382	1.0029E-13
3383	9.9774E-14
3384	9.9715E-14
3385	9.9839E-14
3386	1.0024E-13
3387	1.0083E-13
3388	1.0302E-13
3389	1.0411E-13
3390	1E-13
3391	9.6065E-14
3392	9.6896E-14
3393	9.7736E-14
3394	9.9128E-14
3395	1.0063E-13
3396	9.9194E-14
3397	9.6168E-14
3398	9.4705E-14
3399	9.4215E-14
3400	9.3986E-14
3401	9.4104E-14
3402	9.4309E-14
3403	9.4427E-14
3404	9.4371E-14
3405	9.2424E-14
3406	9.0434E-14
3407	9.1554E-14
3408	9.2944E-14
3409	9.3663E-14
3410	9.4387E-14
3411	9.3726E-14
3412	9.2471E-14
3413	9.1064E-14
3414	8.9267E-14
3415	8.8805E-14
3416	8.974E-14
3417	9.0851E-14
3418	9.2146E-14
3419	9.2944E-14
3420	8.986E-14
3421	8.6799E-14
3422	8.7874E-14
3423	8.9126E-14
3424	9.0231E-14
3425	9.118E-14
3426	8.9217E-14
3427	8.586E-14
3428	8.3857E-14
3429	8.3039E-14
3430	8.261E-14
3431	8.279E-14
3432	8.3124E-14
3433	8.4464E-14
3434	8.5511E-14
3435	8.4599E-14
3436	8.3775E-14
3437	8.7269E-14
3438	9.1329E-14
3439	9.1613E-14
3440	9.0971E-14
3441	9.0334E-14
3442	8.9867E-14
3443	8.8909E-14
3444	8.7075E-14
3445	8.6306E-14
3446	8.6654E-14
3447	8.7566E-14
3448	9.0383E-14
3449	9.2861E-14
3450	9.2466E-14
3451	9.1988E-14
3452	9.3385E-14
3453	9.4891E-14
3454	9.4924E-14
3455	9.4607E-14
3456	9.3772E-14
3457	9.2432E-14
3458	9.1869E-14
3459	9.1985E-14
3460	9.1932E-14
3461	9.1121E-14
3462	9.0233E-14
3463	8.8862E-14
3464	8.7592E-14
3465	8.8515E-14
3466	8.9282E-14
3467	8.7844E-14
3468	8.6112E-14
3469	8.7018E-14
3470	8.9076E-14
3471	8.9354E-14
3472	8.832E-14
3473	8.7541E-14
3474	8.6929E-14
3475	8.632E-14
3476	8.6111E-14
3477	8.5825E-14
3478	8.5381E-14
3479	8.5018E-14
3480	8.4579E-14
3481	8.4142E-14
3482	8.4872E-14
3483	8.5766E-14
3484	8.5875E-14
3485	8.5588E-14
3486	8.5539E-14
3487	8.549E-14
3488	8.5678E-14
3489	8.5787E-14
3490	8.558E-14
3491	8.4435E-14
3492	8.3305E-14
3493	8.3258E-14
3494	8.298E-14
3495	8.3469E-14
3496	8.4194E-14
3497	8.4456E-14
3498	8.4641E-14
3499	8.5533E-14
3500	8.6593E-14
3501	8.7667E-14
3502	8.8346E-14
3503	8.854E-14
3504	8.7921E-14
3505	8.6745E-14
3506	8.5191E-14
3507	8.3282E-14
3508	8.1941E-14
3509	8.0696E-14
3510	8.1923E-14
3511	8.3629E-14
3512	8.4511E-14
3513	8.5401E-14
3514	8.5353E-14
3515	8.4367E-14
3516	8.4086E-14
3517	8.4038E-14
3518	8.4068E-14
3519	8.433E-14
3520	8.4282E-14
3521	8.3693E-14
3522	8.3108E-14
3523	8.2908E-14
3524	8.2861E-14
3525	8.3119E-14
3526	8.3687E-14
3527	8.3255E-14
3528	8.2293E-14
3529	8.1868E-14
3530	8.1822E-14
3531	8.0952E-14
3532	7.9283E-14
3533	7.7863E-14
3534	7.7533E-14
3535	7.6991E-14
3536	7.6453E-14
3537	7.6059E-14
3538	7.518E-14
3539	7.4518E-14
3540	7.593E-14
3541	7.7869E-14
3542	7.9054E-14
3543	7.952E-14
3544	7.911E-14
3545	7.7837E-14
3546	7.7009E-14
3547	7.6471E-14
3548	7.5937E-14
3549	7.5406E-14
3550	7.5018E-14
3551	7.5949E-14
3552	7.7032E-14
3553	7.7344E-14
3554	7.7444E-14
3555	7.7901E-14
3556	7.8433E-14
3557	7.8389E-14
3558	7.8128E-14
3559	7.83E-14
3560	7.8763E-14
3561	7.8864E-14
3562	7.8169E-14
3563	7.7766E-14
3564	7.8731E-14
3565	7.9708E-14
3566	7.9006E-14
3567	7.8454E-14
3568	7.9574E-14
3569	8.0933E-14
3570	8.022E-14
3571	7.8278E-14
3572	7.8234E-14
3573	7.9718E-14
3574	8.0559E-14
3575	8.0811E-14
3576	8.084E-14
3577	8.072E-14
3578	8.0379E-14
3579	7.9965E-14
3580	7.9406E-14
3581	7.8345E-14
3582	7.7298E-14
3583	7.6265E-14
3584	7.5524E-14
3585	7.611E-14
3586	7.7625E-14
3587	7.794E-14
3588	7.7182E-14
3589	7.6291E-14
3590	7.548E-14
3591	7.5091E-14
3592	7.5674E-14
3593	7.6332E-14
3594	7.5939E-14
3595	7.5548E-14
3596	7.6486E-14
3597	7.765E-14
3598	7.7749E-14
3599	7.7349E-14
3600	7.6527E-14
3601	7.5435E-14
3602	7.4633E-14
3603	7.4112E-14
3604	7.3867E-14
3605	7.4853E-14
3606	7.5922E-14
3607	7.7576E-14
3608	7.9193E-14
3609	7.6921E-14
3610	7.444E-14
3611	7.4605E-14
3612	7.5323E-14
3613	7.5142E-14
3614	7.4412E-14
3615	7.4097E-14
3616	7.3716E-14
3617	7.3337E-14
3618	7.2357E-14
3619	7.172E-14
3620	7.2477E-14
3621	7.3378E-14
3622	7.4152E-14
3623	7.5004E-14
3624	7.5032E-14
3625	7.4921E-14
3626	7.3785E-14
3627	7.2331E-14
3628	7.2092E-14
3629	7.2853E-14
3630	7.3014E-14
3631	7.2305E-14
3632	7.1801E-14
3633	7.1761E-14
3634	7.1722E-14
3635	7.2479E-14
3636	7.3244E-14
3637	7.134E-14
3638	6.955E-14
3639	6.9383E-14
3640	6.9537E-14
3641	6.9948E-14
3642	7.0492E-14
3643	7.0453E-14
3644	7.0091E-14
3645	6.9731E-14
3646	6.9245E-14
3647	6.8952E-14
3648	6.8598E-14
3649	6.8434E-14
3650	6.8966E-14
3651	6.9374E-14
3652	6.9208E-14
3653	6.8853E-14
3654	6.7933E-14
3655	6.6719E-14
3656	6.6559E-14
3657	6.7077E-14
3658	6.766E-14
3659	6.8627E-14
3660	6.9033E-14
3661	6.8237E-14
3662	6.7326E-14
3663	6.6857E-14
3664	6.6269E-14
3665	6.6355E-14
3666	6.6441E-14
3667	6.6834E-14
3668	6.7416E-14
3669	6.7503E-14
3670	6.7033E-14
3671	6.675E-14
3672	6.6652E-14
3673	6.6616E-14
3674	6.6887E-14
3675	6.7159E-14
3676	6.6999E-14
3677	6.6655E-14
3678	6.6742E-14
3679	6.6705E-14
3680	6.6241E-14
3681	6.5658E-14
3682	6.5622E-14
3683	6.5829E-14
3684	6.5672E-14
3685	6.5094E-14
3686	6.4344E-14
3687	6.3485E-14
3688	6.2754E-14
3689	6.3009E-14
3690	6.3208E-14
3691	6.3758E-14
3692	6.4372E-14
3693	6.4515E-14
3694	6.4778E-14
3695	6.5161E-14
3696	6.5427E-14
3697	6.5211E-14
3698	6.4638E-14
3699	6.4011E-14
3700	6.3682E-14
3701	6.3824E-14
3702	6.4915E-14
3703	6.6026E-14
3704	6.5385E-14
3705	6.493E-14
3706	6.5315E-14
3707	6.5702E-14
3708	6.5666E-14
3709	6.551E-14
3710	6.4874E-14
3711	6.4009E-14
3712	6.3446E-14
3713	6.3529E-14
3714	6.3378E-14
3715	6.2937E-14
3716	6.2498E-14
3717	6.2063E-14
3718	6.1575E-14
3719	6.2398E-14
3720	6.3173E-14
3721	6.314E-14
3722	6.3106E-14
3723	6.3072E-14
3724	6.3154E-14
3725	6.3822E-14
3726	6.4794E-14
3727	6.5298E-14
3728	6.4963E-14
3729	6.463E-14
3730	6.4596E-14
3731	6.4442E-14
3732	6.3465E-14
3733	6.2446E-14
3734	6.2585E-14
3735	6.2898E-14
3736	6.3155E-14
3737	6.3412E-14
3738	6.3671E-14
3739	6.3754E-14
3740	6.3838E-14
3741	6.3686E-14
3742	6.336E-14
3743	6.2803E-14
3744	6.2251E-14
3745	6.2161E-14
3746	6.2128E-14
3747	6.3074E-14
3748	6.4154E-14
3749	6.3825E-14
3750	6.2974E-14
3751	6.323E-14
3752	6.3841E-14
3753	6.3983E-14
3754	6.3362E-14
3755	6.3096E-14
3756	6.3295E-14
3757	6.3436E-14
3758	6.3637E-14
3759	6.3779E-14
3760	6.4039E-14
3761	6.4005E-14
3762	6.3971E-14
3763	6.3937E-14
3764	6.3727E-14
3765	6.34E-14
3766	6.2728E-14
3767	6.1607E-14
3768	6.0898E-14
3769	6.0865E-14
3770	6.0721E-14
3771	6.0801E-14
3772	6.088E-14
3773	6.0736E-14
3774	6.0592E-14
3775	6.0393E-14
3776	6.025E-14
3777	6.0496E-14
3778	6.0967E-14
3779	6.0711E-14
3780	6.0122E-14
3781	5.954E-14
3782	5.9289E-14
3783	5.9095E-14
3784	5.9227E-14
3785	5.9414E-14
3786	5.8892E-14
3787	5.8375E-14
3788	5.797E-14
3789	5.7567E-14
3790	5.7272E-14
3791	5.7084E-14
3792	5.7106E-14
3793	5.7445E-14
3794	5.7521E-14
3795	5.7121E-14
3796	5.6933E-14
3797	5.7271E-14
3798	5.7506E-14
3799	5.7106E-14
3800	5.6709E-14
3801	5.7309E-14
3802	5.7916E-14
3803	5.7513E-14
3804	5.6851E-14
3805	5.6821E-14
3806	5.7053E-14
3807	5.7498E-14
3808	5.784E-14
3809	5.8183E-14
3810	5.826E-14
3811	5.839E-14
3812	5.836E-14
3813	5.8329E-14
3814	5.8514E-14
3815	5.8645E-14
3816	5.8453E-14
3817	5.8315E-14
3818	5.7803E-14
3819	5.7033E-14
3820	5.6845E-14
3821	5.6973E-14
3822	5.7048E-14
3823	5.6913E-14
3824	5.6726E-14
3825	5.6592E-14
3826	5.6459E-14
3827	5.5912E-14
3828	5.5421E-14
3829	5.5597E-14
3830	5.5927E-14
3831	5.6156E-14
3832	5.623E-14
3833	5.6253E-14
3834	5.6171E-14
3835	5.6142E-14
3836	5.6268E-14
3837	5.6343E-14
3838	5.621E-14
3839	5.6025E-14
3840	5.5636E-14
3841	5.525E-14
3842	5.5221E-14
3843	5.5091E-14
3844	5.5572E-14
3845	5.6264E-14
3846	5.6598E-14
3847	5.6673E-14
3848	5.6539E-14
3849	5.625E-14
3850	5.6118E-14
3851	5.6089E-14
3852	5.6266E-14
3853	5.6134E-14
3854	5.6104E-14
3855	5.6075E-14
3856	5.6046E-14
3857	5.612E-14
3858	5.6246E-14
3859	5.6217E-14
3860	5.6188E-14
3861	5.5901E-14
3862	5.5258E-14
3863	5.4774E-14
3864	5.4594E-14
3865	5.4365E-14
3866	5.3839E-14
3867	5.3465E-14
3868	5.3586E-14
3869	5.3904E-14
3870	5.3877E-14
3871	5.3948E-14
3872	5.3821E-14
3873	5.3644E-14
3874	5.3272E-14
3875	5.2903E-14
3876	5.2632E-14
3877	5.2751E-14
3878	5.2724E-14
3879	5.2891E-14
3880	5.301E-14
3881	5.2983E-14
3882	5.2955E-14
3883	5.2588E-14
3884	5.2223E-14
3885	5.2196E-14
3886	5.2362E-14
3887	5.2576E-14
3888	5.2646E-14
3889	5.2765E-14
3890	5.2932E-14
3891	5.3052E-14
3892	5.3122E-14
3893	5.3242E-14
3894	5.3411E-14
3895	5.3531E-14
3896	5.3356E-14
3897	5.323E-14
3898	5.3105E-14
3899	5.3078E-14
3900	5.3051E-14
3901	5.3121E-14
3902	5.3339E-14
3903	5.3508E-14
3904	5.3827E-14
3905	5.4297E-14
3906	5.4621E-14
3907	5.4142E-14
3908	5.3717E-14
3909	5.3739E-14
3910	5.391E-14
3911	5.3882E-14
3912	5.3657E-14
3913	5.358E-14
3914	5.3701E-14
3915	5.3574E-14
3916	5.3399E-14
3917	5.3127E-14
3918	5.3002E-14
3919	5.2877E-14
3920	5.2704E-14
3921	5.2581E-14
3922	5.2554E-14
3923	5.2527E-14
3924	5.2067E-14
3925	5.1563E-14
3926	5.13E-14
3927	5.1274E-14
3928	5.139E-14
3929	5.1364E-14
3930	5.1432E-14
3931	5.1311E-14
3932	5.1285E-14
3933	5.1448E-14
3934	5.1565E-14
3935	5.1301E-14
3936	5.1181E-14
3937	5.1249E-14
3938	5.146E-14
3939	5.1624E-14
3940	5.174E-14
3941	5.1809E-14
3942	5.1545E-14
3943	5.1329E-14
3944	5.1398E-14
3945	5.1467E-14
3946	5.1583E-14
3947	5.1557E-14
3948	5.1389E-14
3949	5.108E-14
3950	5.0913E-14
3951	5.0653E-14
3952	5.0441E-14
3953	5.0184E-14
3954	5.0159E-14
3955	5.0365E-14
3956	5.0432E-14
3957	4.9944E-14
3958	4.9598E-14
3959	4.93E-14
3960	4.9049E-14
3961	4.9205E-14
3962	4.9407E-14
3963	4.9382E-14
3964	4.9267E-14
3965	4.9151E-14
3966	4.8991E-14
3967	4.8876E-14
3968	4.8941E-14
3969	4.8827E-14
3970	4.8802E-14
3971	4.8553E-14
3972	4.844E-14
3973	4.8282E-14
3974	4.808E-14
3975	4.7923E-14
3976	4.7899E-14
3977	4.7963E-14
3978	4.8294E-14
3979	4.8671E-14
3980	4.9187E-14
3981	4.9709E-14
3982	4.9868E-14
3983	4.8888E-14
3984	4.7927E-14
3985	4.7771E-14
3986	4.7659E-14
3987	4.7635E-14
3988	4.7611E-14
3989	4.7807E-14
3990	4.8092E-14
3991	4.8379E-14
3992	4.8802E-14
3993	4.8958E-14
3994	4.8619E-14
3995	4.8282E-14
3996	4.8036E-14
3997	4.7836E-14
3998	4.7812E-14
3999	4.7788E-14
4000	4.7764E-14
4001	4.7828E-14
4002	4.7892E-14
4003	4.8001E-14
4004	4.8065E-14
4005	4.813E-14
4006	4.815E-14
4007	4.8082E-14
4008	4.797E-14
4009	4.8078E-14
4010	4.8143E-14
4011	4.8119E-14
4012	4.7962E-14
4013	4.7762E-14
4014	4.7519E-14
4015	4.7408E-14
4016	4.7384E-14
4017	4.723E-14
4018	4.7119E-14
4019	4.688E-14
4020	4.6555E-14
4021	4.6361E-14
4022	4.6595E-14
4023	4.6873E-14
4024	4.7066E-14
4025	4.7347E-14
4026	4.7149E-14
4027	4.6909E-14
4028	4.6972E-14
4029	4.7079E-14
4030	4.6926E-14
4031	4.6816E-14
4032	4.6707E-14
4033	4.677E-14
4034	4.6747E-14
4035	4.6594E-14
4036	4.6485E-14
4037	4.6079E-14
4038	4.5634E-14
4039	4.5822E-14
4040	4.6011E-14
4041	4.5988E-14
4042	4.5965E-14
4043	4.5942E-14
4044	4.6089E-14
4045	4.6066E-14
4046	4.5959E-14
4047	4.5852E-14
4048	4.5702E-14
4049	4.568E-14
4050	4.5868E-14
4051	4.6057E-14
4052	4.5739E-14
4053	4.5297E-14
4054	4.5274E-14
4055	4.5377E-14
4056	4.5355E-14
4057	4.5332E-14
4058	4.531E-14
4059	4.5371E-14
4060	4.5349E-14
4061	4.5243E-14
4062	4.5096E-14
4063	4.5074E-14
4064	4.5176E-14
4065	4.5237E-14
4066	4.534E-14
4067	4.5193E-14
4068	4.5088E-14
4069	4.4859E-14
4070	4.4754E-14
4071	4.4732E-14
4072	4.4875E-14
4073	4.4853E-14
4074	4.4748E-14
4075	4.4644E-14
4076	4.4295E-14
4077	4.3989E-14
4078	4.3967E-14
4079	4.3945E-14
4080	4.4045E-14
4081	4.4105E-14
4082	4.4165E-14
4083	4.4143E-14
4084	4.3878E-14
4085	4.3375E-14
4086	4.2956E-14
4087	4.2935E-14
4088	4.2835E-14
4089	4.3091E-14
4090	4.3269E-14
4091	4.3049E-14
4092	4.2751E-14
4093	4.2613E-14
4094	4.2513E-14
4095	4.2492E-14
4096	4.2472E-14
4097	4.2373E-14
4098	4.2274E-14
4099	4.2215E-14
4100	4.2194E-14
4101	4.2174E-14
4102	4.2075E-14
4103	4.1978E-14
4104	4.1957E-14
4105	4.2014E-14
4106	4.1916E-14
4107	4.1896E-14
4108	4.1876E-14
4109	4.1855E-14
4110	4.1835E-14
4111	4.1969E-14
4112	4.2142E-14
4113	4.2121E-14
4114	4.2101E-14
4115	4.2353E-14
4116	4.2528E-14
4117	4.2429E-14
4118	4.2291E-14
4119	4.2193E-14
4120	4.2056E-14
4121	4.2074E-14
4122	4.2209E-14
4123	4.2305E-14
4124	4.2285E-14
4125	4.2264E-14
4126	4.205E-14
4127	4.1836E-14
4128	4.1932E-14
4129	4.2066E-14
4130	4.1852E-14
4131	4.1678E-14
4132	4.1735E-14
4133	4.1792E-14
4134	4.181E-14
4135	4.1751E-14
4136	4.1769E-14
4137	4.2019E-14
4138	4.2154E-14
4139	4.1863E-14
4140	4.1651E-14
4141	4.1746E-14
4142	4.1918E-14
4143	4.1705E-14
4144	4.1417E-14
4145	4.1283E-14
4146	4.1263E-14
4147	4.1243E-14
4148	4.1337E-14
4149	4.1394E-14
4150	4.1374E-14
4151	4.1354E-14
4152	4.141E-14
4153	4.139E-14
4154	4.1294E-14
4155	4.1122E-14
4156	4.1065E-14
4157	4.1045E-14
4158	4.1025E-14
4159	4.1005E-14
4160	4.1024E-14
4161	4.108E-14
4162	4.106E-14
4163	4.0927E-14
4164	4.0832E-14
4165	4.0887E-14
4166	4.0905E-14
4167	4.1037E-14
4168	4.1131E-14
4169	4.0997E-14
4170	4.0789E-14
4171	4.077E-14
4172	4.0863E-14
4173	4.0844E-14
4174	4.0824E-14
4175	4.0729E-14
4176	4.0672E-14
4177	4.0653E-14
4178	4.0746E-14
4179	4.0801E-14
4180	4.052E-14
4181	4.024E-14
4182	4.0295E-14
4183	4.0387E-14
4184	4.0368E-14
4185	4.0498E-14
4186	4.0478E-14
4187	4.0459E-14
4188	4.0365E-14
4189	4.0272E-14
4190	4.0141E-14
4191	4.0233E-14
4192	4.0362E-14
4193	4.0269E-14
4194	4.0176E-14
4195	4.0231E-14
4196	4.0285E-14
4197	4.0266E-14
4198	4.0247E-14
4199	4.0228E-14
4200	4.032E-14
4201	4.0227E-14
4202	4.0023E-14
4203	3.982E-14
4204	3.9618E-14
4205	3.9454E-14
4206	3.958E-14
4207	3.9744E-14
4208	3.9652E-14
4209	3.9524E-14
4210	3.9615E-14
4211	3.9596E-14
4212	3.965E-14
4213	3.9631E-14
4214	3.954E-14
4215	3.9521E-14
4216	3.9502E-14
4217	3.9629E-14
4218	3.972E-14
4219	3.9446E-14
4220	3.9138E-14
4221	3.9227E-14
4222	3.939E-14
4223	3.9371E-14
4224	3.9353E-14
4225	3.9334E-14
4226	3.9315E-14
4227	3.9297E-14
4228	3.9278E-14
4229	3.9151E-14
4230	3.8881E-14
4231	3.8613E-14
4232	3.8595E-14
4233	3.8576E-14
4234	3.8558E-14
4235	3.8469E-14
4236	3.8522E-14
4237	3.8575E-14
4238	3.8592E-14
4239	3.8645E-14
4240	3.8627E-14
4241	3.8502E-14
4242	3.8413E-14
4243	3.8466E-14
4244	3.8554E-14
4245	3.843E-14
4246	3.827E-14
4247	3.8076E-14
4248	3.7814E-14
4249	3.7727E-14
4250	3.7709E-14
4251	3.776E-14
4252	3.7812E-14
4253	3.7795E-14
4254	3.7777E-14
4255	3.7864E-14
4256	3.7846E-14
4257	3.7828E-14
4258	3.781E-14
4259	3.7688E-14
4260	3.736E-14
4261	3.7034E-14
4262	3.6982E-14
4263	3.6965E-14
4264	3.705E-14
4265	3.7169E-14
4266	3.7255E-14
4267	3.7237E-14
4268	3.722E-14
4269	3.7202E-14
4270	3.7253E-14
4271	3.7339E-14
4272	3.7321E-14
4273	3.7201E-14
4274	3.7013E-14
4275	3.6927E-14
4276	3.6842E-14
4277	3.6757E-14
4278	3.6808E-14
4279	3.679E-14
4280	3.6773E-14
4281	3.6824E-14
4282	3.6875E-14
4283	3.6891E-14
4284	3.6705E-14
4285	3.6519E-14
4286	3.6368E-14
4287	3.6317E-14
4288	3.6167E-14
4289	3.615E-14
4290	3.6133E-14
4291	3.6116E-14
4292	3.6166E-14
4293	3.6083E-14
4294	3.6066E-14
4295	3.5883E-14
4296	3.5702E-14
4297	3.5554E-14
4298	3.5439E-14
4299	3.5358E-14
4300	3.5276E-14
4301	3.5227E-14
4302	3.5244E-14
4303	3.5292E-14
4304	3.5341E-14
4305	3.5389E-14
4306	3.5373E-14
4307	3.5357E-14
4308	3.5503E-14
4309	3.5585E-14
4310	3.5569E-14
4311	3.5552E-14
4312	3.5536E-14
4313	3.5421E-14
4314	3.5405E-14
4315	3.5388E-14
4316	3.5372E-14
4317	3.5193E-14
4318	3.5112E-14
4319	3.4934E-14
4320	3.479E-14
4321	3.4774E-14
4322	3.4758E-14
4323	3.4646E-14
4324	3.4566E-14
4325	3.4328E-14
4326	3.4092E-14
4327	3.3919E-14
4328	3.3748E-14
4329	3.3515E-14
4330	3.3132E-14
4331	3.2722E-14
4332	3.2348E-14
4333	3.2036E-14
4334	3.1904E-14
4335	3.1801E-14
4336	3.164E-14
4337	3.151E-14
4338	3.1408E-14
4339	3.1336E-14
4340	3.1379E-14
4341	3.151E-14
4342	3.1553E-14
4343	3.1539E-14
4344	3.1524E-14
4345	3.1597E-14
4346	3.1699E-14
4347	3.1772E-14
4348	3.1816E-14
4349	3.2007E-14
4350	3.2199E-14
4351	3.2392E-14
4352	3.2527E-14
4353	3.2572E-14
4354	3.2647E-14
4355	3.2692E-14
4356	3.2738E-14
4357	3.2813E-14
4358	3.2858E-14
4359	3.2934E-14
4360	3.3041E-14
4361	3.3117E-14
4362	3.3102E-14
4363	3.3086E-14
4364	3.3132E-14
4365	3.3209E-14
4366	3.3316E-14
4367	3.3454E-14
4368	3.3501E-14
4369	3.3424E-14
4370	3.3316E-14
4371	3.3301E-14
4372	3.3286E-14
4373	3.3271E-14
4374	3.3286E-14
4375	3.3332E-14
4376	3.3317E-14
4377	3.3455E-14
4378	3.3564E-14
4379	3.3641E-14
4380	3.3626E-14
4381	3.3518E-14
4382	3.3379E-14
4383	3.3272E-14
4384	3.3134E-14
4385	3.3028E-14
4386	3.3104E-14
4387	3.3211E-14
4388	3.3196E-14
4389	3.3181E-14
4390	3.3166E-14
4391	3.309E-14
4392	3.2983E-14
4393	3.2847E-14
4394	3.2832E-14
4395	3.2938E-14
4396	3.3075E-14
4397	3.3152E-14
4398	3.3259E-14
4399	3.3183E-14
4400	3.3015E-14
4401	3.294E-14
4402	3.2925E-14
4403	3.291E-14
4404	3.2895E-14
4405	3.288E-14
4406	3.2865E-14
4407	3.285E-14
4408	3.2835E-14
4409	3.282E-14
4410	3.2745E-14
4411	3.27E-14
4412	3.2565E-14
4413	3.246E-14
4414	3.2446E-14
4415	3.2431E-14
4416	3.2416E-14
4417	3.2491E-14
4418	3.2417E-14
4419	3.2313E-14
4420	3.2239E-14
4421	3.2076E-14
4422	3.2002E-14
4423	3.2195E-14
4424	3.2329E-14
4425	3.2314E-14
4426	3.2359E-14
4427	3.2255E-14
4428	3.2122E-14
4429	3.2108E-14
4430	3.2093E-14
4431	3.2079E-14
4432	3.2064E-14
4433	3.2109E-14
4434	3.2094E-14
4435	3.208E-14
4436	3.2006E-14
4437	3.1904E-14
4438	3.1978E-14
4439	3.2022E-14
4440	3.2067E-14
4441	3.2141E-14
4442	3.2126E-14
4443	3.1964E-14
4444	3.1891E-14
4445	3.1936E-14
4446	3.198E-14
4447	3.1966E-14
4448	3.1951E-14
4449	3.1878E-14
4450	3.1805E-14
4451	3.1791E-14
4452	3.1777E-14
4453	3.1762E-14
4454	3.1807E-14
4455	3.1792E-14
4456	3.1778E-14
4457	3.1706E-14
4458	3.1604E-14
4459	3.1473E-14
4460	3.1315E-14
4461	3.1215E-14
4462	3.1229E-14
4463	3.1273E-14
4464	3.1201E-14
4465	3.1159E-14
4466	3.1145E-14
4467	3.1073E-14
4468	3.1059E-14
4469	3.0988E-14
4470	3.0832E-14
4471	3.062E-14
4472	3.0466E-14
4473	3.0396E-14
4474	3.0327E-14
4475	3.0369E-14
4476	3.0412E-14
4477	3.0398E-14
4478	3.0385E-14
4479	3.0315E-14
4480	3.0246E-14
4481	3.0232E-14
4482	3.008E-14
4483	3.0011E-14
4484	2.9998E-14
4485	2.9984E-14
4486	2.9943E-14
4487	2.982E-14
4488	2.967E-14
4489	2.9466E-14
4490	2.9507E-14
4491	2.9576E-14
4492	2.9699E-14
4493	2.9878E-14
4494	2.9919E-14
4495	2.9906E-14
4496	2.981E-14
4497	2.9742E-14
4498	2.9674E-14
4499	2.9606E-14
4500	2.9566E-14
4501	2.9444E-14
4502	2.935E-14
4503	2.9337E-14
4504	2.9324E-14
4505	2.9257E-14
4506	2.919E-14
4507	2.9231E-14
4508	2.9272E-14
4509	2.934E-14
4510	2.9327E-14
4511	2.9314E-14
4512	2.9247E-14
4513	2.9207E-14
4514	2.9194E-14
4515	2.9181E-14
4516	2.9249E-14
4517	2.929E-14
4518	2.9223E-14
4519	2.9156E-14
4520	2.9144E-14
4521	2.9184E-14
4522	2.9172E-14
4523	2.9159E-14
4524	2.9146E-14
4525	2.9267E-14
4526	2.9362E-14
4527	2.9241E-14
4528	2.9148E-14
4529	2.927E-14
4530	2.9365E-14
4531	2.9244E-14
4532	2.9097E-14
4533	2.9084E-14
4534	2.9124E-14
4535	2.9138E-14
4536	2.9099E-14
4537	2.9032E-14
4538	2.878E-14
4539	2.8504E-14
4540	2.8439E-14
4541	2.8426E-14
4542	2.8545E-14
4543	2.8585E-14
4544	2.852E-14
4545	2.8428E-14
4546	2.8547E-14
4547	2.8719E-14
4548	2.8786E-14
4549	2.8641E-14
4550	2.8444E-14
4551	2.8354E-14
4552	2.8211E-14
4553	2.8147E-14
4554	2.8134E-14
4555	2.8018E-14
4556	2.7929E-14
4557	2.7865E-14
4558	2.7853E-14
4559	2.7892E-14
4560	2.7957E-14
4561	2.8048E-14
4562	2.8113E-14
4563	2.8153E-14
4564	2.814E-14
4565	2.8128E-14
4566	2.8038E-14
4567	2.7974E-14
4568	2.7962E-14
4569	2.8001E-14
4570	2.7989E-14
4571	2.7977E-14
4572	2.799E-14
4573	2.803E-14
4574	2.8069E-14
4575	2.8134E-14
4576	2.8122E-14
4577	2.7981E-14
4578	2.7891E-14
4579	2.7777E-14
4580	2.7637E-14
4581	2.7752E-14
4582	2.7843E-14
4583	2.7856E-14
4584	2.7818E-14
4585	2.7755E-14
4586	2.7743E-14
4587	2.7731E-14
4588	2.7591E-14
4589	2.7478E-14
4590	2.739E-14
4591	2.7328E-14
4592	2.7316E-14
4593	2.7354E-14
4594	2.7418E-14
4595	2.7507E-14
4596	2.7495E-14
4597	2.7483E-14
4598	2.7371E-14
4599	2.7058E-14
4600	2.6922E-14
4601	2.6861E-14
4602	2.6898E-14
4603	2.7136E-14
4604	2.735E-14
4605	2.7338E-14
4606	2.7326E-14
4607	2.7264E-14
4608	2.7177E-14
4609	2.7115E-14
4610	2.7103E-14
4611	2.7091E-14
4612	2.708E-14
4613	2.7018E-14
4614	2.7006E-14
4615	2.692E-14
4616	2.6908E-14
4617	2.6897E-14
4618	2.6885E-14
4619	2.6873E-14
4620	2.6812E-14
4621	2.6752E-14
4622	2.674E-14
4623	2.6728E-14
4624	2.6643E-14
4625	2.6583E-14
4626	2.6449E-14
4627	2.634E-14
4628	2.6305E-14
4629	2.6537E-14
4630	2.6697E-14
4631	2.6734E-14
4632	2.6723E-14
4633	2.6662E-14
4634	2.6602E-14
4635	2.659E-14
4636	2.6579E-14
4637	2.6397E-14
4638	2.6095E-14
4639	2.5964E-14
4640	2.6241E-14
4641	2.6522E-14
4642	2.651E-14
4643	2.6548E-14
4644	2.6487E-14
4645	2.6476E-14
4646	2.6464E-14
4647	2.6502E-14
4648	2.6442E-14
4649	2.6357E-14
4650	2.6249E-14
4651	2.6165E-14
4652	2.6058E-14
4653	2.5975E-14
4654	2.5916E-14
4655	2.5905E-14
4656	2.5894E-14
4657	2.5978E-14
4658	2.5991E-14
4659	2.6028E-14
4660	2.6017E-14
4661	2.6053E-14
4662	2.609E-14
4663	2.6031E-14
4664	2.59E-14
4665	2.5841E-14
4666	2.5783E-14
4667	2.5772E-14
4668	2.5761E-14
4669	2.575E-14
4670	2.5786E-14
4671	2.5823E-14
4672	2.5717E-14
4673	2.5588E-14
4674	2.553E-14
4675	2.5448E-14
4676	2.532E-14
4677	2.5147E-14
4678	2.4883E-14
4679	2.4441E-14
4680	2.4206E-14
4681	2.442E-14
4682	2.4613E-14
4683	2.4332E-14
4684	2.4076E-14
4685	2.4155E-14
4686	2.4301E-14
4687	2.429E-14
4688	2.4235E-14
4689	2.4381E-14
4690	2.4642E-14
4691	2.4791E-14
4692	2.4666E-14
4693	2.4724E-14
4694	2.5127E-14
4695	2.5559E-14
4696	2.5666E-14
4697	2.5774E-14
4698	2.5527E-14
4699	2.5189E-14
4700	2.497E-14
4702	2.4995E-14
4704	2.502E-14
4706	2.5022E-14
4708	2.5047E-14
4710	2.5071E-14
4712	2.5119E-14
4714	2.5098E-14
4716	2.5077E-14
4718	2.5056E-14
4720	2.5034E-14
4722	2.5013E-14
4724	2.4923E-14
4726	2.4902E-14
4728	2.4835E-14
4730	2.4814E-14
4732	2.4747E-14
4734	2.4727E-14
4736	2.4683E-14
4738	2.4662E-14
4740	2.4641E-14
4742	2.4621E-14
4744	2.46E-14
4746	2.4647E-14
4748	2.4672E-14
4750	2.4651E-14
4752	2.463E-14
4754	2.4609E-14
4756	2.4543E-14
4758	2.4455E-14
4760	2.4345E-14
4762	2.4257E-14
4764	2.4148E-14
4766	2.4061E-14
4768	2.3997E-14
4770	2.4021E-14
4772	2.4023E-14
4774	2.4047E-14
4776	2.4027E-14
4778	2.4006E-14
4780	2.3942E-14
4782	2.3856E-14
4784	2.3792E-14
4786	2.3772E-14
4788	2.3753E-14
4790	2.3733E-14
4792	2.3713E-14
4794	2.3693E-14
4796	2.3673E-14
4798	2.3654E-14
4800	2.3569E-14
4802	2.3463E-14
4804	2.3378E-14
4806	2.3316E-14
4808	2.3297E-14
4810	2.3213E-14
4812	2.3108E-14
4814	2.3025E-14
4816	2.2922E-14
4818	2.2903E-14
4820	2.2884E-14
4822	2.2865E-14
4824	2.2846E-14
4826	2.2869E-14
4828	2.285E-14
4830	2.2831E-14
4832	2.2812E-14
4834	2.2751E-14
4836	2.267E-14
4838	2.2568E-14
4840	2.2487E-14
4842	2.2386E-14
4844	2.2264E-14
4846	2.2144E-14
4848	2.1943E-14
4850	2.1784E-14
4852	2.1566E-14
4854	2.1331E-14
4856	2.1157E-14
4858	2.0966E-14
4860	2.0814E-14
4862	2.0701E-14
4864	2.0589E-14
4866	2.0667E-14
4868	2.0688E-14
4870	2.0767E-14
4872	2.0941E-14
4874	2.1098E-14
4876	2.1257E-14
4878	2.1436E-14
4880	2.1656E-14
4882	2.1778E-14
4884	2.1761E-14
4886	2.1783E-14
4888	2.1805E-14
4890	2.1787E-14
4892	2.1769E-14
4894	2.1752E-14
4896	2.1754E-14
4898	2.1736E-14
4900	2.1758E-14
4902	2.1741E-14
4904	2.1723E-14
4906	2.1705E-14
4908	2.1728E-14
4910	2.171E-14
4912	2.1692E-14
4914	2.1635E-14
4916	2.1557E-14
4918	2.154E-14
4920	2.1483E-14
4922	2.1465E-14
4924	2.1448E-14
4926	2.147E-14
4928	2.1453E-14
4930	2.1435E-14
4932	2.1339E-14
4934	2.1224E-14
4936	2.1109E-14
4938	2.1014E-14
4940	2.094E-14
4942	2.0884E-14
4944	2.0867E-14
4946	2.085E-14
4948	2.0833E-14
4950	2.0778E-14
4952	2.0762E-14
4954	2.0745E-14
4956	2.0671E-14
4958	2.0616E-14
4960	2.0599E-14
4962	2.0526E-14
4964	2.051E-14
4966	2.0455E-14
4968	2.0439E-14
4970	2.0422E-14
4972	2.0444E-14
4974	2.0446E-14
4976	2.0467E-14
4978	2.0489E-14
4980	2.0472E-14
4982	2.0456E-14
4984	2.0439E-14
4986	2.0423E-14
4988	2.0406E-14
4990	2.0353E-14
4992	2.0336E-14
4994	2.032E-14
4996	2.0304E-14
4998	2.025E-14
5000	2.0215E-14
5002	2.0162E-14
5004	2.0146E-14
5006	2.013E-14
5008	2.0077E-14
5010	2.0061E-14
5012	2.0045E-14
5014	2.0029E-14
5016	2.0013E-14
5018	1.9997E-14
5020	1.9981E-14
5022	1.9928E-14
5024	1.9894E-14
5026	1.9842E-14
5028	1.9826E-14
5030	1.981E-14
5032	1.9758E-14
5034	1.9742E-14
5036	1.9726E-14
5038	1.9656E-14
5040	1.9569E-14
5042	1.9553E-14
5044	1.9484E-14
5046	1.9468E-14
5048	1.9453E-14
5050	1.9437E-14
5052	1.9422E-14
5054	1.9407E-14
5056	1.9391E-14
5058	1.9376E-14
5060	1.9325E-14
5062	1.931E-14
5064	1.9241E-14
5066	1.9155E-14
5068	1.9105E-14
5070	1.9072E-14
5072	1.9022E-14
5074	1.9007E-14
5076	1.8992E-14
5078	1.9012E-14
5080	1.8997E-14
5082	1.8982E-14
5084	1.8985E-14
5086	1.8953E-14
5088	1.8938E-14
5090	1.8923E-14
5092	1.8873E-14
5094	1.8824E-14
5096	1.8774E-14
5098	1.8742E-14
5100	1.8693E-14
5102	1.8678E-14
5104	1.8629E-14
5106	1.8615E-14
5108	1.8549E-14
5110	1.8534E-14
5112	1.852E-14
5114	1.8505E-14
5116	1.8491E-14
5118	1.8442E-14
5120	1.8428E-14
5122	1.8414E-14
5124	1.8399E-14
5126	1.8385E-14
5128	1.8371E-14
5130	1.8356E-14
5132	1.8342E-14
5134	1.8294E-14
5136	1.828E-14
5138	1.8266E-14
5140	1.8251E-14
5142	1.8237E-14
5144	1.8223E-14
5146	1.8209E-14
5148	1.8228E-14
5150	1.813E-14
5152	1.8116E-14
5154	1.8086E-14
5156	1.8072E-14
5158	1.8041E-14
5160	1.801E-14
5162	1.7996E-14
5164	1.7966E-14
5166	1.7952E-14
5168	1.7922E-14
5170	1.7891E-14
5172	1.7877E-14
5174	1.7847E-14
5176	1.7817E-14
5178	1.7803E-14
5180	1.7773E-14
5182	1.7743E-14
5184	1.7713E-14
5186	1.7699E-14
5188	1.7669E-14
5190	1.7639E-14
5192	1.7626E-14
5194	1.7596E-14
5196	1.7566E-14
5198	1.7537E-14
5200	1.7523E-14
5202	1.7494E-14
5204	1.7464E-14
5206	1.7515E-14
5208	1.7469E-14
5210	1.7456E-14
5212	1.7443E-14
5214	1.7397E-14
5216	1.7368E-14
5218	1.7323E-14
5220	1.7277E-14
5222	1.7217E-14
5224	1.7172E-14
5226	1.7159E-14
5228	1.7145E-14
5230	1.7101E-14
5232	1.7041E-14
5234	1.6996E-14
5236	1.6952E-14
5238	1.6923E-14
5240	1.6911E-14
5242	1.6867E-14
5244	1.6854E-14
5246	1.6841E-14
5248	1.6828E-14
5250	1.6815E-14
5252	1.6833E-14
5254	1.6821E-14
5256	1.6808E-14
5258	1.6795E-14
5260	1.6751E-14
5262	1.6708E-14
5264	1.6649E-14
5266	1.6606E-14
5268	1.6593E-14
5270	1.655E-14
5272	1.6492E-14
5274	1.6479E-14
5276	1.6437E-14
5278	1.6394E-14
5280	1.6336E-14
5282	1.6294E-14
5284	1.6282E-14
5286	1.6239E-14
5288	1.6227E-14
5290	1.6215E-14
5292	1.6158E-14
5294	1.6116E-14
5296	1.6104E-14
5298	1.6047E-14
5300	1.6035E-14
5302	1.5993E-14
5304	1.5952E-14
5306	1.5911E-14
5308	1.5899E-14
5310	1.5887E-14
5312	1.5875E-14
5314	1.5863E-14
5316	1.5851E-14
5318	1.5839E-14
5320	1.5827E-14
5322	1.58E-14
5324	1.5789E-14
5326	1.5777E-14
5328	1.5736E-14
5330	1.5695E-14
5332	1.5683E-14
5334	1.5672E-14
5336	1.566E-14
5338	1.5648E-14
5340	1.5593E-14
5342	1.5582E-14
5344	1.5541E-14
5346	1.5501E-14
5348	1.5447E-14
5350	1.5435E-14
5352	1.5424E-14
5354	1.5412E-14
5356	1.5401E-14
5358	1.5389E-14
5360	1.542E-14
5362	1.5409E-14
5364	1.5355E-14
5366	1.5343E-14
5368	1.5332E-14
5370	1.5292E-14
5372	1.5281E-14
5374	1.5269E-14
5376	1.523E-14
5378	1.5219E-14
5380	1.5193E-14
5382	1.5154E-14
5384	1.5143E-14
5386	1.5104E-14
5388	1.5051E-14
5390	1.5012E-14
5392	1.5001E-14
5394	1.499E-14
5396	1.4951E-14
5398	1.494E-14
5400	1.4929E-14
5402	1.4918E-14
5404	1.4866E-14
5406	1.4828E-14
5408	1.4748E-14
5410	1.471E-14
5412	1.47E-14
5414	1.4662E-14
5416	1.4651E-14
5418	1.4667E-14
5420	1.4683E-14
5422	1.4713E-14
5424	1.4702E-14
5426	1.4691E-14
5428	1.468E-14
5430	1.4629E-14
5432	1.4591E-14
5434	1.4554E-14
5436	1.4543E-14
5438	1.4492E-14
5440	1.4455E-14
5442	1.4445E-14
5444	1.4434E-14
5446	1.4423E-14
5448	1.4413E-14
5450	1.4402E-14
5452	1.4392E-14
5454	1.4355E-14
5456	1.4331E-14
5458	1.4294E-14
5460	1.4284E-14
5462	1.4247E-14
5464	1.4236E-14
5466	1.42E-14
5468	1.4176E-14
5470	1.414E-14
5472	1.413E-14
5474	1.4119E-14
5476	1.4109E-14
5478	1.4099E-14
5480	1.4088E-14
5482	1.4078E-14
5484	1.4068E-14
5486	1.4058E-14
5488	1.4047E-14
5490	1.4011E-14
5492	1.4001E-14
5494	1.3952E-14
5496	1.3916E-14
5498	1.3881E-14
5500	1.3871E-14
5502	1.3822E-14
5504	1.3812E-14
5506	1.3777E-14
5508	1.3767E-14
5510	1.3731E-14
5512	1.3722E-14
5514	1.3712E-14
5516	1.3702E-14
5518	1.3692E-14
5520	1.3682E-14
5522	1.3672E-14
5524	1.3662E-14
5526	1.3614E-14
5528	1.358E-14
5530	1.3545E-14
5532	1.3522E-14
5534	1.3513E-14
5536	1.3478E-14
5538	1.3468E-14
5540	1.3434E-14
5542	1.3399E-14
5544	1.3377E-14
5546	1.3343E-14
5548	1.3334E-14
5550	1.3324E-14
5552	1.3314E-14
5554	1.3305E-14
5556	1.3295E-14
5558	1.3286E-14
5560	1.3276E-14
5562	1.3242E-14
5564	1.3233E-14
5566	1.3187E-14
5568	1.3214E-14
5570	1.3204E-14
5572	1.3195E-14
5574	1.3185E-14
5576	1.3176E-14
5578	1.3166E-14
5580	1.3157E-14
5582	1.3111E-14
5584	1.3102E-14
5586	1.3068E-14
5588	1.3059E-14
5590	1.3026E-14
5592	1.3016E-14
5594	1.3007E-14
5596	1.2998E-14
5598	1.2953E-14
5600	1.2919E-14
5602	1.291E-14
5604	1.2877E-14
5606	1.2833E-14
5608	1.28E-14
5610	1.2791E-14
5612	1.2782E-14
5614	1.2749E-14
5616	1.2728E-14
5618	1.2696E-14
5620	1.2663E-14
5622	1.2654E-14
5624	1.2645E-14
5626	1.2613E-14
5628	1.2627E-14
5630	1.2618E-14
5632	1.2609E-14
5634	1.2566E-14
5636	1.2534E-14
5638	1.2502E-14
5640	1.2458E-14
5642	1.2427E-14
5644	1.2395E-14
5646	1.2352E-14
5648	1.2321E-14
5650	1.2289E-14
5652	1.2269E-14
5654	1.2238E-14
5656	1.2207E-14
5658	1.2165E-14
5660	1.2134E-14
5662	1.208E-14
5664	1.2061E-14
5666	1.2052E-14
5668	1.2022E-14
5670	1.2013E-14
5672	1.1983E-14
5674	1.1974E-14
5676	1.1988E-14
5678	1.1979E-14
5680	1.1971E-14
5682	1.1984E-14
5684	1.1976E-14
5686	1.1979E-14
5688	1.1992E-14
5690	1.1984E-14
5692	1.1975E-14
5694	1.1967E-14
5696	1.1959E-14
5698	1.1972E-14
5700	1.1942E-14
5702	1.1912E-14
5704	1.1892E-14
5706	1.1862E-14
5708	1.1832E-14
5710	1.1824E-14
5712	1.1815E-14
5714	1.1807E-14
5716	1.1799E-14
5718	1.1791E-14
5720	1.1782E-14
5722	1.1774E-14
5724	1.1733E-14
5726	1.1704E-14
5728	1.1674E-14
5730	1.1666E-14
5732	1.1625E-14
5734	1.1596E-14
5736	1.1588E-14
5738	1.1558E-14
5740	1.154E-14
5742	1.1532E-14
5744	1.1524E-14
5746	1.1516E-14
5748	1.1508E-14
5750	1.15E-14
5752	1.1471E-14
5754	1.1463E-14
5756	1.1455E-14
5758	1.1447E-14
5760	1.1439E-14
5762	1.141E-14
5764	1.1402E-14
5766	1.1373E-14
5768	1.1355E-14
5770	1.1326E-14
5772	1.1318E-14
5774	1.131E-14
5776	1.1323E-14
5778	1.1315E-14
5780	1.1307E-14
5782	1.13E-14
5784	1.1271E-14
5786	1.1263E-14
5788	1.1235E-14
5790	1.1206E-14
5792	1.1199E-14
5794	1.1181E-14
5796	1.1173E-14
5798	1.1165E-14
5800	1.1157E-14
5802	1.1129E-14
5804	1.1122E-14
5806	1.1093E-14
5808	1.1086E-14
5810	1.1078E-14
5812	1.1071E-14
5814	1.1063E-14
5816	1.1055E-14
5818	1.1048E-14
5820	1.101E-14
5822	1.1002E-14
5824	1.0974E-14
5826	1.0967E-14
5828	1.0939E-14
5830	1.0932E-14
5832	1.0924E-14
5834	1.0917E-14
5836	1.0909E-14
5838	1.0902E-14
5840	1.0894E-14
5842	1.0887E-14
5844	1.0879E-14
5846	1.0872E-14
5848	1.0834E-14
5850	1.0827E-14
5852	1.08E-14
5854	1.0792E-14
5856	1.0785E-14
5858	1.0778E-14
5860	1.075E-14
5862	1.0733E-14
5864	1.0726E-14
5866	1.0719E-14
5868	1.0692E-14
5870	1.0704E-14
5872	1.0697E-14
5874	1.0689E-14
5876	1.0682E-14
5878	1.0675E-14
5880	1.0668E-14
5882	1.066E-14
5884	1.0653E-14
5886	1.0646E-14
5888	1.0619E-14
5890	1.0592E-14
5892	1.0566E-14
5894	1.0549E-14
5896	1.0522E-14
5898	1.0496E-14
5900	1.0489E-14
5902	1.0453E-14
5904	1.0445E-14
5906	1.0419E-14
5908	1.0412E-14
5910	1.0386E-14
5912	1.0379E-14
5914	1.0372E-14
5916	1.0365E-14
5918	1.0358E-14
5920	1.0351E-14
5922	1.0344E-14
5924	1.0337E-14
5926	1.0301E-14
5928	1.0276E-14
5930	1.025E-14
5932	1.0215E-14
5934	1.0189E-14
5936	1.0182E-14
5938	1.0175E-14
5940	1.015E-14
5942	1.0133E-14
5944	1.0127E-14
5946	1.0101E-14
5948	1.0076E-14
5950	1.0069E-14
5952	1.0062E-14
5954	1.0055E-14
5956	1.0049E-14
5958	1.0042E-14
5960	1.0035E-14
5962	1.0047E-14
5964	1.004E-14
5966	1.0015E-14
5968	1.0008E-14
5970	9.9833E-15
5972	9.9674E-15
5974	9.9607E-15
5976	9.9357E-15
5978	9.9108E-15
5980	9.9042E-15
5982	9.8975E-15
5984	9.8909E-15
5986	9.8843E-15
5988	9.8777E-15
5990	9.8711E-15
5992	9.8645E-15
5994	9.858E-15
5996	9.8514E-15
5998	9.8176E-15
6000	9.8111E-15
6002	9.8046E-15
6004	9.78E-15
6006	9.7735E-15
6008	9.749E-15
6010	9.7425E-15
6012	9.736E-15
6014	9.7296E-15
6016	9.7231E-15
6018	9.7166E-15
6020	9.7102E-15
6022	9.7037E-15
6024	9.6973E-15
6026	9.6908E-15
6028	9.6577E-15
6030	9.6335E-15
6032	9.6094E-15
6034	9.5942E-15
6036	9.5702E-15
6038	9.5639E-15
6040	9.5399E-15
6042	9.5161E-15
6044	9.5011E-15
6046	9.4773E-15
6048	9.471E-15
6050	9.4473E-15
6052	9.4411E-15
6054	9.4348E-15
6056	9.4286E-15
6058	9.4224E-15
6060	9.4162E-15
6062	9.4099E-15
6064	9.3865E-15
6066	9.3716E-15
6068	9.3482E-15
6070	9.3421E-15
6072	9.3187E-15
6074	9.3126E-15
6076	9.2808E-15
6078	9.2747E-15
6080	9.2515E-15
6082	9.2455E-15
6084	9.2394E-15
6086	9.2333E-15
6088	9.2102E-15
6090	9.2042E-15
6092	9.1981E-15
6094	9.2091E-15
6096	9.203E-15
6098	9.214E-15
6100	9.2079E-15
6102	9.2019E-15
6104	9.1959E-15
6106	9.1898E-15
6108	9.1838E-15
6110	9.1778E-15
6112	9.1718E-15
6114	9.1658E-15
6116	9.1598E-15
6118	9.1538E-15
6120	9.131E-15
6122	9.1082E-15
6124	9.1023E-15
6126	9.0713E-15
6128	9.0486E-15
6130	9.0427E-15
6132	9.0368E-15
6134	9.0309E-15
6136	9.025E-15
6138	9.0358E-15
6140	9.0299E-15
6142	9.024E-15
6144	9.0182E-15
6146	9.0123E-15
6148	8.9899E-15
6150	8.9592E-15
6152	8.9369E-15
6154	8.9476E-15
6156	8.9418E-15
6158	8.936E-15
6160	8.9302E-15
6162	8.9244E-15
6164	8.9186E-15
6166	8.8964E-15
6168	8.8906E-15
6170	8.8685E-15
6172	8.8383E-15
6174	8.8163E-15
6176	8.7944E-15
6178	8.7725E-15
6180	8.7427E-15
6182	8.7209E-15
6184	8.7153E-15
6186	8.7257E-15
6188	8.7201E-15
6190	8.6984E-15
6192	8.6928E-15
6194	8.6872E-15
6196	8.6576E-15
6198	8.6361E-15
6200	8.6146E-15
6202	8.6091E-15
6204	8.6035E-15
6206	8.598E-15
6208	8.5925E-15
6210	8.5632E-15
6212	8.5577E-15
6214	8.5759E-15
6216	8.5704E-15
6218	8.5648E-15
6220	8.5593E-15
6222	8.5538E-15
6224	8.5483E-15
6226	8.5193E-15
6228	8.5138E-15
6230	8.4927E-15
6232	8.4872E-15
6234	8.4818E-15
6236	8.4764E-15
6238	8.4709E-15
6240	8.4655E-15
6242	8.4601E-15
6244	8.4546E-15
6246	8.4337E-15
6248	8.4205E-15
6250	8.4151E-15
6252	8.4097E-15
6254	8.4044E-15
6256	8.399E-15
6258	8.3782E-15
6260	8.3728E-15
6262	8.3521E-15
6264	8.3237E-15
6266	8.3031E-15
6268	8.2825E-15
6270	8.2544E-15
6272	8.2188E-15
6274	8.2136E-15
6276	8.1857E-15
6278	8.1805E-15
6280	8.1602E-15
6282	8.155E-15
6284	8.1498E-15
6286	8.1297E-15
6288	8.1245E-15
6290	8.1193E-15
6292	8.0917E-15
6294	8.0866E-15
6296	8.0666E-15
6298	8.0615E-15
6300	8.0416E-15
6302	8.029E-15
6304	8.024E-15
6306	8.0263E-15
6308	8.036E-15
6310	8.0309E-15
6312	8.0258E-15
6314	8.0207E-15
6316	8.0156E-15
6318	8.0105E-15
6320	8.0055E-15
6322	8.0004E-15
6324	8.0101E-15
6326	8.005E-15
6328	8.0221E-15
6330	8.017E-15
6332	7.9898E-15
6334	7.9848E-15
6336	7.9798E-15
6338	7.9747E-15
6340	7.955E-15
6342	7.9354E-15
6344	7.9231E-15
6346	7.9035E-15
6348	7.8985E-15
6350	7.8936E-15
6352	7.9031E-15
6354	7.8836E-15
6356	7.8642E-15
6358	7.8592E-15
6360	7.8398E-15
6362	7.8277E-15
6364	7.8084E-15
6366	7.8178E-15
6368	7.8129E-15
6370	7.808E-15
6372	7.8031E-15
6374	7.7982E-15
6376	7.7933E-15
6378	7.7884E-15
6380	7.7692E-15
6382	7.7644E-15
6384	7.7595E-15
6386	7.7546E-15
6388	7.7498E-15
6390	7.7449E-15
6392	7.7401E-15
6394	7.721E-15
6396	7.7162E-15
6398	7.6901E-15
6400	7.6711E-15
6402	7.6663E-15
6404	7.6757E-15
6406	7.6709E-15
6408	7.6661E-15
6410	7.6613E-15
6412	7.6425E-15
6414	7.6237E-15
6416	7.6189E-15
6418	7.5931E-15
6420	7.5744E-15
6422	7.5558E-15
6424	7.5441E-15
6426	7.5394E-15
6428	7.5347E-15
6430	7.53E-15
6432	7.5323E-15
6434	7.5415E-15
6436	7.5507E-15
6438	7.546E-15
6440	7.5413E-15
6442	7.5366E-15
6444	7.532E-15
6446	7.5134E-15
6448	7.5088E-15
6450	7.4903E-15
6452	7.4857E-15
6454	7.4742E-15
6456	7.4695E-15
6458	7.4512E-15
6460	7.4328E-15
6462	7.4146E-15
6464	7.4032E-15
6466	7.385E-15
6468	7.3668E-15
6470	7.3419E-15
6472	7.3239E-15
6474	7.3059E-15
6476	7.3014E-15
6478	7.2768E-15
6480	7.2589E-15
6482	7.2411E-15
6484	7.2166E-15
6486	7.2122E-15
6488	7.2077E-15
6490	7.2033E-15
6492	7.1989E-15
6494	7.1944E-15
6496	7.2099E-15
6498	7.2054E-15
6500	7.1811E-15
6502	7.1635E-15
6504	7.1394E-15
6506	7.1087E-15
6508	7.0717E-15
6510	7.0349E-15
6512	7.0047E-15
6514	6.9555E-15
6516	6.932E-15
6518	6.8959E-15
6520	6.879E-15
6522	6.8495E-15
6524	6.8264E-15
6526	6.8097E-15
6528	6.7867E-15
6530	6.7701E-15
6532	6.7535E-15
6534	6.7493E-15
6536	6.7266E-15
6538	6.6978E-15
6540	6.6752E-15
6542	6.6283E-15
6544	6.5816E-15
6546	6.5353E-15
6548	6.4715E-15
6550	6.4141E-15
6552	6.3573E-15
6554	6.2952E-15
6556	6.2509E-15
6558	6.1955E-15
6560	6.1746E-15
6562	6.1482E-15
6564	6.1162E-15
6566	6.1013E-15
6568	6.0975E-15
6570	6.0938E-15
6572	6.1126E-15
6574	6.1484E-15
6576	6.173E-15
6578	6.2092E-15
6580	6.2628E-15
6582	6.2995E-15
6584	6.3364E-15
6586	6.3559E-15
6588	6.3931E-15
6590	6.4069E-15
6592	6.4326E-15
6594	6.4524E-15
6596	6.4783E-15
6598	6.5042E-15
6600	6.5243E-15
6602	6.5384E-15
6604	6.5465E-15
6606	6.5606E-15
6608	6.5687E-15
6610	6.5769E-15
6612	6.591E-15
6614	6.5992E-15
6616	6.6074E-15
6618	6.6217E-15
6620	6.6177E-15
6622	6.6137E-15
6624	6.6097E-15
6626	6.6057E-15
6628	6.6017E-15
6630	6.5977E-15
6632	6.5937E-15
6634	6.5898E-15
6636	6.5858E-15
6638	6.5818E-15
6640	6.5778E-15
6642	6.5739E-15
6644	6.5699E-15
6646	6.566E-15
6648	6.5439E-15
6650	6.54E-15
6652	6.524E-15
6654	6.5201E-15
6656	6.5162E-15
6658	6.5123E-15
6660	6.5204E-15
6662	6.5165E-15
6664	6.5125E-15
6666	6.5086E-15
6668	6.5047E-15
6670	6.5008E-15
6672	6.485E-15
6674	6.4811E-15
6676	6.4772E-15
6678	6.4733E-15
6680	6.4694E-15
6682	6.4656E-15
6684	6.4617E-15
6686	6.4578E-15
6688	6.4421E-15
6690	6.4383E-15
6692	6.4344E-15
6694	6.4306E-15
6696	6.4267E-15
6698	6.4229E-15
6700	6.4191E-15
6702	6.4152E-15
6704	6.3937E-15
6706	6.3899E-15
6708	6.3743E-15
6710	6.3588E-15
6712	6.355E-15
6714	6.3337E-15
6716	6.3299E-15
6718	6.3262E-15
6720	6.3108E-15
6722	6.307E-15
6724	6.3032E-15
6726	6.2821E-15
6728	6.2784E-15
6730	6.2747E-15
6732	6.2594E-15
6734	6.2557E-15
6736	6.252E-15
6738	6.2598E-15
6740	6.2561E-15
6742	6.2581E-15
6744	6.2659E-15
6746	6.2622E-15
6748	6.2585E-15
6750	6.2433E-15
6752	6.2339E-15
6754	6.2302E-15
6756	6.2265E-15
6758	6.2228E-15
6760	6.2077E-15
6762	6.204E-15
6764	6.1889E-15
6766	6.1739E-15
6768	6.1645E-15
6770	6.1495E-15
6772	6.1459E-15
6774	6.131E-15
6776	6.1273E-15
6778	6.1237E-15
6780	6.1201E-15
6782	6.1165E-15
6784	6.1129E-15
6786	6.1093E-15
6788	6.1057E-15
6790	6.0853E-15
6792	6.0705E-15
6794	6.0558E-15
6796	6.0522E-15
6798	6.0486E-15
6800	6.0451E-15
6802	6.0527E-15
6804	6.038E-15
6806	6.0344E-15
6808	6.0309E-15
6810	6.0273E-15
6812	6.0072E-15
6814	6.0037E-15
6816	6.0001E-15
6818	5.9856E-15
6820	5.9821E-15
6822	5.9675E-15
6824	5.9586E-15
6826	5.9551E-15
6828	5.9516E-15
6830	5.9481E-15
6832	5.9446E-15
6834	5.9412E-15
6836	5.9431E-15
6838	5.9506E-15
6840	5.9471E-15
6842	5.9546E-15
6844	5.9676E-15
6846	5.8931E-15
6848	5.8843E-15
6850	5.8808E-15
6852	5.872E-15
6854	5.8632E-15
6856	5.8597E-15
6858	5.8509E-15
6860	5.8421E-15
6862	5.8387E-15
6864	5.83E-15
6866	5.8266E-15
6868	5.8178E-15
6870	5.8091E-15
6872	5.8057E-15
6874	5.797E-15
6876	5.7936E-15
6878	5.7849E-15
6880	5.7762E-15
6882	5.7729E-15
6884	5.7642E-15
6886	5.7609E-15
6888	5.7522E-15
6890	5.7436E-15
6892	5.7402E-15
6894	5.7316E-15
6896	5.7283E-15
6898	5.7197E-15
6900	5.7164E-15
6902	5.7078E-15
6904	5.6993E-15
6906	5.696E-15
6908	5.6874E-15
6910	5.6841E-15
6912	5.6756E-15
6914	5.6723E-15
6916	5.6638E-15
6918	5.6606E-15
6920	5.6521E-15
6922	5.6488E-15
6924	5.6404E-15
6926	5.6371E-15
6928	5.6287E-15
6930	5.6202E-15
6932	5.617E-15
6934	5.6086E-15
6936	5.6054E-15
6938	5.597E-15
6940	5.5937E-15
6942	5.5854E-15
6944	5.5821E-15
6946	5.5738E-15
6948	5.5706E-15
6950	5.5623E-15
6952	5.5233E-15
6954	5.51E-15
6956	5.5068E-15
6958	5.5037E-15
6960	5.5005E-15
6962	5.4973E-15
6964	5.4942E-15
6966	5.5012E-15
6968	5.498E-15
6970	5.505E-15
6972	5.5018E-15
6974	5.4987E-15
6976	5.4955E-15
6978	5.4924E-15
6980	5.4943E-15
6982	5.4911E-15
6984	5.488E-15
6986	5.4798E-15
6988	5.4766E-15
6990	5.4634E-15
6992	5.4603E-15
6994	5.4572E-15
6996	5.4541E-15
6998	5.451E-15
7000	5.4478E-15
7002	5.4447E-15
7004	5.4316E-15
7006	5.4135E-15
7008	5.3905E-15
7010	5.3726E-15
7012	5.3498E-15
7014	5.3222E-15
7016	5.3192E-15
7018	5.3161E-15
7020	5.3131E-15
7022	5.3101E-15
7024	5.307E-15
7026	5.3138E-15
7028	5.3108E-15
7030	5.298E-15
7032	5.295E-15
7034	5.292E-15
7036	5.2987E-15
7038	5.2957E-15
7040	5.2927E-15
7042	5.2897E-15
7044	5.2769E-15
7046	5.2594E-15
7048	5.2467E-15
7050	5.2341E-15
7052	5.2311E-15
7054	5.2282E-15
7056	5.2252E-15
7058	5.2319E-15
7060	5.2385E-15
7062	5.2404E-15
7064	5.2326E-15
7066	5.2296E-15
7068	5.2171E-15
7070	5.2045E-15
7072	5.2016E-15
7074	5.1843E-15
7076	5.1814E-15
7078	5.1689E-15
7080	5.1565E-15
7082	5.1536E-15
7084	5.1507E-15
7086	5.1478E-15
7088	5.1306E-15
7090	5.1278E-15
7092	5.1249E-15
7094	5.1126E-15
7096	5.1097E-15
7098	5.1068E-15
7100	5.1039E-15
7102	5.1104E-15
7104	5.1217E-15
7106	5.1283E-15
7108	5.1348E-15
7110	5.1367E-15
7112	5.1433E-15
7114	5.1404E-15
7116	5.1375E-15
7118	5.1346E-15
7120	5.1175E-15
7122	5.1146E-15
7124	5.1024E-15
7126	5.0901E-15
7128	5.0732E-15
7130	5.0611E-15
7132	5.0582E-15
7134	5.0461E-15
7136	5.0433E-15
7138	5.0265E-15
7140	5.0237E-15
7142	5.0117E-15
7144	5.0088E-15
7146	5.006E-15
7148	5.0032E-15
7150	5.0096E-15
7152	5.0069E-15
7154	5.0179E-15
7156	5.0151E-15
7158	5.0123E-15
7160	5.0095E-15
7162	5.0159E-15
7164	5.0224E-15
7166	5.0335E-15
7168	5.0307E-15
7170	5.0371E-15
7172	5.0343E-15
7174	5.0222E-15
7176	5.0056E-15
7178	4.9844E-15
7180	4.9816E-15
7182	4.9651E-15
7184	4.9532E-15
7186	4.9414E-15
7188	4.9386E-15
7190	4.9359E-15
7192	4.9195E-15
7194	4.9077E-15
7196	4.905E-15
7198	4.8887E-15
7200	4.8681E-15
7202	4.8519E-15
7204	4.8403E-15
7206	4.8287E-15
7208	4.8127E-15
7210	4.8234E-15
7212	4.8207E-15
7214	4.8358E-15
7216	4.8376E-15
7218	4.8438E-15
7220	4.85E-15
7222	4.8563E-15
7224	4.8581E-15
7226	4.8643E-15
7228	4.8617E-15
7230	4.85E-15
7232	4.8429E-15
7234	4.8224E-15
7236	4.8109E-15
7238	4.7949E-15
7240	4.7923E-15
7242	4.7896E-15
7244	4.787E-15
7246	4.7843E-15
7248	4.7729E-15
7250	4.7703E-15
7252	4.7545E-15
7254	4.7431E-15
7256	4.7318E-15
7258	4.7161E-15
7260	4.7135E-15
7262	4.7109E-15
7264	4.7083E-15
7266	4.7057E-15
7268	4.7032E-15
7270	4.7006E-15
7272	4.6893E-15
7274	4.6738E-15
7276	4.6627E-15
7278	4.6515E-15
7280	4.6404E-15
7282	4.6336E-15
7284	4.6311E-15
7286	4.6285E-15
7288	4.626E-15
7290	4.6234E-15
7292	4.6209E-15
7294	4.6099E-15
7296	4.6158E-15
7298	4.6133E-15
7300	4.615E-15
7302	4.6125E-15
7304	4.6185E-15
7306	4.6159E-15
7308	4.6007E-15
7310	4.5897E-15
7312	4.5788E-15
7314	4.5763E-15
7316	4.5737E-15
7318	4.5628E-15
7320	4.5604E-15
7322	4.5663E-15
7324	4.5638E-15
7326	4.5613E-15
7328	4.5588E-15
7330	4.5647E-15
7332	4.5538E-15
7334	4.5388E-15
7336	4.528E-15
7338	4.5171E-15
7340	4.5022E-15
7342	4.4915E-15
7344	4.489E-15
7346	4.4949E-15
7348	4.5049E-15
7350	4.5024E-15
7352	4.5E-15
7354	4.5058E-15
7356	4.4951E-15
7358	4.4926E-15
7360	4.4902E-15
7362	4.4754E-15
7364	4.4647E-15
7366	4.4623E-15
7368	4.4516E-15
7370	4.4492E-15
7372	4.4468E-15
7374	4.4321E-15
7376	4.4297E-15
7378	4.4273E-15
7380	4.4249E-15
7382	4.4225E-15
7384	4.4201E-15
7386	4.4096E-15
7388	4.3991E-15
7390	4.3927E-15
7392	4.3822E-15
7394	4.3799E-15
7396	4.3694E-15
7398	4.3671E-15
7400	4.3647E-15
7402	4.3624E-15
7404	4.368E-15
7406	4.3737E-15
7408	4.3754E-15
7410	4.3811E-15
7412	4.3787E-15
7414	4.3764E-15
7416	4.366E-15
7418	4.3596E-15
7420	4.3412E-15
7422	4.3309E-15
7424	4.3246E-15
7426	4.3143E-15
7428	4.312E-15
7430	4.3017E-15
7432	4.2994E-15
7434	4.2971E-15
7436	4.3027E-15
7438	4.3004E-15
7440	4.306E-15
7442	4.2879E-15
7444	4.2777E-15
7446	4.2636E-15
7448	4.2613E-15
7450	4.259E-15
7452	4.2489E-15
7454	4.2466E-15
7456	4.2443E-15
7458	4.242E-15
7460	4.2398E-15
7462	4.2375E-15
7464	4.2236E-15
7466	4.2213E-15
7468	4.2307E-15
7470	4.2284E-15
7472	4.2262E-15
7474	4.2123E-15
7476	4.21E-15
7478	4.2078E-15
7480	4.2055E-15
7482	4.1955E-15
7484	4.1933E-15
7486	4.191E-15
7488	4.1888E-15
7490	4.1943E-15
7492	4.192E-15
7494	4.2014E-15
7496	4.1991E-15
7498	4.1969E-15
7500	4.1831E-15
7502	4.1809E-15
7504	4.1709E-15
7506	4.1687E-15
7508	4.1588E-15
7510	4.1566E-15
7512	4.1544E-15
7514	4.1407E-15
7516	4.1233E-15
7518	4.1173E-15
7520	4.1076E-15
7522	4.0978E-15
7524	4.0844E-15
7526	4.0822E-15
7528	4.0913E-15
7530	4.0891E-15
7532	4.0945E-15
7534	4.0923E-15
7536	4.0826E-15
7538	4.0804E-15
7540	4.0708E-15
7542	4.0649E-15
7544	4.0553E-15
7546	4.0531E-15
7548	4.051E-15
7550	4.0675E-15
7552	4.0616E-15
7554	4.0594E-15
7556	4.0536E-15
7558	4.0514E-15
7560	4.0455E-15
7562	4.0434E-15
7564	4.0375E-15
7566	4.0354E-15
7568	4.0296E-15
7570	4.0274E-15
7572	4.0216E-15
7574	4.0195E-15
7576	4.0136E-15
7578	4.0115E-15
7580	4.0057E-15
7582	3.9999E-15
7584	3.9978E-15
7586	3.992E-15
7588	3.9899E-15
7590	3.9842E-15
7592	3.9821E-15
7594	3.9763E-15
7596	3.9706E-15
7598	3.9685E-15
7600	3.9627E-15
7602	3.9606E-15
7604	3.9549E-15
7606	3.9492E-15
7608	3.9471E-15
7610	3.9414E-15
7612	3.9393E-15
7614	3.9336E-15
7616	3.928E-15
7618	3.9259E-15
7620	3.9202E-15
7622	3.9146E-15
7624	3.9125E-15
7626	3.9068E-15
7628	3.9048E-15
7630	3.8992E-15
7632	3.8935E-15
7634	3.8915E-15
7636	3.8859E-15
7638	3.8803E-15
7640	3.8782E-15
7642	3.8726E-15
7644	3.867E-15
7646	3.865E-15
7648	3.8595E-15
7650	3.8539E-15
7652	3.8519E-15
7654	3.8463E-15
7656	3.8408E-15
7658	3.8387E-15
7660	3.8332E-15
7662	3.8277E-15
7664	3.8222E-15
7666	3.8202E-15
7668	3.8147E-15
7670	3.8092E-15
7672	3.8072E-15
7674	3.8017E-15
7676	3.7962E-15
7678	3.7907E-15
7680	3.7888E-15
7682	3.7833E-15
7684	3.7779E-15
7686	3.7724E-15
7688	3.7705E-15
7690	3.765E-15
7692	3.777E-15
7694	3.775E-15
7696	3.773E-15
7698	3.7711E-15
7700	3.7587E-15
7702	3.7498E-15
7704	3.741E-15
7706	3.7391E-15
7708	3.7268E-15
7710	3.718E-15
7712	3.7058E-15
7714	3.7039E-15
7716	3.7122E-15
7718	3.7172E-15
7720	3.7255E-15
7722	3.7133E-15
7724	3.7046E-15
7726	3.6958E-15
7728	3.6837E-15
7730	3.6683E-15
7732	3.6563E-15
7734	3.6476E-15
7736	3.6357E-15
7738	3.6204E-15
7740	3.6186E-15
7742	3.6167E-15
7744	3.6148E-15
7746	3.613E-15
7748	3.6178E-15
7750	3.6226E-15
7752	3.624E-15
7754	3.6288E-15
7756	3.6337E-15
7758	3.6318E-15
7760	3.6366E-15
7762	3.6347E-15
7764	3.6262E-15
7766	3.6243E-15
7768	3.6158E-15
7770	3.6139E-15
7772	3.6121E-15
7774	3.6169E-15
7776	3.615E-15
7778	3.6198E-15
7780	3.6179E-15
7782	3.6161E-15
7784	3.6076E-15
7786	3.5925E-15
7788	3.5873E-15
7790	3.5723E-15
7792	3.5606E-15
7794	3.5522E-15
7796	3.5504E-15
7798	3.5486E-15
7800	3.5402E-15
7802	3.5286E-15
7804	3.5204E-15
7806	3.5121E-15
7808	3.507E-15
7810	3.5052E-15
7812	3.5034E-15
7814	3.5049E-15
7816	3.5096E-15
7818	3.5142E-15
7820	3.5124E-15
7822	3.5203E-15
7824	3.5185E-15
7826	3.5167E-15
7828	3.5149E-15
7830	3.5132E-15
7832	3.5114E-15
7834	3.4934E-15
7836	3.4852E-15
7838	3.4899E-15
7840	3.4881E-15
7842	3.4863E-15
7844	3.4845E-15
7846	3.4828E-15
7848	3.481E-15
7850	3.4792E-15
7852	3.4774E-15
7854	3.4757E-15
7856	3.4675E-15
7858	3.4625E-15
7860	3.4608E-15
7862	3.4527E-15
7864	3.4509E-15
7866	3.4428E-15
7868	3.4347E-15
7870	3.4298E-15
7872	3.4281E-15
7874	3.42E-15
7876	3.4183E-15
7878	3.4166E-15
7880	3.4148E-15
7882	3.4194E-15
7884	3.4208E-15
7886	3.4159E-15
7888	3.4079E-15
7890	3.3999E-15
7892	3.3826E-15
7894	3.3746E-15
7896	3.3574E-15
7898	3.3496E-15
7900	3.3479E-15
7902	3.3369E-15
7904	3.3352E-15
7906	3.3335E-15
7908	3.3319E-15
7910	3.3302E-15
7912	3.3285E-15
7914	3.336E-15
7916	3.319E-15
7918	3.3082E-15
7920	3.2944E-15
7922	3.2836E-15
7924	3.2759E-15
7926	3.2682E-15
7928	3.2666E-15
7930	3.2649E-15
7932	3.2633E-15
7934	3.2676E-15
7936	3.272E-15
7938	3.2734E-15
7940	3.2838E-15
7942	3.2973E-15
7944	3.3109E-15
7946	3.3092E-15
7948	3.3075E-15
7950	3.3059E-15
7952	3.3042E-15
7954	3.2934E-15
7956	3.2857E-15
7958	3.2841E-15
7960	3.2824E-15
7962	3.2747E-15
7964	3.2731E-15
7966	3.2714E-15
7968	3.2758E-15
7970	3.2742E-15
7972	3.2665E-15
7974	3.2619E-15
7976	3.2542E-15
7978	3.2377E-15
7980	3.2241E-15
7982	3.2136E-15
7984	3.212E-15
7986	3.2045E-15
7988	3.2029E-15
7990	3.2072E-15
7992	3.2145E-15
7994	3.2188E-15
7996	3.2113E-15
7998	3.2008E-15
8000	3.1992E-15
8002	3.1976E-15
8004	3.196E-15
8006	3.1944E-15
8008	3.2016E-15
8010	3.2059E-15
8012	3.2102E-15
8014	3.2086E-15
8016	3.207E-15
8018	3.2054E-15
8020	3.1921E-15
8022	3.1758E-15
8024	3.1684E-15
8026	3.1581E-15
8028	3.1449E-15
8030	3.1433E-15
8032	3.1418E-15
8034	3.1402E-15
8036	3.1386E-15
8038	3.1371E-15
8040	3.1413E-15
8042	3.1397E-15
8044	3.1439E-15
8046	3.1424E-15
8048	3.1408E-15
8050	3.1335E-15
8052	3.1262E-15
8054	3.1246E-15
8056	3.1231E-15
8058	3.1129E-15
8060	3.1114E-15
8062	3.1184E-15
8064	3.1226E-15
8066	3.1268E-15
8068	3.1253E-15
8070	3.1237E-15
8072	3.1222E-15
8074	3.1149E-15
8076	3.1076E-15
8078	3.1061E-15
8080	3.096E-15
8082	3.0887E-15
8084	3.0815E-15
8086	3.0772E-15
8088	3.0757E-15
8090	3.0741E-15
8092	3.067E-15
8094	3.0654E-15
8096	3.0583E-15
8098	3.0568E-15
8100	3.0468E-15
8102	3.0453E-15
8104	3.0438E-15
8106	3.0423E-15
8108	3.0492E-15
8110	3.0477E-15
8112	3.0406E-15
8114	3.0363E-15
8116	3.0293E-15
8118	3.0278E-15
8120	3.0207E-15
8122	3.0192E-15
8124	3.0289E-15
8126	3.0302E-15
8128	3.0343E-15
8130	3.0384E-15
8132	3.0369E-15
8134	3.0354E-15
8136	3.0339E-15
8138	3.0324E-15
8140	3.0309E-15
8142	3.0294E-15
8144	3.0279E-15
8146	3.0264E-15
8148	3.0194E-15
8150	3.0124E-15
8152	3.0081E-15
8154	3.0011E-15
8156	2.9941E-15
8158	2.9926E-15
8160	2.9912E-15
8162	2.9897E-15
8164	2.98E-15
8166	2.9785E-15
8168	2.9771E-15
8170	2.9701E-15
8172	2.9742E-15
8174	2.9809E-15
8176	2.985E-15
8178	2.978E-15
8180	2.9683E-15
8182	2.956E-15
8184	2.9355E-15
8186	2.9153E-15
8188	2.8924E-15
8190	2.8937E-15
8192	2.903E-15
8194	2.9069E-15
8196	2.9135E-15
8198	2.9175E-15
8200	2.9214E-15
8202	2.9227E-15
8204	2.9212E-15
8206	2.9252E-15
8208	2.9292E-15
8210	2.9413E-15
8212	2.9534E-15
8214	2.952E-15
8216	2.9614E-15
8218	2.9627E-15
8220	2.9667E-15
8222	2.9598E-15
8224	2.9557E-15
8226	2.9434E-15
8228	2.923E-15
8230	2.9082E-15
8232	2.8934E-15
8234	2.8787E-15
8236	2.872E-15
8238	2.8653E-15
8240	2.8692E-15
8242	2.8731E-15
8244	2.8797E-15
8246	2.8836E-15
8248	2.8875E-15
8250	2.8888E-15
8252	2.8874E-15
8254	2.8833E-15
8256	2.8819E-15
8258	2.8699E-15
8260	2.8606E-15
8262	2.854E-15
8264	2.8526E-15
8266	2.8512E-15
8268	2.8446E-15
8270	2.8432E-15
8272	2.8366E-15
8274	2.8326E-15
8276	2.8208E-15
8278	2.8117E-15
8280	2.8E-15
8282	2.7987E-15
8284	2.7973E-15
8286	2.8011E-15
8288	2.7998E-15
8290	2.7984E-15
8292	2.7971E-15
8294	2.7906E-15
8296	2.7892E-15
8298	2.7802E-15
8300	2.7686E-15
8302	2.7546E-15
8304	2.7406E-15
8306	2.7342E-15
8308	2.7329E-15
8310	2.7241E-15
8312	2.7303E-15
8314	2.734E-15
8316	2.7377E-15
8318	2.744E-15
8320	2.7477E-15
8322	2.754E-15
8324	2.7578E-15
8326	2.7564E-15
8328	2.7551E-15
8330	2.7538E-15
8332	2.7474E-15
8334	2.7436E-15
8336	2.7549E-15
8338	2.7612E-15
8340	2.7777E-15
8342	2.7764E-15
8344	2.775E-15
8346	2.7737E-15
8348	2.7597E-15
8350	2.7457E-15
8352	2.7317E-15
8354	2.7254E-15
8356	2.7241E-15
8358	2.7228E-15
8360	2.7165E-15
8362	2.7077E-15
8364	2.6915E-15
8366	2.6778E-15
8368	2.6594E-15
8370	2.641E-15
8372	2.6373E-15
8374	2.6361E-15
8376	2.6421E-15
8378	2.6457E-15
8380	2.6566E-15
8382	2.6676E-15
8384	2.6713E-15
8386	2.6823E-15
8388	2.686E-15
8390	2.6897E-15
8392	2.6884E-15
8394	2.6896E-15
8396	2.6858E-15
8398	2.6747E-15
8400	2.666E-15
8402	2.6598E-15
8404	2.6586E-15
8406	2.6622E-15
8408	2.6609E-15
8410	2.6597E-15
8412	2.6535E-15
8414	2.6523E-15
8416	2.6559E-15
8418	2.6571E-15
8420	2.6558E-15
8422	2.6472E-15
8424	2.6338E-15
8426	2.6277E-15
8428	2.6313E-15
8430	2.6373E-15
8432	2.6361E-15
8434	2.6276E-15
8436	2.6215E-15
8438	2.6154E-15
8440	2.6022E-15
8442	2.5938E-15
8444	2.583E-15
8446	2.5818E-15
8448	2.5806E-15
8450	2.5841E-15
8452	2.5876E-15
8454	2.5888E-15
8456	2.5971E-15
8458	2.5911E-15
8460	2.5827E-15
8462	2.5768E-15
8464	2.5755E-15
8466	2.5696E-15
8468	2.5684E-15
8470	2.5719E-15
8472	2.5754E-15
8474	2.5766E-15
8476	2.5754E-15
8478	2.5742E-15
8480	2.5729E-15
8482	2.5694E-15
8484	2.5681E-15
8486	2.5669E-15
8488	2.5657E-15
8490	2.5669E-15
8492	2.5657E-15
8494	2.5692E-15
8496	2.5727E-15
8498	2.5715E-15
8500	2.5703E-15
8502	2.5691E-15
8504	2.5632E-15
8506	2.5549E-15
8508	2.5396E-15
8510	2.5267E-15
8512	2.5256E-15
8514	2.529E-15
8516	2.5325E-15
8518	2.5336E-15
8520	2.5418E-15
8522	2.5453E-15
8524	2.5511E-15
8526	2.5617E-15
8528	2.5652E-15
8530	2.5688E-15
8532	2.5676E-15
8534	2.5663E-15
8536	2.5651E-15
8538	2.5639E-15
8540	2.5627E-15
8542	2.5521E-15
8544	2.5392E-15
8546	2.5264E-15
8548	2.5136E-15
8550	2.4962E-15
8552	2.4859E-15
8554	2.4733E-15
8556	2.4722E-15
8558	2.471E-15
8560	2.4744E-15
8562	2.4801E-15
8564	2.4835E-15
8566	2.4869E-15
8568	2.4812E-15
8570	2.4755E-15
8572	2.4675E-15
8574	2.4573E-15
8576	2.4493E-15
8578	2.4437E-15
8580	2.4538E-15
8582	2.4617E-15
8584	2.472E-15
8586	2.4663E-15
8588	2.4651E-15
8590	2.464E-15
8592	2.447E-15
8594	2.4346E-15
8596	2.4223E-15
8598	2.41E-15
8600	2.4045E-15
8602	2.3923E-15
8604	2.3868E-15
8606	2.3813E-15
8608	2.3802E-15
8610	2.3835E-15
8612	2.3934E-15
8614	2.3967E-15
8616	2.4E-15
8618	2.4055E-15
8620	2.4088E-15
8622	2.4033E-15
8624	2.3955E-15
8626	2.39E-15
8628	2.3845E-15
8630	2.3768E-15
8632	2.367E-15
8634	2.3594E-15
8636	2.3539E-15
8638	2.3464E-15
8640	2.3561E-15
8642	2.3702E-15
8644	2.3845E-15
8646	2.3944E-15
8648	2.3977E-15
8650	2.4032E-15
8652	2.4132E-15
8654	2.421E-15
8656	2.4265E-15
8658	2.4299E-15
8660	2.4243E-15
8662	2.4232E-15
8664	2.4109E-15
8666	2.3899E-15
8668	2.3735E-15
8670	2.3615E-15
8672	2.3539E-15
8674	2.3441E-15
8676	2.3474E-15
8678	2.3615E-15
8680	2.3756E-15
8682	2.3702E-15
8684	2.3625E-15
8686	2.3528E-15
8688	2.3409E-15
8690	2.3291E-15
8692	2.3194E-15
8694	2.312E-15
8696	2.3066E-15
8698	2.3013E-15
8700	2.2982E-15
8702	2.2971E-15
8704	2.2918E-15
8706	2.2908E-15
8708	2.2813E-15
8710	2.2782E-15
8712	2.2729E-15
8714	2.2677E-15
8716	2.2667E-15
8718	2.2656E-15
8720	2.2646E-15
8722	2.2635E-15
8724	2.2667E-15
8726	2.2761E-15
8728	2.2834E-15
8730	2.2887E-15
8732	2.2877E-15
8734	2.2866E-15
8736	2.2856E-15
8738	2.274E-15
8740	2.2688E-15
8742	2.2615E-15
8744	2.2605E-15
8746	2.2553E-15
8748	2.2543E-15
8750	2.2574E-15
8752	2.2563E-15
8754	2.2574E-15
8756	2.2543E-15
8758	2.245E-15
8760	2.2439E-15
8762	2.2429E-15
8764	2.246E-15
8766	2.2491E-15
8768	2.2481E-15
8770	2.2471E-15
8772	2.2461E-15
8774	2.2409E-15
8776	2.2358E-15
8778	2.2286E-15
8780	2.2194E-15
8782	2.2082E-15
8784	2.197E-15
8786	2.2001E-15
8788	2.2052E-15
8790	2.2082E-15
8792	2.2133E-15
8794	2.2164E-15
8796	2.2256E-15
8798	2.2287E-15
8800	2.238E-15
8802	2.2452E-15
8804	2.2442E-15
8806	2.2432E-15
8808	2.2422E-15
8810	2.2329E-15
8812	2.2216E-15
8814	2.2165E-15
8816	2.2155E-15
8818	2.2227E-15
8820	2.2278E-15
8822	2.2268E-15
8824	2.2258E-15
8826	2.2207E-15
8828	2.2177E-15
8830	2.2126E-15
8832	2.2116E-15
8834	2.2004E-15
8836	2.1954E-15
8838	2.1843E-15
8840	2.1793E-15
8842	2.1743E-15
8844	2.1713E-15
8846	2.1723E-15
8848	2.1794E-15
8850	2.1884E-15
8852	2.1874E-15
8854	2.1824E-15
8856	2.1714E-15
8858	2.1645E-15
8860	2.1595E-15
8862	2.1545E-15
8864	2.1437E-15
8866	2.1329E-15
8868	2.1241E-15
8870	2.1095E-15
8872	2.093E-15
8874	2.0748E-15
8876	2.0606E-15
8878	2.0426E-15
8880	2.0267E-15
8882	2.0184E-15
8884	2.0212E-15
8886	2.0203E-15
8888	2.0231E-15
8890	2.0371E-15
8892	2.0494E-15
8894	2.056E-15
8896	2.0646E-15
8898	2.0732E-15
8900	2.0761E-15
8902	2.0751E-15
8904	2.078E-15
8906	2.0771E-15
8908	2.0819E-15
8910	2.0848E-15
8912	2.0896E-15
8914	2.0887E-15
8916	2.0916E-15
8918	2.0907E-15
8920	2.0801E-15
8922	2.0696E-15
8924	2.0573E-15
8926	2.0545E-15
8928	2.0536E-15
8930	2.0489E-15
8932	2.048E-15
8934	2.0508E-15
8936	2.0461E-15
8938	2.0452E-15
8940	2.0405E-15
8942	2.034E-15
8944	2.0293E-15
8946	2.0247E-15
8948	2.0145E-15
8950	2.0099E-15
8952	2.009E-15
8954	2.0026E-15
8956	1.9943E-15
8958	1.9916E-15
8960	1.987E-15
8962	1.9953E-15
8964	2.0036E-15
8966	2.0101E-15
8968	2.0185E-15
8970	2.0269E-15
8972	2.0297E-15
8974	2.042E-15
8976	2.0543E-15
8978	2.0628E-15
8980	2.0657E-15
8982	2.0705E-15
8984	2.0734E-15
8986	2.0629E-15
8988	2.0544E-15
8990	2.0441E-15
8992	2.0432E-15
8994	2.0423E-15
8996	2.0414E-15
8998	2.0442E-15
9000	2.049E-15
9002	2.0518E-15
9004	2.0509E-15
9006	2.05E-15
9008	2.0491E-15
9010	2.035E-15
9012	2.0118E-15
9014	1.9943E-15
9016	1.9842E-15
9018	1.9833E-15
9020	1.9788E-15
9022	1.9779E-15
9024	1.9771E-15
9026	1.9762E-15
9028	1.9753E-15
9030	1.9744E-15
9032	1.9736E-15
9034	1.9727E-15
9036	1.9718E-15
9038	1.971E-15
9040	1.9701E-15
9042	1.9638E-15
9044	1.9629E-15
9046	1.9548E-15
9048	1.9486E-15
9050	1.9405E-15
9052	1.9397E-15
9054	1.946E-15
9056	1.9487E-15
9058	1.9479E-15
9060	1.9398E-15
9062	1.9301E-15
9064	1.9204E-15
9066	1.9124E-15
9068	1.9063E-15
9070	1.9055E-15
9072	1.917E-15
9074	1.9285E-15
9076	1.9419E-15
9078	1.9572E-15
9080	1.969E-15
9082	1.9845E-15
9084	1.9965E-15
9086	2.0104E-15
9088	2.0225E-15
9090	2.0216E-15
9092	2.0207E-15
9094	2.0198E-15
9096	2.0226E-15
9098	2.0273E-15
9100	2.0302E-15
9102	2.0256E-15
9104	2.0228E-15
9106	2.0219E-15
9108	2.0136E-15
9110	2.0072E-15
9112	1.9989E-15
9114	1.9834E-15
9116	1.9698E-15
9118	1.9616E-15
9120	1.968E-15
9122	1.9726E-15
9124	1.979E-15
9126	1.9836E-15
9128	1.9919E-15
9130	1.9947E-15
9132	1.9975E-15
9134	2.0022E-15
9136	2.0013E-15
9138	1.9912E-15
9140	1.9776E-15
9142	1.9712E-15
9144	1.9849E-15
9146	2.0006E-15
9148	2.0126E-15
9150	2.0118E-15
9152	2.0109E-15
9154	2.01E-15
9156	2.0091E-15
9158	2.0083E-15
9160	2.0074E-15
9162	2.0102E-15
9164	2.0112E-15
9166	2.014E-15
9168	2.0094E-15
9170	2.0067E-15
9172	2.0058E-15
9174	2.0142E-15
9176	2.0226E-15
9178	2.0311E-15
9180	2.0302E-15
9182	2.0293E-15
9184	2.0321E-15
9186	2.0313E-15
9188	2.0341E-15
9190	2.0389E-15
9192	2.0324E-15
9194	2.0315E-15
9196	2.0268E-15
9198	2.0353E-15
9200	2.0382E-15
