2703.8508	3.11076E-13
2705.9994	3.0073E-13
2708.148	2.93148E-13
2710.2966	2.86812E-13
2712.4453	2.82429E-13
2714.5939	2.83023E-13
2716.7425	2.85716E-13
2718.8911	2.85265E-13
2721.0397	2.75272E-13
2723.1883	2.49733E-13
2725.337	2.17366E-13
2727.4856	1.85228E-13
2729.6342	1.6681E-13
2731.7828	1.62607E-13
2733.9314	1.70316E-13
2736.08	1.7872E-13
2738.2287	1.82933E-13
2740.3773	1.8164E-13
2742.5259	1.77227E-13
2744.6745	1.70549E-13
2746.8231	1.62021E-13
2748.9717	1.53494E-13
2751.1203	1.47439E-13
2753.269	1.44789E-13
2755.4176	1.42055E-13
2757.5662	1.3545E-13
2759.7148	1.24825E-13
2761.8634	1.14085E-13
2764.012	1.09182E-13
2766.1607	1.11655E-13
2768.3093	1.1749E-13
2770.4579	1.20595E-13
2772.6065	1.17993E-13
2774.7551	1.12301E-13
2776.9037	1.08171E-13
2779.0524	1.07606E-13
2781.201	1.06848E-13
2783.3496	1.03967E-13
2785.4982	9.75946E-14
2787.6468	9.18663E-14
2789.7954	8.63947E-14
2791.944	8.14738E-14
2794.0927	7.3918E-14
2796.2413	6.68163E-14
2798.3899	6.22036E-14
2800.5385	6.27984E-14
2802.6871	6.57783E-14
2804.8357	6.88996E-14
2806.9844	6.91754E-14
2809.133	6.66326E-14
2811.2816	6.16344E-14
2813.4302	5.52534E-14
2815.5788	4.91696E-14
2817.7274	4.50644E-14
2819.8761	4.48303E-14
2822.0247	4.79634E-14
2824.1733	5.25592E-14
2826.3219	5.50539E-14
2828.4705	5.30797E-14
2830.6191	4.78485E-14
2832.7677	4.25804E-14
2834.9164	4.10536E-14
2837.065	4.26474E-14
2839.2136	4.5377E-14
2841.3622	4.60234E-14
2843.5108	4.50736E-14
2845.6594	4.36984E-14
2847.8081	4.27573E-14
2849.9567	4.12625E-14
2852.1053	3.90212E-14
2854.2539	3.66983E-14
2856.4025	3.57102E-14
2858.5511	3.56566E-14
2860.6998	3.56687E-14
2862.8484	3.49008E-14
2864.997	3.39925E-14
2867.1456	3.35685E-14
2869.2942	3.3642E-14
2871.4428	3.36846E-14
2873.5914	3.32339E-14
2875.7401	3.2729E-14
2877.8887	3.253E-14
2880.0373	3.2903E-14
2882.1859	3.32191E-14
2884.3345	3.3292E-14
2886.4831	3.32731E-14
2888.6318	3.34385E-14
2890.7804	3.3543E-14
2892.929	3.28818E-14
2895.0776	3.13265E-14
2897.2262	2.90848E-14
2899.3748	2.76836E-14
2901.5235	2.84957E-14
2903.6721	3.09127E-14
2905.8207	3.32272E-14
2907.9693	3.34851E-14
2910.1179	3.21078E-14
2912.2665	3.04207E-14
2914.4151	2.90355E-14
2916.5638	2.779E-14
2918.7124	2.62089E-14
2920.861	2.46269E-14
2923.0096	2.37231E-14
2925.1582	2.34279E-14
2927.3068	2.32646E-14
2929.4555	2.31024E-14
2931.6041	2.33465E-14
2933.7527	2.38333E-14
2935.9013	2.32353E-14
2938.0499	2.19945E-14
2940.1985	2.18212E-14
2942.3472	2.32618E-14
2944.4958	2.51889E-14
2946.6444	2.56671E-14
2948.793	2.48166E-14
2950.9416	2.42611E-14
2953.0902	2.42705E-14
2955.2388	2.41016E-14
2957.3875	2.33461E-14
2959.5361	2.26978E-14
2961.6847	2.24778E-14
2963.8333	2.18738E-14
2965.9819	2.01602E-14
2968.1305	1.84614E-14
2970.2792	1.83839E-14
2972.4278	1.98157E-14
2974.5764	2.15964E-14
2976.725	2.26649E-14
2978.8736	2.25283E-14
2981.0222	2.15229E-14
2983.1709	2.05814E-14
2985.3195	2.03634E-14
2987.4681	2.04845E-14
2989.6167	2.00079E-14
2991.7653	1.9168E-14
2993.9139	1.88431E-14
2996.0625	1.92899E-14
2998.2112	1.99667E-14
3000.3598	2.02155E-14
3002.5084	1.98913E-14
3004.657	1.95003E-14
3006.8056	1.89942E-14
3008.9542	1.81803E-14
3011.1029	1.79879E-14
3013.2515	1.94429E-14
3015.4001	2.12101E-14
3017.5487	2.09085E-14
3019.6973	1.92002E-14
3021.8459	1.83606E-14
3023.9946	1.83176E-14
3026.1432	1.78259E-14
3028.2918	1.69839E-14
3030.4404	1.66809E-14
3032.589	1.69358E-14
3034.7376	1.7258E-14
3036.8862	1.7329E-14
3039.0349	1.68485E-14
3041.1835	1.63511E-14
3043.3321	1.72081E-14
3045.4807	1.87897E-14
3047.6293	1.83361E-14
3049.7779	1.61694E-14
3051.9266	1.55483E-14
3054.0752	1.69618E-14
3056.2238	1.86922E-14
3058.3724	1.98176E-14
3060.521	2.01577E-14
3062.6696	1.98898E-14
3064.8183	1.94277E-14
3066.9669	1.87851E-14
3069.1155	1.79475E-14
3071.2641	1.75468E-14
3073.4127	1.79966E-14
3075.5613	1.85944E-14
3077.7099	1.85002E-14
3079.8586	1.80871E-14
3082.0072	1.78141E-14
3084.1558	1.71933E-14
3086.3044	1.67014E-14
3088.453	1.77725E-14
3090.6016	1.98402E-14
3092.7503	2.08998E-14
3094.8989	2.0471E-14
3097.0475	1.94866E-14
3099.1961	1.95494E-14
3101.3447	2.07268E-14
3103.4933	2.10441E-14
3105.642	2.04799E-14
3107.7906	2.05839E-14
3109.9392	2.09762E-14
3112.0878	2.10246E-14
3114.2364	2.15838E-14
3116.385	2.19346E-14
3118.5336	2.08416E-14
3120.6823	1.98762E-14
3122.8309	2.00509E-14
3124.9795	1.98398E-14
3127.1281	1.91311E-14
3129.2767	1.85671E-14
3131.4253	1.82368E-14
3133.574	1.88257E-14
3135.7226	2.00519E-14
3137.8712	2.0776E-14
3140.0198	2.0901E-14
3142.1684	2.03598E-14
3144.317	1.96689E-14
3146.4657	1.96963E-14
3148.6143	1.97785E-14
3150.7629	2.00263E-14
3152.9115	2.09608E-14
3155.0601	2.14989E-14
3157.2087	2.10003E-14
3159.3573	2.0419E-14
3161.506	2.08854E-14
3163.6546	2.13823E-14
3165.8032	2.15508E-14
3167.9518	2.17608E-14
3170.1004	2.14529E-14
3172.249	2.01975E-14
3174.3977	1.96024E-14
3176.5463	1.99766E-14
3178.6949	2.00601E-14
3180.8435	1.99043E-14
3182.9921	1.97861E-14
3185.1407	1.97049E-14
3187.2894	1.9624E-14
3189.438	1.97244E-14
3191.5866	1.98801E-14
3193.7352	1.94551E-14
3195.8838	1.90217E-14
3198.0324	1.91719E-14
3200.181	1.95201E-14
3202.3297	1.962E-14
3204.4783	1.93605E-14
3206.6269	1.92812E-14
3208.7755	1.96858E-14
3210.9241	1.99146E-14
3213.0727	1.9742E-14
3215.2214	1.95348E-14
3217.37	1.98166E-14
3219.5186	1.97174E-14
3221.6672	1.90314E-14
3223.8158	1.9306E-14
3225.9644	1.98387E-14
3228.1131	2.02924E-14
3230.2617	2.01723E-14
3232.4103	1.9687E-14
3234.5589	1.95885E-14
3236.7075	1.92586E-14
3238.8561	1.88646E-14
3241.0047	1.89615E-14
3243.1534	1.87455E-14
3245.302	1.8532E-14
3247.4506	1.86272E-14
3249.5992	1.91237E-14
3251.7478	1.98334E-14
3253.8964	2.00458E-14
3256.0451	2.03353E-14
3258.1937	2.03835E-14
3260.3423	2.01514E-14
3262.4909	1.95584E-14
3264.6395	1.88956E-14
3266.7881	1.86119E-14
3268.9368	1.85703E-14
3271.0854	1.89779E-14
3273.234	1.91107E-14
3275.3826	1.88065E-14
3277.5312	1.89033E-14
3279.6798	1.87227E-14
3281.8285	1.88712E-14
3283.9771	1.86737E-14
3286.1257	1.84954E-14
3288.2743	1.92174E-14
3290.4229	1.92455E-14
3292.5715	1.92027E-14
3294.7201	1.92484E-14
3296.8688	1.8803E-14
3299.0174	1.87613E-14
3301.166	1.88928E-14
3303.3146	1.92368E-14
3305.4632	1.97682E-14
3307.6118	1.92931E-14
3309.7605	1.87085E-14
3311.9091	1.92963E-14
3314.0577	1.96658E-14
3316.2063	1.89125E-14
3318.3549	1.87321E-14
3320.5035	1.87251E-14
3322.6522	1.87009E-14
3324.8008	1.91294E-14
3326.9494	1.89819E-14
3329.098	1.856E-14
3331.2466	1.88113E-14
3333.3952	1.84441E-14
3335.5438	1.80509E-14
3337.6925	1.82953E-14
3339.8411	1.81878E-14
3341.9897	1.81143E-14
3344.1383	1.91718E-14
3346.2869	1.90944E-14
3348.4355	1.89124E-14
3350.5842	1.90104E-14
3352.7328	1.88293E-14
3354.8814	1.80583E-14
3357.03	1.7431E-14
3359.1786	1.82291E-14
3361.3272	1.89239E-14
3363.4759	1.85547E-14
3365.6245	1.82264E-14
3367.7731	1.77888E-14
3369.9217	1.80465E-14
3372.0703	1.83755E-14
3374.2189	1.77863E-14
3376.3675	1.78621E-14
3378.5162	1.78065E-14
3380.6648	1.80313E-14
3382.8134	1.83601E-14
3384.962	1.80353E-14
3387.1106	1.80623E-14
3389.2592	1.75963E-14
3391.4079	1.73649E-14
3393.5565	1.7295E-14
3395.7051	1.72573E-14
3397.8537	1.72196E-14
3400.0023	1.73569E-14
3402.1509	1.75438E-14
3404.2996	1.75864E-14
3406.4482	1.75804E-14
3408.5968	1.73812E-14
3410.7454	1.70425E-14
3412.894	1.72737E-14
3415.0426	1.72044E-14
3417.1912	1.77784E-14
3419.3399	1.75771E-14
3421.4885	1.72029E-14
3423.6371	1.74524E-14
3425.7857	1.73345E-14
3427.9343	1.70281E-14
3430.0829	1.64673E-14
3432.2316	1.66448E-14
3434.3802	1.63959E-14
3436.5288	1.66952E-14
3438.6774	1.711E-14
3440.826	1.70729E-14
3442.9746	1.66788E-14
3445.1233	1.63389E-14
3447.2719	1.62885E-14
3449.4205	1.64339E-14
3451.5691	1.63681E-14
3453.7177	1.63477E-14
3455.8663	1.6148E-14
3458.0149	1.63523E-14
3460.1636	1.65439E-14
3462.3122	1.66763E-14
3464.4608	1.66556E-14
3466.6094	1.71958E-14
3468.758	1.67372E-14
3470.9066	1.57017E-14
3473.0553	1.59885E-14
3475.2039	1.6072E-14
3477.3525	1.61709E-14
3479.5011	1.60324E-14
3481.6497	1.59097E-14
3483.7983	1.58171E-14
3485.947	1.58997E-14
3488.0956	1.61308E-14
3490.2442	1.60813E-14
3492.3928	1.57829E-14
3494.5414	1.59386E-14
3496.69	1.623E-14
3498.8386	1.59582E-14
3500.9873	1.60122E-14
3503.1359	1.61852E-14
3505.2845	1.60911E-14
3507.4331	1.58217E-14
3509.5817	1.56142E-14
3511.7303	1.54522E-14
3513.879	1.53482E-14
3516.0276	1.49805E-14
3518.1762	1.52826E-14
3520.3248	1.54905E-14
3522.4734	1.53439E-14
3524.622	1.51289E-14
3526.7707	1.51942E-14
3528.9193	1.54863E-14
3531.0679	1.52553E-14
3533.2165	1.51947E-14
3535.3651	1.50509E-14
3537.5137	1.52418E-14
3539.6623	1.535E-14
3541.811	1.50654E-14
3543.9596	1.48818E-14
3546.1082	1.49874E-14
3548.2568	1.508E-14
3550.4054	1.50479E-14
3552.554	1.49056E-14
3554.7027	1.46969E-14
3556.8513	1.44112E-14
3558.9999	1.42618E-14
3561.1485	1.44961E-14
3563.2971	1.47342E-14
3565.4457	1.45547E-14
3567.5944	1.44305E-14
3569.743	1.42154E-14
3571.8916	1.44356E-14
3574.0402	1.42992E-14
3576.1888	1.41121E-14
3578.3374	1.43308E-14
3580.486	1.4674E-14
3582.6347	1.41002E-14
3584.7833	1.398E-14
3586.9319	1.40277E-14
3589.0805	1.41145E-14
3591.2291	1.43597E-14
3593.3777	1.41588E-14
3595.5264	1.42727E-14
3597.675	1.4112E-14
3599.8236	1.40046E-14
3601.9722	1.3898E-14
3604.1208	1.41134E-14
3606.2694	1.41356E-14
3608.4181	1.37088E-14
3610.5667	1.37683E-14
3612.7153	1.37014E-14
3614.8639	1.37609E-14
3617.0125	1.3556E-14
3619.1611	1.38298E-14
3621.3097	1.38772E-14
3623.4584	1.40535E-14
3625.607	1.36795E-14
3627.7556	1.36507E-14
3629.9042	1.37861E-14
3632.0528	1.37825E-14
3634.2014	1.36777E-14
3636.3501	1.34865E-14
3638.4987	1.35453E-14
3640.6473	1.31363E-14
3642.7959	1.29766E-14
3644.9445	1.32023E-14
3647.0931	1.33579E-14
3649.2418	1.30505E-14
3651.3904	1.30231E-14
3653.539	1.33353E-14
3655.6876	1.33442E-14
3657.8362	1.30252E-14
3659.9848	1.31909E-14
3662.1334	1.31028E-14
3664.2821	1.31478E-14
3666.4307	1.31324E-14
3668.5793	1.33363E-14
3670.7279	1.33945E-14
3672.8765	1.3453E-14
3675.0251	1.32651E-14
3677.1738	1.34959E-14
3679.3224	1.34678E-14
3681.471	1.31944E-14
3683.6196	1.31426E-14
3685.7682	1.29353E-14
3687.9168	1.27429E-14
3690.0655	1.25419E-14
3692.2141	1.27837E-14
3694.3627	1.26053E-14
3696.5113	1.28011E-14
3698.6599	1.28334E-14
3700.8085	1.2666E-14
3702.9571	1.2628E-14
3705.1058	1.26716E-14
3707.2544	1.26802E-14
3709.403	1.26422E-14
3711.5516	1.26276E-14
3713.7002	1.2613E-14
3715.8488	1.2437E-14
3717.9975	1.24915E-14
3720.1461	1.27559E-14
3722.2947	1.24283E-14
3724.4433	1.21986E-14
3726.5919	1.19621E-14
3728.7405	1.20145E-14
3730.8892	1.20118E-14
3733.0378	1.2009E-14
3735.1864	1.22746E-14
3737.335	1.20811E-14
3739.4836	1.19017E-14
3741.6322	1.20312E-14
3743.7808	1.19732E-14
3745.9295	1.17412E-14
3748.0781	1.1869E-14
3750.2267	1.19211E-14
3752.3753	1.17874E-14
3754.5239	1.15484E-14
3756.6725	1.16312E-14
3758.8212	1.17362E-14
3760.9698	1.1875E-14
3763.1184	1.18178E-14
3765.267	1.15675E-14
3767.4156	1.14379E-14
3769.5642	1.18318E-14
3771.7129	1.2038E-14
3773.8615	1.20687E-14
3776.0101	1.14279E-14
3778.1587	1.13624E-14
3780.3073	1.13704E-14
3782.4559	1.12534E-14
3784.6045	1.13133E-14
3786.7532	1.13527E-14
3788.9018	1.11226E-14
3791.0504	1.13061E-14
3793.199	1.12518E-14
3795.3476	1.08725E-14
3797.4962	1.08702E-14
3799.6449	1.08279E-14
3801.7935	1.10983E-14
3803.9421	1.09639E-14
3806.0907	1.09112E-14
3808.2393	1.07296E-14
3810.3879	1.08366E-14
3812.5366	1.0975E-14
3814.6852	1.08821E-14
3816.8338	1.05542E-14
3818.9824	1.03404E-14
3821.131	1.05208E-14
3823.2796	1.05672E-14
3825.4282	1.06628E-14
3827.5769	1.07395E-14
3829.7255	1.0777E-14
3831.8741	1.07154E-14
3834.0227	1.06936E-14
3836.1713	1.0477E-14
3838.3199	1.06893E-14
3840.4686	1.08359E-14
3842.6172	1.08038E-14
3844.7658	1.08116E-14
3846.9144	1.07797E-14
3849.063	1.06591E-14
3851.2116	1.06669E-14
3853.3603	1.06158E-14
3855.5089	1.05164E-14
3857.6575	1.05435E-14
3859.8061	1.06194E-14
3861.9547	1.05007E-14
3864.1033	1.04697E-14
3866.2519	1.05063E-14
3868.4006	1.05431E-14
3870.5492	1.04541E-14
3872.6978	1.03182E-14
3874.8464	1.02123E-14
3876.995	1.0248E-14
3879.1436	1.02556E-14
3881.2923	1.02348E-14
3883.4409	1.01297E-14
3885.5895	1.01652E-14
3887.7381	1.03238E-14
3889.8867	1.01615E-14
3892.0353	1.02159E-14
3894.184	1.02612E-14
3896.3326	1.01934E-14
3898.4812	1.03524E-14
3900.6298	1.02085E-14
3902.7784	1.00204E-14
3904.927	1.01113E-14
3907.0756	1.01188E-14
3909.2243	1.0145E-14
3911.3729	1.00966E-14
3913.5215	1.01227E-14
3915.6701	1.0224E-14
3917.8187	1.02883E-14
3919.9673	1.00894E-14
3922.116	9.92181E-15
3924.2646	9.99344E-15
3926.4132	9.93664E-15
3928.5618	9.84384E-15
3930.7104	9.94236E-15
3932.859	9.9315E-15
3935.0077	9.92066E-15
3937.1563	9.88249E-15
3939.3049	9.81731E-15
3941.4535	9.76155E-15
3943.6021	9.66152E-15
3945.7507	9.8758E-15
3947.8993	9.97469E-15
3950.048	1.00653E-14
3952.1966	9.97136E-15
3954.3452	9.7338E-15
3956.4938	9.51942E-15
3958.6424	9.35274E-15
3960.791	9.07126E-15
3962.9397	8.87967E-15
3965.0883	8.8864E-15
3967.2369	8.96717E-15
3969.3855	9.1156E-15
3971.5341	9.40405E-15
3973.6827	9.54213E-15
3975.8314	9.48802E-15
3977.98	9.52152E-15
3980.1286	9.43273E-15
3982.2772	9.53605E-15
3984.4258	9.71181E-15
3986.5744	9.84537E-15
3988.723	9.72666E-15
3990.8717	9.64486E-15
3993.0203	9.52859E-15
3995.1689	9.6953E-15
3997.3175	9.82866E-15
3999.4661	9.85434E-15
4001.6147	9.60199E-15
4003.7634	9.64484E-15
4005.912	9.63449E-15
4008.0606	9.62417E-15
4010.2092	9.69388E-15
4012.3578	9.6835E-15
4014.5064	9.70884E-15
4016.6551	9.63613E-15
4018.8037	9.6347E-15
4020.9523	9.65993E-15
4023.1009	9.67631E-15
4025.2495	9.75542E-15
4027.3981	9.87149E-15
4029.5467	9.8247E-15
4031.6954	9.72425E-15
4033.844	9.59828E-15
4035.9926	9.30103E-15
4038.1412	9.39439E-15
4040.2898	9.51495E-15
4042.4384	9.70834E-15
4044.5871	9.27007E-15
4046.7357	9.27731E-15
4048.8843	9.66854E-15
4051.0329	9.70287E-15
4053.1815	9.73732E-15
4055.3301	9.52312E-15
4057.4788	9.57457E-15
4059.6274	9.39852E-15
4061.776	9.19178E-15
4063.9246	9.34416E-15
4066.0732	9.23169E-15
4068.2218	9.23044E-15
4070.3704	9.20373E-15
4072.5191	9.1771E-15
4074.6677	9.04997E-15
4076.8163	8.96581E-15
4078.9649	8.84162E-15
4081.1135	8.85675E-15
4083.2621	8.83928E-15
4085.4108	8.91169E-15
4087.5594	8.66769E-15
4089.708	8.50838E-15
4091.8566	8.32896E-15
4094.0052	8.39721E-15
4096.1538	8.23529E-15
4098.3025	8.17379E-15
4100.4511	8.06805E-15
4102.5997	8.17925E-15
4104.7483	8.2387E-15
4106.8969	8.37537E-15
4109.0455	8.27465E-15
4111.1941	8.14509E-15
4113.3428	8.19675E-15
4115.4914	8.34043E-15
4117.64	8.35478E-15
4119.7886	8.40005E-15
4121.9372	8.65025E-15
4124.0858	8.47571E-15
4126.2345	8.35841E-15
4128.3831	8.49712E-15
4130.5317	8.56682E-15
4132.6803	8.71702E-15
4134.8289	8.5964E-15
4136.9775	8.73907E-15
4139.1262	8.82702E-15
4141.2748	8.9323E-15
4143.4234	8.73601E-15
4145.572	8.57556E-15
4147.7206	8.72595E-15
4149.8692	8.80568E-15
4152.0178	8.78847E-15
4154.1665	8.86878E-15
4156.3151	8.81891E-15
4158.4637	8.8995E-15
4160.6123	9.0974E-15
4162.7609	8.97158E-15
4164.9095	8.70203E-15
4167.0582	8.62129E-15
4169.2068	8.58074E-15
4171.3554	8.58771E-15
4173.504	8.70623E-15
4175.6526	8.79393E-15
4177.8012	8.68033E-15
4179.9499	8.52883E-15
4182.0985	8.89699E-15
4184.2471	9.0032E-15
4186.3957	8.85424E-15
4188.5443	8.78831E-15
4190.6929	8.6908E-15
4192.8415	8.73805E-15
4194.9902	8.63316E-15
4197.1388	8.84148E-15
4199.2874	8.70323E-15
4201.436	8.58294E-15
4203.5846	8.58207E-15
4205.7332	8.40133E-15
4207.8819	8.50168E-15
4210.0305	8.39965E-15
4212.1791	8.44536E-15
4214.3277	8.44452E-15
4216.4763	8.30486E-15
4218.6249	7.95957E-15
4220.7736	8.14418E-15
4222.9222	7.96536E-15
4225.0708	8.21795E-15
4227.2194	8.21717E-15
4229.368	8.07385E-15
4231.5166	8.00644E-15
4233.6652	8.17709E-15
4235.8139	8.16879E-15
4237.9625	8.18309E-15
4240.1111	8.12975E-15
4242.2597	7.83497E-15
4244.4083	7.81263E-15
4246.5569	8.03818E-15
4248.7056	8.08944E-15
4250.8542	8.08871E-15
4253.0028	8.12532E-15
4255.1514	7.84516E-15
4257.3	7.88067E-15
4259.4486	8.00433E-15
4261.5973	8.12245E-15
4263.7459	8.18934E-15
4265.8945	8.11356E-15
4268.0431	8.0533E-15
4270.1917	7.7542E-15
4272.3403	7.64012E-15
4274.4889	7.58339E-15
4276.6376	7.65291E-15
4278.7862	7.67345E-15
4280.9348	7.64459E-15
4283.0834	7.49063E-15
4285.232	7.75681E-15
4287.3806	7.69215E-15
4289.5293	7.71991E-15
4291.6779	7.85556E-15
4293.8265	7.64791E-15
4295.9751	7.33007E-15
4298.1237	7.20898E-15
4300.2723	7.27511E-15
4302.421	7.34186E-15
4304.5696	7.36838E-15
4306.7182	7.3814E-15
4308.8668	7.31317E-15
4311.0154	7.27231E-15
4313.164	7.38652E-15
4315.3126	7.37237E-15
4317.4613	7.3177E-15
4319.6099	7.10465E-15
4321.7585	6.8978E-15
4323.9071	7.05146E-15
4326.0557	6.87777E-15
4328.2043	6.82678E-15
4330.353	6.72024E-15
4332.5016	6.47671E-15
4334.6502	6.45243E-15
4336.7988	6.34006E-15
4338.9474	6.26416E-15
4341.096	6.28106E-15
4343.2447	6.12637E-15
4345.3933	6.29178E-15
4347.5419	6.63047E-15
4349.6905	6.63613E-15
4351.8391	6.75283E-15
4353.9877	6.74617E-15
4356.1364	6.81442E-15
4358.285	6.83283E-15
4360.4336	6.71386E-15
4362.5822	6.70725E-15
4364.7308	6.76265E-15
4366.8794	6.76222E-15
4369.028	6.9962E-15
4371.1767	7.05399E-15
4373.3253	6.93758E-15
4375.4739	6.98846E-15
4377.6225	7.0462E-15
4379.7711	6.98761E-15
4381.9197	7.01945E-15
4384.0684	7.27574E-15
4386.217	7.16228E-15
4388.3656	7.11584E-15
4390.5142	7.18788E-15
4392.6628	7.20072E-15
4394.8114	7.06889E-15
4396.9601	7.05548E-15
4399.1087	6.93909E-15
4401.2573	7.08073E-15
4403.4059	7.17223E-15
4405.5545	7.15864E-15
4407.7031	7.29133E-15
4409.8517	7.4539E-15
4412.0004	7.23703E-15
4414.149	7.23665E-15
4416.2976	7.18315E-15
4418.4462	7.37722E-15
4420.5948	7.21556E-15
4422.7434	7.1162E-15
4424.8921	7.07011E-15
4427.0407	7.0308E-15
4429.1893	7.07592E-15
4431.3379	7.11479E-15
4433.4865	7.02977E-15
4435.6351	7.09447E-15
4437.7838	7.12688E-15
4439.9324	7.3668E-15
4442.081	7.51724E-15
4444.2296	7.42743E-15
4446.3782	7.29825E-15
4448.5268	7.18454E-15
4450.6754	7.1118E-15
4452.8241	6.94961E-15
4454.9727	7.05247E-15
4457.1213	7.10432E-15
4459.2699	7.11712E-15
4461.4185	6.99336E-15
4463.5671	7.04478E-15
4465.7158	7.15566E-15
4467.8644	7.26159E-15
4470.013	7.26799E-15
4472.1616	7.3417E-15
4474.3102	7.29423E-15
4476.4588	7.25375E-15
4478.6075	7.32733E-15
4480.7561	7.25987E-15
4482.9047	7.19304E-15
4485.0533	7.1334E-15
4487.2019	7.02879E-15
4489.3505	6.97693E-15
4491.4991	7.11294E-15
4493.6478	7.26497E-15
4495.7964	7.29824E-15
4497.945	7.35874E-15
4500.0936	7.38565E-15
4502.2422	7.1643E-15
4504.3908	7.04627E-15
4506.5395	7.09815E-15
4508.6881	7.03933E-15
4510.8367	7.0391E-15
4512.9853	7.08441E-15
4515.1339	7.2292E-15
4517.2825	7.27574E-15
4519.4312	7.07073E-15
4521.5798	7.12281E-15
4523.7284	7.04431E-15
4525.877	6.97953E-15
4528.0256	7.03743E-15
4530.1742	7.07623E-15
4532.3228	7.04352E-15
4534.4715	7.05632E-15
4536.6201	6.98501E-15
4538.7687	6.9977E-15
4540.9173	7.01043E-15
4543.0659	7.08164E-15
4545.2145	7.06192E-15
4547.3632	6.89465E-15
4549.5118	6.83757E-15
4551.6604	6.95812E-15
4553.809	6.97721E-15
4555.9576	7.06761E-15
4558.1062	7.23874E-15
4560.2549	7.21196E-15
4562.4035	7.06715E-15
4564.5521	7.12583E-15
4566.7007	7.00207E-15
4568.8493	6.89951E-15
4570.9979	6.82983E-15
4573.1465	6.80458E-15
4575.2952	6.81073E-15
4577.4438	6.74195E-15
4579.5924	6.68002E-15
4581.741	7.02701E-15
4583.8896	7.05933E-15
4586.0382	7.0918E-15
4588.1869	7.03314E-15
4590.3355	7.0655E-15
4592.4841	6.99417E-15
4594.6327	6.94273E-15
4596.7813	6.82219E-15
4598.9299	6.90427E-15
4601.0786	6.94244E-15
4603.2272	7.00659E-15
4605.3758	6.94227E-15
4607.5244	6.91029E-15
4609.673	6.95491E-15
4611.8216	7.07761E-15
4613.9702	6.96117E-15
4616.1189	6.80264E-15
4618.2675	6.72781E-15
4620.4161	6.89715E-15
4622.5647	6.98016E-15
4624.7133	6.75246E-15
4626.8619	6.73998E-15
4629.0106	6.78352E-15
4631.1592	6.64741E-15
4633.3078	6.77718E-15
4635.4564	6.678E-15
4637.605	6.72735E-15
4639.7536	6.5863E-15
4641.9023	6.54997E-15
4644.0509	6.4304E-15
4646.1995	6.50783E-15
4648.3481	6.66552E-15
4650.4967	6.85856E-15
4652.6453	6.72716E-15
4654.7939	6.64096E-15
4656.9426	6.70857E-15
4659.0912	6.62871E-15
4661.2398	6.58004E-15
4663.3884	6.75194E-15
4665.537	6.84587E-15
4667.6856	6.73331E-15
4669.8343	6.53174E-15
4671.9829	6.62261E-15
4674.1315	6.5619E-15
4676.2801	6.51374E-15
4678.4287	6.41847E-15
4680.5773	6.43625E-15
4682.726	6.56197E-15
4684.8746	6.466E-15
4687.0232	6.50785E-15
4689.1718	6.35388E-15
4691.3204	6.38913E-15
4693.469	6.51394E-15
4695.6176	6.64119E-15
4697.7663	6.77094E-15
4699.9149	6.64128E-15
4702.0635	6.72751E-15
4704.2121	6.67818E-15
4706.3607	6.53223E-15
4708.5093	6.61096E-15
4710.658	6.64766E-15
4712.8066	6.54444E-15
4714.9552	6.53246E-15
4717.1038	6.57477E-15
4719.2524	6.44889E-15
4721.401	6.44303E-15
4723.5497	6.48477E-15
4725.6983	6.41357E-15
4727.8469	6.25036E-15
4729.9955	6.24468E-15
4732.1441	6.31998E-15
4734.2927	6.29682E-15
4736.4413	6.26798E-15
4738.59	6.2106E-15
4740.7386	6.19355E-15
4742.8872	6.17655E-15
4745.0358	6.15393E-15
4747.1844	6.1427E-15
4749.333	6.15413E-15
4751.4817	6.1429E-15
4753.6303	6.11478E-15
4755.7789	6.01434E-15
4757.9275	6.00891E-15
4760.0761	5.95393E-15
4762.2247	5.86694E-15
4764.3734	5.80791E-15
4766.522	5.65495E-15
4768.6706	5.51108E-15
4770.8192	5.52136E-15
4772.9678	5.54185E-15
4775.1164	5.50635E-15
4777.265	5.53698E-15
4779.4137	5.73961E-15
4781.5623	5.7239E-15
4783.7109	5.6351E-15
4785.8595	5.63523E-15
4788.0081	5.59399E-15
4790.1567	5.53774E-15
4792.3054	5.64083E-15
4794.454	5.65136E-15
4796.6026	5.58939E-15
4798.7512	5.49256E-15
4800.8998	5.47755E-15
4803.0484	5.42747E-15
4805.1971	5.32365E-15
4807.3457	5.4078E-15
4809.4943	5.398E-15
4811.6429	5.24137E-15
4813.7915	5.15534E-15
4815.9401	5.17451E-15
4818.0887	5.17466E-15
4820.2374	5.31979E-15
4822.386	5.30039E-15
4824.5346	5.27134E-15
4826.6832	5.09488E-15
4828.8318	5.02513E-15
4830.9804	5.08114E-15
4833.1291	5.13777E-15
4835.2777	5.16165E-15
4837.4263	5.13337E-15
4839.5749	5.1906E-15
4841.7235	5.09603E-15
4843.8721	4.96188E-15
4846.0208	4.81794E-15
4848.1694	4.77833E-15
4850.318	4.75654E-15
4852.4666	4.6785E-15
4854.6152	4.66576E-15
4856.7638	4.54713E-15
4858.9124	4.57671E-15
4861.0611	4.51824E-15
4863.2097	4.56442E-15
4865.3583	4.53526E-15
4867.5069	4.55217E-15
4869.6555	4.57757E-15
4871.8041	4.62436E-15
4873.9528	4.63734E-15
4876.1014	4.60772E-15
4878.25	4.77203E-15
4880.3986	4.81195E-15
4882.5472	4.77242E-15
4884.6958	4.79023E-15
4886.8445	4.76842E-15
4888.9931	4.75984E-15
4891.1417	4.8889E-15
4893.2903	4.97542E-15
4895.4389	4.96648E-15
4897.5875	5.02189E-15
4899.7361	4.97607E-15
4901.8848	4.94886E-15
4904.0334	4.99948E-15
4906.182	5.44684E-15
4908.3306	5.84203E-15
4910.4792	5.05573E-15
4912.6278	4.96826E-15
4914.7765	4.90032E-15
4916.9251	4.93679E-15
4919.0737	5.03808E-15
4921.2223	5.16043E-15
4923.3709	5.20843E-15
4925.5195	5.24237E-15
4927.6682	5.25229E-15
4929.8168	5.23806E-15
4931.9654	5.20465E-15
4934.114	5.12405E-15
4936.2626	5.09607E-15
4938.4112	5.10102E-15
4940.5598	5.11069E-15
4942.7085	5.11566E-15
4944.8571	5.11592E-15
4947.0057	5.02744E-15
4949.1543	4.93139E-15
4951.3029	4.95442E-15
4953.4515	5.00053E-15
4955.6002	5.06103E-15
4957.7488	4.96893E-15
4959.8974	4.92364E-15
4962.046	5.01545E-15
4964.1946	5.03888E-15
4966.3432	5.03916E-15
4968.4919	5.08139E-15
4970.6405	5.03045E-15
4972.7891	4.88463E-15
4974.9377	4.86694E-15
4977.0863	4.8762E-15
4979.2349	4.89448E-15
4981.3835	4.94461E-15
4983.5322	4.99525E-15
4985.6808	4.75316E-15
4987.8294	4.64524E-15
4989.978	4.69715E-15
4992.1266	4.76717E-15
4994.2752	4.82044E-15
4996.4239	4.78534E-15
4998.5725	4.79005E-15
5000.7211	4.82132E-15
5002.8697	4.81275E-15
5005.0183	4.77332E-15
5007.1669	4.68649E-15
5009.3156	4.73887E-15
5011.4642	4.81839E-15
5013.6128	4.77013E-15
5015.7614	4.75727E-15
5017.91	4.76635E-15
5020.0586	4.72296E-15
5022.2072	4.71023E-15
5024.3559	4.76728E-15
5026.5045	4.86967E-15
5028.6531	4.9651E-15
5030.8017	4.79024E-15
5032.9503	4.70312E-15
5035.0989	4.70777E-15
5037.2476	4.71243E-15
5039.3962	4.74761E-15
5041.5448	4.86748E-15
5043.6934	4.82319E-15
5045.842	4.69639E-15
5047.9906	4.79727E-15
5050.1393	4.83309E-15
5052.2879	4.7759E-15
5054.4365	4.71505E-15
5056.5851	4.6464E-15
5058.7337	4.54515E-15
5060.8823	4.52042E-15
5063.0309	4.54999E-15
5065.1796	4.56711E-15
5067.3282	4.53392E-15
5069.4768	4.41474E-15
5071.6254	4.38669E-15
5073.774	4.39916E-15
5075.9226	4.49782E-15
5078.0713	4.55653E-15
5080.2199	4.57369E-15
5082.3685	4.55721E-15
5084.5171	4.55336E-15
5086.6657	4.58739E-15
5088.8143	4.61316E-15
5090.963	4.63908E-15
5093.1116	4.69965E-15
5095.2602	4.76539E-15
5097.4088	4.83652E-15
5099.5574	4.78373E-15
5101.706	4.70111E-15
5103.8546	4.61567E-15
5106.0033	4.58637E-15
5108.1519	4.5952E-15
5110.3005	4.60404E-15
5112.4491	4.6129E-15
5114.5977	4.61752E-15
5116.7463	4.57977E-15
5118.895	4.52563E-15
5121.0436	4.4639E-15
5123.1922	4.47662E-15
5125.3408	4.53927E-15
5127.4894	4.58165E-15
5129.638	4.59471E-15
5131.7867	4.53622E-15
5133.9353	4.5116E-15
5136.0839	4.49953E-15
5138.2325	4.54992E-15
5140.3811	4.54612E-15
5142.5297	4.4924E-15
5144.6783	4.46391E-15
5146.827	4.46018E-15
5148.9756	4.49769E-15
5151.1242	4.49808E-15
5153.2728	4.47781E-15
5155.4214	4.40457E-15
5157.57	4.36859E-15
5159.7187	4.36495E-15
5161.8673	4.34528E-15
5164.0159	4.31774E-15
5166.1645	4.27854E-15
5168.3131	4.20469E-15
5170.4617	4.11314E-15
5172.6104	4.09084E-15
5174.759	4.10253E-15
5176.9076	4.17149E-15
5179.0562	4.17956E-15
5181.2048	4.16457E-15
5183.3534	4.15729E-15
5185.502	4.24278E-15
5187.6507	4.40646E-15
5189.7993	4.45996E-15
5191.9479	4.46448E-15
5194.0965	4.39553E-15
5196.2451	4.24866E-15
5198.3937	4.09915E-15
5200.5424	4.10709E-15
5202.691	4.14931E-15
5204.8396	4.22296E-15
5206.9882	4.28212E-15
5209.1368	4.32614E-15
5211.2854	4.33852E-15
5213.4341	4.38716E-15
5215.5827	4.45273E-15
5217.7313	4.39611E-15
5219.8799	4.37634E-15
5222.0285	4.40102E-15
5224.1771	4.47091E-15
5226.3257	4.53355E-15
5228.4744	4.53818E-15
5230.623	4.53028E-15
5232.7716	4.51823E-15
5234.9202	4.42804E-15
5237.0688	4.37981E-15
5239.2174	4.38833E-15
5241.3661	4.42123E-15
5243.5147	4.45848E-15
5245.6633	4.47127E-15
5247.8119	4.5048E-15
5249.9605	4.54694E-15
5252.1091	4.48089E-15
5254.2578	4.41579E-15
5256.4064	4.35566E-15
5258.555	4.30823E-15
5260.7036	4.24565E-15
5262.8522	4.04007E-15
5265.0008	3.98873E-15
5267.1494	4.0896E-15
5269.2981	4.22791E-15
5271.4467	4.33483E-15
5273.5953	4.34728E-15
5275.7439	4.37587E-15
5277.8925	4.41276E-15
5280.0411	4.38891E-15
5282.1898	4.36118E-15
5284.3384	4.33362E-15
5286.487	4.40654E-15
5288.6356	4.47656E-15
5290.7842	4.42376E-15
5292.9328	4.37158E-15
5295.0815	4.31605E-15
5297.2301	4.42114E-15
5299.3787	4.47901E-15
5301.5273	4.44662E-15
5303.6759	4.34988E-15
5305.8245	4.25134E-15
5307.9731	4.25965E-15
5310.1218	4.29955E-15
5312.2704	4.36789E-15
5314.419	4.35231E-15
5316.5676	4.32483E-15
5318.7162	4.27778E-15
5320.8648	4.20792E-15
5323.0135	4.13158E-15
5325.1621	4.15113E-15
5327.3107	4.1823E-15
5329.4593	4.2176E-15
5331.6079	4.27283E-15
5333.7565	4.30889E-15
5335.9052	4.26595E-15
5338.0538	4.31386E-15
5340.2024	4.40673E-15
5342.351	4.39508E-15
5344.4996	4.38346E-15
5346.6482	4.36786E-15
5348.7968	4.3363E-15
5350.9455	4.32086E-15
5353.0941	4.37343E-15
5355.2427	4.33384E-15
5357.3913	4.2396E-15
5359.5399	4.24401E-15
5361.6885	4.26804E-15
5363.8372	4.31202E-15
5365.9858	4.3046E-15
5368.1344	4.27351E-15
5370.283	4.20375E-15
5372.4316	4.24316E-15
5374.5802	4.37867E-15
5376.7289	4.39537E-15
5378.8775	4.37168E-15
5381.0261	4.28451E-15
5383.1747	4.30085E-15
5385.3233	4.34118E-15
5387.4719	4.21951E-15
5389.6205	4.16596E-15
5391.7692	4.18186E-15
5393.9178	4.15933E-15
5396.0664	4.11791E-15
5398.215	4.02468E-15
5400.3636	4.04004E-15
5402.5122	4.11946E-15
5404.6609	4.12377E-15
5406.8095	4.13952E-15
5408.9581	4.1745E-15
5411.1067	4.24091E-15
5413.2553	4.31633E-15
5415.4039	4.38904E-15
5417.5526	4.41393E-15
5419.7012	4.40637E-15
5421.8498	4.20859E-15
5423.9984	4.10953E-15
5426.147	4.18648E-15
5428.2956	4.19474E-15
5430.4443	4.19528E-15
5432.5929	4.32133E-15
5434.7415	4.37798E-15
5436.8901	4.36647E-15
5439.0387	4.37107E-15
5441.1873	4.30769E-15
5443.3359	4.09922E-15
5445.4846	4.02123E-15
5447.6332	3.99959E-15
5449.7818	4.01859E-15
5451.9304	4.00065E-15
5454.079	3.94266E-15
5456.2276	3.92145E-15
5458.3763	3.91476E-15
5460.5249	3.9406E-15
5462.6735	3.96297E-15
5464.8221	3.9818E-15
5466.9707	4.0081E-15
5469.1193	3.96458E-15
5471.268	3.82169E-15
5473.4166	3.88253E-15
5475.5652	3.99552E-15
5477.7138	4.10046E-15
5479.8624	4.09725E-15
5482.011	4.00822E-15
5484.1596	3.93923E-15
5486.3083	3.92529E-15
5488.4569	4.01357E-15
5490.6055	4.02894E-15
5492.7541	4.02209E-15
5494.9027	4.05613E-15
5497.0513	4.08293E-15
5499.2	4.10235E-15
5501.3486	4.02804E-15
5503.4972	3.95871E-15
5505.6458	3.91936E-15
5507.7944	3.89831E-15
5509.943	3.88452E-15
5512.0917	3.94638E-15
5514.2403	4.03144E-15
5516.3889	4.14879E-15
5518.5375	4.17622E-15
5520.6861	4.16913E-15
5522.8347	4.11252E-15
5524.9833	4.07164E-15
5527.132	4.04978E-15
5529.2806	4.06157E-15
5531.4292	4.07715E-15
5533.5778	4.09279E-15
5535.7264	4.09338E-15
5537.875	4.08268E-15
5540.0237	4.07201E-15
5542.1723	4.11786E-15
5544.3209	4.20276E-15
5546.4695	4.11148E-15
5548.6181	4.01478E-15
5550.7667	3.92036E-15
5552.9154	3.92816E-15
5555.064	3.95415E-15
5557.2126	3.82576E-15
5559.3612	3.75995E-15
5561.5098	3.75358E-15
5563.6584	3.85577E-15
5565.807	3.93528E-15
5567.9557	3.90337E-15
5570.1043	3.91476E-15
5572.2529	3.95157E-15
5574.4015	4.04422E-15
5576.5501	4.04111E-15
5578.6987	3.92795E-15
5580.8474	3.93216E-15
5582.996	3.96549E-15
5585.1446	4.01017E-15
5587.2932	3.9412E-15
5589.4418	3.80272E-15
5591.5904	3.81032E-15
5593.7391	3.78641E-15
5595.8877	3.71102E-15
5598.0363	3.75976E-15
5600.1849	3.84439E-15
5602.3335	3.89488E-15
5604.4821	3.86332E-15
5606.6307	3.76208E-15
5608.7794	3.73504E-15
5610.928	3.72531E-15
5613.0766	3.74653E-15
5615.2252	3.78527E-15
5617.3738	3.82794E-15
5619.5224	3.88895E-15
5621.6711	3.94004E-15
5623.8197	3.98079E-15
5625.9683	3.97043E-15
5628.1169	3.9419E-15
5630.2655	3.87413E-15
5632.4141	3.89262E-15
5634.5628	3.96562E-15
5636.7114	4.08113E-15
5638.86	4.0893E-15
5641.0086	3.95292E-15
5643.1572	4.01594E-15
5645.3058	4.07997E-15
5647.4544	3.96941E-15
5649.6031	3.9228E-15
5651.7517	3.91621E-15
5653.9003	3.91684E-15
5656.0489	3.88155E-15
5658.1975	3.7973E-15
5660.3461	3.81896E-15
5662.4948	3.86915E-15
5664.6434	3.90919E-15
5666.792	3.85263E-15
5668.9406	3.71046E-15
5671.0892	3.73163E-15
5673.2378	3.7772E-15
5675.3865	3.84805E-15
5677.5351	3.831E-15
5679.6837	3.78602E-15
5681.8323	3.76231E-15
5683.9809	3.74564E-15
5686.1295	3.74281E-15
5688.2781	3.78504E-15
5690.4268	3.82774E-15
5692.5754	3.84959E-15
5694.724	3.84314E-15
5696.8726	3.8226E-15
5699.0212	3.83735E-15
5701.1698	3.84861E-15
5703.3185	3.85635E-15
5705.4671	3.83927E-15
5707.6157	3.81173E-15
5709.7643	3.76006E-15
5711.9129	3.8095E-15
5714.0615	3.93497E-15
5716.2102	3.93202E-15
5718.3588	3.87515E-15
5720.5074	3.73562E-15
5722.656	3.72251E-15
5724.8046	3.73689E-15
5726.9532	3.69304E-15
5729.1018	3.66656E-15
5731.2505	3.65707E-15
5733.3991	3.84067E-15
5735.5477	3.96718E-15
5737.6963	3.90262E-15
5739.8449	3.89611E-15
5741.9935	3.91838E-15
5744.1422	3.91905E-15
5746.2908	3.94872E-15
5748.4394	4.01173E-15
5750.588	4.02724E-15
5752.7366	4.01312E-15
5754.8852	3.95875E-15
5757.0339	3.93038E-15
5759.1825	3.92022E-15
5761.3311	3.91729E-15
5763.4797	3.88922E-15
5765.6283	3.82947E-15
5767.7769	3.81606E-15
5769.9255	3.82025E-15
5772.0742	3.84918E-15
5774.2228	3.84986E-15
5776.3714	3.82932E-15
5778.52	3.83706E-15
5780.6686	3.87325E-15
5782.8172	3.96052E-15
5784.9659	3.92853E-15
5787.1145	3.85396E-15
5789.2631	3.7843E-15
5791.4117	3.74337E-15
5793.5603	3.73371E-15
5795.7089	3.78284E-15
5797.8576	3.84677E-15
5800.0062	3.93708E-15
5802.1548	3.9889E-15
5804.3034	4.01173E-15
5806.452	3.9139E-15
5808.6006	3.86802E-15
5810.7492	3.87229E-15
5812.8979	3.7988E-15
5815.0465	3.75427E-15
5817.1951	3.84242E-15
5819.3437	3.8502E-15
5821.4923	3.81209E-15
5823.6409	3.79877E-15
5825.7896	3.80647E-15
5827.9382	3.84948E-15
5830.0868	3.84664E-15
5832.2354	3.82967E-15
5834.384	3.81278E-15
5836.5326	3.82756E-15
5838.6813	3.86725E-15
5840.8299	3.79387E-15
5842.9785	3.73562E-15
5845.1271	3.70889E-15
5847.2757	3.70616E-15
5849.4243	3.71027E-15
5851.5729	3.7522E-15
5853.7216	3.72879E-15
5855.8702	3.64459E-15
5858.0188	3.61518E-15
5860.1674	3.59593E-15
5862.316	3.5933E-15
5864.4646	3.59397E-15
5866.6133	3.59796E-15
5868.7619	3.62526E-15
5870.9105	3.5729E-15
5873.0591	3.42849E-15
5875.2077	3.36345E-15
5877.3563	3.30878E-15
5879.505	3.249E-15
5881.6536	3.10051E-15
5883.8022	2.90212E-15
5885.9508	2.74662E-15
5888.0994	2.69452E-15
5890.248	2.79618E-15
5892.3966	2.95289E-15
5894.5453	3.10693E-15
5896.6939	3.13339E-15
5898.8425	3.14266E-15
5900.9911	3.13749E-15
5903.1397	3.24687E-15
5905.2883	3.35389E-15
5907.437	3.43901E-15
5909.5856	3.41757E-15
5911.7342	3.37133E-15
5913.8828	3.48246E-15
5916.0314	3.55116E-15
5918.18	3.56825E-15
5920.3287	3.5591E-15
5922.4773	3.55979E-15
5924.6259	3.6067E-15
5926.7745	3.59083E-15
5928.9231	3.54226E-15
5931.0717	3.54622E-15
5933.2203	3.58964E-15
5935.369	3.68414E-15
5937.5176	3.71212E-15
5939.6662	3.69239E-15
5941.8148	3.5661E-15
5943.9634	3.5017E-15
5946.112	3.47989E-15
5948.2607	3.47098E-15
5950.4093	3.43667E-15
5952.5579	3.3653E-15
5954.7065	3.36908E-15
5956.8551	3.3978E-15
5959.0037	3.43625E-15
5961.1524	3.43377E-15
5963.301	3.39984E-15
5965.4496	3.44465E-15
5967.5982	3.48684E-15
5969.7468	3.50687E-15
5971.8954	3.50112E-15
5974.044	3.49217E-15
5976.1927	3.51223E-15
5978.3413	3.51294E-15
5980.4899	3.49428E-15
5982.6385	3.4312E-15
5984.7871	3.3973E-15
5986.9357	3.45162E-15
5989.0844	3.53273E-15
5991.233	3.62576E-15
5993.3816	3.55703E-15
5995.5302	3.51541E-15
5997.6788	3.50643E-15
5999.8274	3.50069E-15
6001.9761	3.48211E-15
6004.1247	3.41926E-15
6006.2733	3.39486E-15
6008.4219	3.39868E-15
6010.5705	3.42452E-15
6012.7191	3.44421E-15
6014.8677	3.46401E-15
6017.0164	3.47432E-15
6019.165	3.49429E-15
6021.3136	3.57972E-15
6023.4622	3.64703E-15
6025.6108	3.69173E-15
6027.7594	3.56878E-15
6029.9081	3.46905E-15
6032.0567	3.4443E-15
6034.2053	3.48651E-15
6036.3539	3.55863E-15
6038.5025	3.60889E-15
6040.6511	3.6163E-15
6042.7998	3.57072E-15
6044.9484	3.54525E-15
6047.097	3.55253E-15
6049.2456	3.65619E-15
6051.3942	3.70784E-15
6053.5428	3.72574E-15
6055.6914	3.67201E-15
6057.8401	3.60908E-15
6059.9887	3.53417E-15
6062.1373	3.5808E-15
6064.2859	3.63473E-15
6066.4345	3.59554E-15
6068.5831	3.5732E-15
6070.7318	3.55754E-15
6072.8804	3.66811E-15
6075.029	3.72679E-15
6077.1776	3.67644E-15
6079.3262	3.65696E-15
6081.4748	3.65775E-15
6083.6235	3.72998E-15
6085.7721	3.72735E-15
6087.9207	3.66011E-15
6090.0693	3.59739E-15
6092.2179	3.57175E-15
6094.3665	3.6289E-15
6096.5151	3.613E-15
6098.6638	3.56749E-15
6100.8124	3.54859E-15
6102.961	3.54936E-15
6105.1096	3.5731E-15
6107.2582	3.61692E-15
6109.4068	3.65455E-15
6111.5555	3.65871E-15
6113.7041	3.62596E-15
6115.8527	3.57041E-15
6118.0013	3.51895E-15
6120.1499	3.50354E-15
6122.2985	3.54652E-15
6124.4472	3.63662E-15
6126.5958	3.69482E-15
6128.7444	3.53581E-15
6130.893	3.47523E-15
6133.0416	3.48883E-15
6135.1902	3.5414E-15
6137.3388	3.59146E-15
6139.4875	3.63553E-15
6141.6361	3.63633E-15
6143.7847	3.60379E-15
6145.9333	3.46462E-15
6148.0819	3.4147E-15
6150.2305	3.44389E-15
6152.3792	3.38178E-15
6154.5278	3.29338E-15
6156.6764	3.16329E-15
6158.825	3.06363E-15
6160.9736	2.9863E-15
6163.1222	2.93785E-15
6165.2709	2.93851E-15
6167.4195	2.99657E-15
6169.5681	3.07271E-15
6171.7167	3.13054E-15
6173.8653	3.11112E-15
6176.0139	3.14641E-15
6178.1625	3.22042E-15
6180.3112	3.14203E-15
6182.4598	3.06273E-15
6184.6084	2.97994E-15
6186.757	3.00266E-15
6188.9056	3.04231E-15
6191.0542	3.043E-15
6193.2029	3.08888E-15
6195.3515	3.17322E-15
6197.5001	3.12175E-15
6199.6487	3.08814E-15
6201.7973	3.09454E-15
6203.9459	3.12101E-15
6206.0946	3.13036E-15
6208.2432	2.98741E-15
6210.3918	2.94167E-15
6212.5404	2.98327E-15
6214.689	2.85228E-15
6216.8376	2.73459E-15
6218.9862	2.69521E-15
6221.1349	2.71077E-15
6223.2835	2.75418E-15
6225.4321	2.71202E-15
6227.5807	2.6853E-15
6229.7293	2.67358E-15
6231.8779	2.77967E-15
6234.0266	2.90332E-15
6236.1752	2.98535E-15
6238.3238	2.98604E-15
6240.4724	2.93222E-15
6242.621	2.91674E-15
6244.7696	2.9228E-15
6246.9183	2.96961E-15
6249.0669	2.96757E-15
6251.2155	2.9628E-15
6253.3641	3.02694E-15
6255.5127	3.00542E-15
6257.6613	2.91613E-15
6259.8099	2.98201E-15
6261.9586	3.02421E-15
6264.1072	2.99442E-15
6266.2558	2.99237E-15
6268.4044	2.98482E-15
6270.553	2.87223E-15
6272.7016	2.85708E-15
6274.8503	2.94323E-15
6276.9989	2.91157E-15
6279.1475	2.88822E-15
6281.2961	2.9399E-15
6283.4447	2.95145E-15
6285.5933	2.94672E-15
6287.742	2.99118E-15
6289.8906	3.08991E-15
6292.0392	3.27528E-15
6294.1878	3.26702E-15
6296.3364	3.2468E-15
6298.485	3.34164E-15
6300.6336	3.3057E-15
6302.7823	3.18689E-15
6304.9309	3.31643E-15
6307.0795	3.36028E-15
6309.2281	3.24847E-15
6311.3767	3.21058E-15
6313.5253	3.19071E-15
6315.674	3.1564E-15
6317.8226	3.11384E-15
6319.9712	3.06338E-15
6322.1198	3.12684E-15
6324.2684	3.17988E-15
6326.417	3.18652E-15
6328.5657	3.23758E-15
6330.7143	3.3077E-15
6332.8629	3.35144E-15
6335.0115	3.34608E-15
6337.1601	3.28581E-15
6339.3087	3.28358E-15
6341.4573	3.28438E-15
6343.606	3.27612E-15
6345.7546	3.2739E-15
6347.9032	3.27168E-15
6350.0518	3.26345E-15
6352.2004	3.22243E-15
6354.349	3.13826E-15
6356.4977	3.19151E-15
6358.6463	3.25763E-15
6360.7949	3.23749E-15
6362.9435	3.23531E-15
6365.0921	3.25104E-15
6367.2407	3.19837E-15
6369.3894	3.14946E-15
6371.538	3.11274E-15
6373.6866	3.15973E-15
6375.8352	3.21039E-15
6377.9838	3.12367E-15
6380.1324	3.08441E-15
6382.281	3.08233E-15
6384.4297	3.0831E-15
6386.5783	3.0981E-15
6388.7269	3.15939E-15
6390.8755	3.17769E-15
6393.0241	3.17848E-15
6395.1727	3.18806E-15
6397.3214	3.24814E-15
6399.47	3.36778E-15
6401.6186	3.36242E-15
6403.7672	3.37567E-15
6405.9158	3.51293E-15
6408.0644	3.52029E-15
6410.2131	3.4569E-15
6412.3617	3.51233E-15
6414.5103	3.54246E-15
6416.6589	3.53032E-15
6418.8075	3.48596E-15
6420.9561	3.439E-15
6423.1047	3.42406E-15
6425.2534	3.33773E-15
6427.402	3.20303E-15
6429.5506	3.2305E-15
6431.6992	3.2914E-15
6433.8478	3.39696E-15
6435.9964	3.4261E-15
6438.1451	3.42697E-15
6440.2937	3.44049E-15
6442.4423	3.36613E-15
6444.5909	3.21841E-15
6446.7395	3.24901E-15
6448.8881	3.29809E-15
6451.0368	3.33866E-15
6453.1854	3.32723E-15
6455.334	3.28242E-15
6457.4826	3.14706E-15
6459.6312	3.12764E-15
6461.7798	3.23987E-15
6463.9284	3.36232E-15
6466.0771	3.46059E-15
6468.2257	3.46148E-15
6470.3743	3.49762E-15
6472.5229	3.55373E-15
6474.6715	3.47053E-15
6476.8201	3.41435E-15
6478.9688	3.39641E-15
6481.1174	3.36304E-15
6483.266	3.33E-15
6485.4146	3.29728E-15
6487.5632	3.32865E-15
6489.7118	3.41021E-15
6491.8605	3.3736E-15
6494.0091	3.36516E-15
6496.1577	3.43177E-15
6498.3063	3.42635E-15
6500.4549	3.40208E-15
6502.6035	3.41238E-15
6504.7522	3.44802E-15
6506.9008	3.50012E-15
6509.0494	3.44347E-15
6511.198	3.38462E-15
6513.3466	3.35446E-15
6515.4952	3.38639E-15
6517.6438	3.44707E-15
6519.7925	3.46708E-15
6521.9411	3.48079E-15
6524.0897	3.48812E-15
6526.2383	3.50192E-15
6528.3869	3.49961E-15
6530.5355	3.44298E-15
6532.6842	3.41545E-15
6534.8328	3.40066E-15
6536.9814	3.43619E-15
6539.13	3.45933E-15
6541.2786	3.46662E-15
6543.4272	3.50285E-15
6545.5759	3.53294E-15
6547.7245	3.51116E-15
6549.8731	3.41009E-15
6552.0217	3.25448E-15
6554.1703	3.22252E-15
6556.3189	3.21745E-15
6558.4675	3.24509E-15
6560.6162	3.15749E-15
6562.7648	3.04409E-15
6564.9134	3.05052E-15
6567.062	3.06259E-15
6569.2106	3.07755E-15
6571.3592	3.14718E-15
6573.5079	3.23323E-15
6575.6565	3.34929E-15
6577.8051	3.34095E-15
6579.9537	3.27481E-15
6582.1023	3.28475E-15
6584.2509	3.27958E-15
6586.3996	3.25938E-15
6588.5482	3.31782E-15
6590.6968	3.39288E-15
6592.8454	3.46965E-15
6594.994	3.47699E-15
6597.1426	3.44604E-15
6599.2912	3.56974E-15
6601.4399	3.65725E-15
6603.5885	3.67512E-15
6605.7371	3.57593E-15
6607.8857	3.46343E-15
6610.0343	3.42314E-15
6612.1829	3.39267E-15
6614.3316	3.36558E-15
6616.4802	3.46081E-15
6618.6288	3.52611E-15
6620.7774	3.52058E-15
6622.926	3.49568E-15
6625.0746	3.4582E-15
6627.2233	3.37108E-15
6629.3719	3.36889E-15
6631.5205	3.46103E-15
6633.6691	3.39879E-15
6635.8177	3.32233E-15
6637.9663	3.28066E-15
6640.1149	3.31192E-15
6642.2636	3.38688E-15
6644.4122	3.52143E-15
6646.5608	3.57468E-15
6648.7094	3.51364E-15
6650.858	3.45682E-15
6653.0066	3.41976E-15
6655.1553	3.45872E-15
6657.3039	3.37781E-15
6659.4525	3.2237E-15
6661.6011	3.15119E-15
6663.7497	3.10595E-15
6665.8983	3.10109E-15
6668.047	3.13931E-15
6670.1956	3.18093E-15
6672.3442	3.16137E-15
6674.4928	3.14481E-15
6676.6414	3.12835E-15
6678.79	3.09768E-15
6680.9386	3.08714E-15
6683.0873	3.11657E-15
6685.2359	3.18418E-15
6687.3845	3.25926E-15
6689.5331	3.23623E-15
6691.6817	3.20451E-15
6693.8303	3.15851E-15
6695.979	3.09887E-15
6698.1276	3.03756E-15
6700.2762	2.97472E-15
6702.4248	2.98379E-15
6704.5734	3.03172E-15
6706.722	2.94721E-15
6708.8707	2.88093E-15
6711.0193	2.82914E-15
6713.1679	2.85349E-15
6715.3165	2.91004E-15
6717.4651	3.03124E-15
6719.6137	3.12279E-15
6721.7623	3.18761E-15
6723.911	3.1188E-15
6726.0596	3.01238E-15
6728.2082	2.85123E-15
6730.3568	2.83371E-15
6732.5054	2.85547E-15
6734.654	2.80932E-15
6736.8027	2.80494E-15
6738.9513	2.83692E-15
6741.0999	2.94151E-15
6743.2485	2.99153E-15
6745.3971	2.88946E-15
6747.5457	2.83491E-15
6749.6944	2.80714E-15
6751.843	2.83914E-15
6753.9916	2.88211E-15
6756.1402	2.94194E-15
6758.2888	2.94549E-15
6760.4374	2.9382E-15
6762.586	2.91747E-15
6764.7347	2.89688E-15
6766.8833	2.87378E-15
6769.0319	2.83517E-15
6771.1805	2.80481E-15
6773.3291	2.78501E-15
6775.4777	2.81677E-15
6777.6264	2.85678E-15
6779.775	2.84971E-15
6781.9236	2.84267E-15
6784.0722	2.83042E-15
6786.2208	2.89451E-15
6788.3694	2.91945E-15
6790.5181	2.86435E-15
6792.6667	2.86781E-15
6794.8153	2.89252E-15
6796.9639	2.95802E-15
6799.1125	2.90755E-15
6801.2611	2.7571E-15
6803.4097	2.7579E-15
6805.5584	2.78679E-15
6807.707	2.8342E-15
6809.8556	2.89039E-15
6812.0042	2.94498E-15
6814.1528	2.94041E-15
6816.3014	2.9494E-15
6818.4501	2.97482E-15
6820.5987	2.99217E-15
6822.7473	2.99304E-15
6824.8959	2.93656E-15
6827.0445	2.87056E-15
6829.1931	2.80087E-15
6831.3418	2.9993E-15
6833.4904	3.02793E-15
6835.639	2.79302E-15
6837.7876	2.71269E-15
6839.9362	2.67872E-15
6842.0848	2.66965E-15
6844.2334	2.70011E-15
6846.3821	2.76891E-15
6848.5307	2.68186E-15
6850.6793	2.63612E-15
6852.8279	2.68591E-15
6854.9765	2.65228E-15
6857.1251	2.5879E-15
6859.2738	2.50424E-15
6861.4224	2.45021E-15
6863.571	2.41953E-15
6865.7196	2.33916E-15
6867.8682	2.29291E-15
6870.0168	2.34702E-15
6872.1655	2.31124E-15
6874.3141	2.24064E-15
6876.4627	2.29563E-15
6878.6113	2.41118E-15
6880.7599	2.61793E-15
6882.9085	2.60188E-15
6885.0571	2.53639E-15
6887.2058	2.45666E-15
6889.3544	2.47557E-15
6891.503	2.56215E-15
6893.6516	2.71852E-15
6895.8002	2.7878E-15
6897.9488	2.71014E-15
6900.0975	2.77409E-15
6902.2461	2.86583E-15
6904.3947	2.87462E-15
6906.5433	2.8256E-15
6908.6919	2.73174E-15
6910.8405	2.64832E-15
6912.9892	2.60315E-15
6915.1378	2.62561E-15
6917.2864	2.78074E-15
6919.435	2.96955E-15
6921.5836	2.89215E-15
6923.7322	2.82977E-15
6925.8808	2.78408E-15
6928.0295	2.84192E-15
6930.1781	2.90632E-15
6932.3267	2.95035E-15
6934.4753	2.9758E-15
6936.6239	2.99596E-15
6938.7725	3.14678E-15
6940.9212	3.25985E-15
6943.0698	3.3184E-15
6945.2184	3.32246E-15
6947.367	3.32959E-15
6949.5156	3.38005E-15
6951.6642	3.32242E-15
6953.8129	3.20321E-15
6955.9615	3.29092E-15
6958.1101	3.30407E-15
6960.2587	3.18846E-15
6962.4073	3.06558E-15
6964.5559	2.96924E-15
6966.7045	3.03373E-15
6968.8532	3.06555E-15
6971.0018	3.06649E-15
6973.1504	3.23872E-15
6975.299	3.36129E-15
6977.4476	3.31924E-15
6979.5962	3.2747E-15
6981.7449	3.23671E-15
6983.8935	3.26164E-15
6986.0421	3.24167E-15
6988.1907	3.16885E-15
6990.3393	3.24366E-15
6992.4879	3.28071E-15
6994.6366	3.14848E-15
6996.7852	3.07209E-15
6998.9338	3.0253E-15
7001.0824	2.90069E-15
7003.231	2.89891E-15
7005.3796	3.07021E-15
7007.5282	3.11388E-15
7009.6769	3.10053E-15
7011.8255	2.96735E-15
7013.9741	2.91947E-15
7016.1227	2.92575E-15
7018.2713	3.07306E-15
7020.4199	3.24269E-15
7022.5686	3.44381E-15
7024.7172	3.50247E-15
7026.8658	3.48424E-15
7029.0144	3.30707E-15
7031.163	3.30504E-15
7033.3116	3.46188E-15
7035.4603	3.53058E-15
7037.6089	3.52194E-15
7039.7575	3.36447E-15
7041.9061	3.33159E-15
7044.0547	3.34492E-15
7046.2033	3.31834E-15
7048.3519	3.22297E-15
7050.5006	3.05065E-15
7052.6492	3.04037E-15
7054.7978	3.04974E-15
7056.9464	3.03388E-15
7059.095	3.00977E-15
7061.2436	2.98311E-15
7063.3923	3.03113E-15
7065.5409	3.07993E-15
7067.6895	3.12951E-15
7069.8381	3.23901E-15
7071.9867	3.32467E-15
7074.1353	3.24104E-15
7076.284	3.09045E-15
7078.4326	2.90641E-15
7080.5812	2.82549E-15
7082.7298	2.77735E-15
7084.8784	2.78078E-15
7087.027	2.84121E-15
7089.1756	2.91367E-15
7091.3243	2.90387E-15
7093.4729	2.89944E-15
7095.6215	2.90302E-15
7097.7701	2.84831E-15
7099.9187	2.78436E-15
7102.0673	2.71683E-15
7104.216	2.73778E-15
7106.3646	2.79471E-15
7108.5132	2.8085E-15
7110.6618	2.92019E-15
7112.8104	3.15609E-15
7114.959	3.13969E-15
7117.1077	3.06355E-15
7119.2563	2.94281E-15
7121.4049	2.79062E-15
7123.5535	2.62687E-15
7125.7021	2.47045E-15
7127.8507	2.42167E-15
7129.9993	2.52262E-15
7132.148	2.53741E-15
7134.2966	2.54524E-15
7136.4452	2.61257E-15
7138.5938	2.62063E-15
7140.7424	2.58312E-15
7142.891	2.56026E-15
7145.0397	2.54696E-15
7147.1883	2.54778E-15
7149.3369	2.60555E-15
7151.4855	2.65974E-15
7153.6341	2.52917E-15
7155.7827	2.5091E-15
7157.9314	2.58974E-15
7160.08	2.58819E-15
7162.2286	2.56765E-15
7164.3772	2.51927E-15
7166.5258	2.59546E-15
7168.6744	2.71365E-15
7170.823	2.5078E-15
7172.9717	2.40455E-15
7175.1203	2.40754E-15
7177.2689	2.39725E-15
7179.4175	2.41798E-15
7181.5661	2.56326E-15
7183.7147	2.4668E-15
7185.8634	2.23395E-15
7188.012	2.36382E-15
7190.1606	2.44881E-15
7192.3092	2.4496E-15
7194.4578	2.23478E-15
7196.6064	2.02757E-15
7198.7551	2.04511E-15
7200.9037	2.13235E-15
7203.0523	2.28349E-15
7205.2009	2.22607E-15
7207.3495	2.21861E-15
7209.4981	2.33035E-15
7211.6467	2.56545E-15
7213.7954	2.82686E-15
7215.944	2.69306E-15
7218.0926	2.62293E-15
7220.2412	2.61414E-15
7222.3898	2.58863E-15
7224.5384	2.58233E-15
7226.6871	2.62877E-15
7228.8357	2.59116E-15
7230.9843	2.51905E-15
7233.1329	2.55023E-15
7235.2815	2.537E-15
7237.4301	2.46867E-15
7239.5788	2.49692E-15
7241.7274	2.55357E-15
7243.876	2.64052E-15
7246.0246	2.61476E-15
7248.1732	2.51869E-15
7250.3218	2.45763E-15
7252.4704	2.38704E-15
7254.6191	2.30145E-15
7256.7677	2.36453E-15
7258.9163	2.47907E-15
7261.0649	2.60154E-15
7263.2135	2.78852E-15
7265.3621	3.03611E-15
7267.5108	2.81877E-15
7269.6594	2.63635E-15
7271.808	2.55827E-15
7273.9566	2.56856E-15
7276.1052	2.60996E-15
7278.2538	2.59404E-15
7280.4025	2.59729E-15
7282.5511	2.62219E-15
7284.6997	2.84452E-15
7286.8483	3.00713E-15
7288.9969	2.88069E-15
7291.1455	2.76975E-15
7293.2941	2.66553E-15
7295.4428	2.46109E-15
7297.5914	2.41698E-15
7299.74	2.57405E-15
7301.8886	2.66171E-15
7304.0372	2.72964E-15
7306.1858	2.78901E-15
7308.3345	2.83919E-15
7310.4831	2.877E-15
7312.6317	2.86473E-15
7314.7803	2.88688E-15
7316.9289	2.96875E-15
7319.0775	2.9263E-15
7321.2262	2.85538E-15
7323.3748	2.87216E-15
7325.5234	2.90505E-15
7327.672	2.95189E-15
7329.8206	2.74312E-15
7331.9692	2.62779E-15
7334.1178	2.74496E-15
7336.2665	2.79693E-15
7338.4151	2.81856E-15
7340.5637	2.77059E-15
7342.7123	2.79202E-15
7344.8609	2.88978E-15
7347.0095	2.78876E-15
7349.1582	2.67397E-15
7351.3068	2.59958E-15
7353.4554	2.55769E-15
7355.604	2.54211E-15
7357.7526	2.66037E-15
7359.9012	2.74087E-15
7362.0499	2.76461E-15
7364.1985	2.90122E-15
7366.3471	3.03338E-15
7368.4957	3.00106E-15
7370.6443	2.90416E-15
7372.7929	2.76419E-15
7374.9415	2.65531E-15
7377.0902	2.59335E-15
7379.2388	2.60381E-15
7381.3874	2.69746E-15
7383.536	2.80998E-15
7385.6846	2.85792E-15
7387.8332	2.7861E-15
7389.9819	2.61785E-15
7392.1305	2.83722E-15
7394.2791	2.95556E-15
7396.4277	2.7289E-15
7398.5763	2.70231E-15
7400.7249	2.76365E-15
7402.8736	2.86306E-15
7405.0222	2.79112E-15
7407.1708	2.5464E-15
7409.3194	2.53323E-15
7411.468	2.54579E-15
7413.6166	2.52099E-15
7415.7652	2.54284E-15
7417.9139	2.591E-15
7420.0625	2.59667E-15
7422.2111	2.5525E-15
7424.3597	2.43845E-15
7426.5083	2.44603E-15
7428.6569	2.48548E-15
7430.8056	2.5279E-15
7432.9542	2.57578E-15
7435.1028	2.62699E-15
7437.2514	2.704E-15
7439.4	2.71741E-15
7441.5486	2.60798E-15
7443.6973	2.5122E-15
7445.8459	2.4536E-15
7447.9945	2.60587E-15
7450.1431	2.74728E-15
7452.2917	2.87774E-15
7454.4403	2.81839E-15
7456.5889	2.76536E-15
7458.7376	2.77141E-15
7460.8862	2.77237E-15
7463.0348	2.77077E-15
7465.1834	2.75645E-15
7467.332	2.75741E-15
7469.4806	2.7762E-15
7471.6293	2.74664E-15
7473.7779	2.72993E-15
7475.9265	2.80222E-15
7478.0751	2.82652E-15
7480.2237	2.8197E-15
7482.3723	2.78454E-15
7484.521	2.74728E-15
7486.6696	2.70804E-15
7488.8182	2.63758E-15
7490.9668	2.55715E-15
7493.1154	2.45418E-15
7495.264	2.3706E-15
7497.4126	2.30255E-15
7499.5613	2.29066E-15
7501.7099	2.35782E-15
7503.8585	2.58858E-15
7506.0071	2.66203E-15
7508.1557	2.66296E-15
7510.3043	2.62009E-15
7512.453	2.60416E-15
7514.6016	2.61469E-15
7516.7502	2.64223E-15
7518.8988	2.66271E-15
7521.0474	2.66364E-15
7523.196	2.69666E-15
7525.3447	2.73262E-15
7527.4933	2.6347E-15
7529.6419	2.50313E-15
7531.7905	2.32828E-15
7533.9391	2.36803E-15
7536.0877	2.43523E-15
7538.2363	2.44958E-15
7540.385	2.52374E-15
7542.5336	2.64604E-15
7544.6822	2.55358E-15
7546.8308	2.50555E-15
7548.9794	2.518E-15
7551.128	2.68663E-15
7553.2767	2.8692E-15
7555.4253	2.81523E-15
7557.5739	2.72437E-15
7559.7225	2.60507E-15
7561.8711	2.48184E-15
7564.0197	2.41728E-15
7566.1684	2.46082E-15
7568.317	2.35089E-15
7570.4656	2.21099E-15
7572.6142	2.23635E-15
7574.7628	2.30831E-15
7576.9114	2.42687E-15
7579.0601	2.46377E-15
7581.2087	2.43756E-15
7583.3573	2.27776E-15
7585.5059	2.20832E-15
7587.6545	2.18482E-15
7589.8031	2.24476E-15
7591.9517	2.05553E-15
7594.1004	1.62136E-15
7596.249	1.31836E-15
7598.3976	1.14654E-15
7600.5462	1.24492E-15
7602.6948	1.1948E-15
7604.8434	1.05743E-15
7606.9921	1.23142E-15
7609.1407	1.39753E-15
7611.2893	1.50909E-15
7613.4379	1.59834E-15
7615.5865	1.6789E-15
7617.7351	1.74735E-15
7619.8838	1.62381E-15
7622.0324	1.37117E-15
7624.181	1.32814E-15
7626.3296	1.33352E-15
7628.4782	1.4137E-15
7630.6268	1.53926E-15
7632.7754	1.6652E-15
7634.9241	1.52905E-15
7637.0727	1.57826E-15
7639.2213	1.84473E-15
7641.3699	1.81338E-15
7643.5185	1.7292E-15
7645.6671	1.62032E-15
7647.8158	1.65104E-15
7649.9644	1.7665E-15
7652.113	1.96639E-15
7654.2616	2.11167E-15
7656.4102	2.15765E-15
7658.5588	2.05938E-15
7660.7075	1.97649E-15
7662.8561	2.06467E-15
7665.0047	2.1888E-15
7667.1533	2.34187E-15
7669.3019	2.3775E-15
7671.4505	2.39594E-15
7673.5991	2.388E-15
7675.7478	2.42209E-15
7677.8964	2.45667E-15
7680.045	2.41493E-15
7682.1936	2.46071E-15
7684.3422	2.58237E-15
7686.4908	2.49216E-15
7688.6395	2.40288E-15
7690.7881	2.3512E-15
7692.9367	2.29428E-15
7695.0853	2.23875E-15
7697.2339	2.22107E-15
7699.3825	2.10436E-15
7701.5312	1.89704E-15
7703.6798	1.9563E-15
7705.8284	2.00444E-15
7707.977	1.89736E-15
7710.1256	1.96385E-15
7712.2742	2.14223E-15
7714.4228	2.48099E-15
7716.5715	2.60125E-15
7718.7201	2.36669E-15
7720.8687	2.15526E-15
7723.0173	2.0345E-15
7725.1659	2.23777E-15
7727.3145	2.31193E-15
7729.4632	2.28314E-15
7731.6118	2.25056E-15
7733.7604	2.24724E-15
7735.909	2.30043E-15
7738.0576	2.26552E-15
7740.2062	2.1985E-15
7742.3549	2.13346E-15
7744.5035	2.15399E-15
7746.6521	2.25633E-15
7748.8007	2.25301E-15
7750.9493	2.21474E-15
7753.0979	2.11973E-15
7755.2465	2.26381E-15
7757.3952	2.52464E-15
7759.5438	2.55129E-15
7761.6924	2.66268E-15
7763.841	2.87527E-15
7765.9896	2.86047E-15
7768.1382	2.74788E-15
7770.2869	2.47718E-15
7772.4355	2.39066E-15
7774.5841	2.39816E-15
7776.7327	2.28685E-15
7778.8813	2.30037E-15
7781.0299	2.50471E-15
7783.1786	2.54283E-15
7785.3272	2.50425E-15
7787.4758	2.34012E-15
7789.6244	2.31739E-15
7791.773	2.39419E-15
7793.9216	2.34272E-15
7796.0702	2.22782E-15
7798.2189	2.02507E-15
7800.3675	2.16273E-15
7802.5161	2.42752E-15
7804.6647	2.55931E-15
7806.8133	2.45858E-15
7808.9619	2.16195E-15
7811.1106	1.94718E-15
7813.2592	1.87917E-15
7815.4078	2.13073E-15
7817.5564	2.34148E-15
7819.705	2.5261E-15
7821.8536	2.63641E-15
7824.0023	2.53031E-15
7826.1509	2.19854E-15
7828.2995	1.84288E-15
7830.4481	1.66594E-15
7832.5967	1.9871E-15
7834.7453	2.33336E-15
7836.8939	2.71234E-15
7839.0426	2.66137E-15
7841.1912	2.48238E-15
7843.3398	2.14699E-15
7845.4884	1.90192E-15
7847.637	1.74323E-15
7849.7856	1.83112E-15
7851.9343	2.01038E-15
7854.0829	2.29003E-15
7856.2315	2.13208E-15
7858.3801	1.89394E-15
7860.5287	1.56289E-15
7862.6773	1.79842E-15
7864.826	2.25452E-15
7866.9746	2.08745E-15
7869.1232	2.11144E-15
7871.2718	2.331E-15
7873.4204	2.55214E-15
7875.569	2.6538E-15
7877.7176	2.4279E-15
7879.8663	2.27297E-15
7882.0149	2.15158E-15
7884.1635	1.98299E-15
7886.3121	1.87881E-15
7888.4607	1.84522E-15
7890.6093	2.21111E-15
7892.758	2.59402E-15
7894.9066	2.45097E-15
7897.0552	2.29668E-15
7899.2038	2.14025E-15
7901.3524	2.46053E-15
7903.501	2.76689E-15
7905.6497	3.00163E-15
7907.7983	3.14717E-15
7909.9469	3.20394E-15
7912.0955	2.98022E-15
7914.2441	2.63035E-15
7916.3927	2.22319E-15
7918.5413	2.6058E-15
7920.69	2.78295E-15
7922.8386	2.35218E-15
7924.9872	2.388E-15
7927.1358	2.52464E-15
7929.2844	1.9951E-15
7931.433	1.83539E-15
7933.5817	1.9783E-15
7935.7303	2.00659E-15
7937.8789	2.14695E-15
7940.0275	2.71886E-15
7942.1761	2.6409E-15
7944.3247	2.25277E-15
7946.4734	2.29764E-15
7948.622	2.46518E-15
7950.7706	2.83409E-15
7952.9192	2.74523E-15
7955.0678	2.61062E-15
7957.2164	2.65527E-15
7959.365	2.8098E-15
7961.5137	3.05943E-15
7963.6623	2.62184E-15
7965.8109	2.31404E-15
7967.9595	2.15445E-15
7970.1081	2.40937E-15
7972.2567	2.7776E-15
7974.4054	2.77866E-15
7976.554	2.8314E-15
7978.7026	2.93878E-15
7980.8512	2.97532E-15
7982.9998	2.77268E-15
7985.1484	2.16903E-15
7987.2971	1.99909E-15
7989.4457	2.01836E-15
7991.5943	2.56546E-15
7993.7429	2.66276E-15
7995.8915	2.22586E-15
7998.0401	2.31667E-15
8000.1887	2.23579E-15
8002.3374	1.5776E-15
8004.486	1.63895E-15
8006.6346	2.09861E-15
8008.7832	2.42828E-15
8010.9318	2.23185E-15
8013.0804	1.49291E-15
8015.2291	1.88538E-15
8017.3777	2.50476E-15
8019.5263	2.24975E-15
8021.6749	2.19534E-15
8023.8235	2.27022E-15
8025.9721	2.15495E-15
8028.1208	2.0305E-15
8030.2694	1.8992E-15
8032.418	1.79448E-15
8034.5666	1.71438E-15
8036.7152	1.71504E-15
8038.8638	1.71255E-15
8041.0124	1.70848E-15
8043.1611	1.4886E-15
8045.3097	1.44993E-15
8047.4583	1.87204E-15
8049.6069	1.71113E-15
8051.7555	1.39268E-15
8053.9041	1.69207E-15
8056.0528	1.7889E-15
8058.2014	1.61419E-15
8060.35	1.11307E-15
8062.4986	9.22768E-16
8064.6472	1.53908E-15
8066.7958	1.86136E-15
8068.9445	1.86723E-15
8071.0931	1.70203E-15
8073.2417	1.5543E-15
8075.3903	1.42333E-15
8077.5389	1.42914E-15
8079.6875	1.42443E-15
8081.8361	1.24569E-15
8083.9848	1.13967E-15
8086.1334	1.07982E-15
8088.282	1.29515E-15
8090.4306	1.45911E-15
8092.5792	1.44497E-15
8094.7278	1.30265E-15
8096.8765	1.10611E-15
8099.0251	7.81207E-16
8101.1737	7.43594E-16
8103.3223	9.33051E-16
8105.4709	8.75942E-16
8107.6195	8.24603E-16
8109.7682	8.36401E-16
8111.9168	8.89989E-16
8114.0654	9.65505E-16
8116.214	1.0217E-15
8118.3626	1.10534E-15
8120.5112	1.22706E-15
8122.6598	1.24347E-15
8124.8085	1.16951E-15
8126.9571	9.16591E-16
8129.1057	7.09163E-16
8131.2543	5.49688E-16
8133.4029	7.66809E-16
8135.5515	8.751E-16
8137.7002	7.41017E-16
8139.8488	7.70547E-16
8141.9974	8.32089E-16
8144.146	8.28592E-16
8146.2946	6.82514E-16
8148.4432	4.85604E-16
8150.5919	3.47739E-16
8152.7405	3.26155E-16
8154.8891	5.12856E-16
8157.0377	5.25493E-16
8159.1863	4.62102E-16
8161.3349	4.16974E-16
8163.4835	3.97265E-16
8165.6322	3.98522E-16
8167.7808	4.17853E-16
8169.9294	4.16865E-16
8172.078	3.62215E-16
8174.2266	2.70856E-16
8176.3752	1.95034E-16
8178.5239	2.39377E-16
8180.6725	1.43501E-16
8182.8211	3.58943E-17
8184.9697	2.86548E-17
8187.1183	3.80688E-17
8189.2669	1.34382E-16
8191.4156	1.0058E-16
