3128.7791	3.84487E-14
3130.8605	3.79406E-14
3132.9418	3.8276E-14
3135.0232	3.90436E-14
3137.1045	3.97533E-14
3139.1859	3.94092E-14
3141.2673	3.88528E-14
3143.3486	3.88013E-14
3145.43	3.96161E-14
3147.5114	4.12379E-14
3149.5927	4.12974E-14
3151.6741	3.94956E-14
3153.7554	3.77725E-14
3155.8368	3.96463E-14
3157.9182	4.18052E-14
3159.9995	4.21364E-14
3162.0809	4.10096E-14
3164.1623	3.92929E-14
3166.2436	3.9133E-14
3168.325	4.01395E-14
3170.4063	4.12859E-14
3172.4877	4.19983E-14
3174.5691	4.26051E-14
3176.6504	4.48428E-14
3178.7318	4.55327E-14
3180.8132	4.39901E-14
3182.8945	4.12655E-14
3184.9759	3.91038E-14
3187.0572	3.67495E-14
3189.1386	3.49209E-14
3191.22	3.47791E-14
3193.3013	3.32316E-14
3195.3827	3.22245E-14
3197.4641	3.25702E-14
3199.5454	3.50473E-14
3201.6268	3.92004E-14
3203.7081	4.16031E-14
3205.7895	4.18564E-14
3207.8709	4.0588E-14
3209.9522	4.14033E-14
3212.0336	4.35383E-14
3214.115	4.43311E-14
3216.1963	4.34257E-14
3218.2777	4.21487E-14
3220.359	4.35134E-14
3222.4404	4.39402E-14
3224.5218	4.30825E-14
3226.6031	4.12421E-14
3228.6845	4.36496E-14
3230.7658	4.6411E-14
3232.8472	4.7606E-14
3234.9286	4.61214E-14
3237.0099	4.6147E-14
3239.0913	4.58337E-14
3241.1727	4.3876E-14
3243.254	4.09704E-14
3245.3354	4.09178E-14
3247.4167	4.41932E-14
3249.4981	4.67734E-14
3251.5795	4.7582E-14
3253.6608	4.63967E-14
3255.7422	4.57016E-14
3257.8236	4.60232E-14
3259.9049	4.70351E-14
3261.9863	4.82023E-14
3264.0676	4.71752E-14
3266.149	4.42955E-14
3268.2304	4.17836E-14
3270.3117	4.0668E-14
3272.3931	4.09167E-14
3274.4745	4.1395E-14
3276.5558	4.22276E-14
3278.6372	4.30373E-14
3280.7185	4.2432E-14
3282.7999	4.30867E-14
3284.8813	4.35103E-14
3286.9626	4.35354E-14
3289.044	4.31611E-14
3291.1254	4.25151E-14
3293.2067	4.23052E-14
3295.2881	4.29185E-14
3297.3694	4.43095E-14
3299.4508	4.3326E-14
3301.5322	4.38329E-14
3303.6135	4.35365E-14
3305.6949	4.15247E-14
3307.7762	3.90624E-14
3309.8576	3.88699E-14
3311.939	3.92163E-14
3314.0203	3.92755E-14
3316.1017	3.8122E-14
3318.1831	3.86039E-14
3320.2644	3.77473E-14
3322.3458	3.74578E-14
3324.4271	4.05693E-14
3326.5085	4.51289E-14
3328.5899	4.5995E-14
3330.6712	4.40725E-14
3332.7526	4.08155E-14
3334.834	4.00944E-14
3336.9153	4.0864E-14
3338.9967	4.26579E-14
3341.078	4.44486E-14
3343.1594	4.2827E-14
3345.2408	4.08862E-14
3347.3221	3.97591E-14
3349.4035	3.97097E-14
3351.4849	4.0659E-14
3353.5662	4.05339E-14
3355.6476	3.9344E-14
3357.7289	3.80487E-14
3359.8103	3.75839E-14
3361.8917	3.76066E-14
3363.973	3.65701E-14
3366.0544	3.59244E-14
3368.1358	3.63791E-14
3370.2171	3.78021E-14
3372.2985	3.74783E-14
3374.3798	3.65127E-14
3376.4612	3.57033E-14
3378.5426	3.60888E-14
3380.6239	3.46448E-14
3382.7053	3.41274E-14
3384.7867	3.43692E-14
3386.868	3.45172E-14
3388.9494	3.4602E-14
3391.0307	3.45277E-14
3393.1121	3.41378E-14
3395.1935	3.3412E-14
3397.2748	3.32484E-14
3399.3562	3.4264E-14
3401.4375	3.50192E-14
3403.5189	3.50732E-14
3405.6003	3.57803E-14
3407.6816	3.57366E-14
3409.763	3.44654E-14
3411.8444	3.26327E-14
3413.9257	3.15009E-14
3416.0071	3.31279E-14
3418.0884	3.5782E-14
3420.1698	3.76996E-14
3422.2512	3.66951E-14
3424.3325	3.53248E-14
3426.4139	3.42257E-14
3428.4953	3.38084E-14
3430.5766	3.42687E-14
3432.658	3.43851E-14
3434.7393	3.406E-14
3436.8207	3.37068E-14
3438.9021	3.34497E-14
3440.9834	3.32557E-14
3443.0648	3.38954E-14
3445.1462	3.41992E-14
3447.2275	3.40323E-14
3449.3089	3.35867E-14
3451.3902	3.44543E-14
3453.4716	3.52144E-14
3455.553	3.56284E-14
3457.6343	3.552E-14
3459.7157	3.50228E-14
3461.7971	3.34063E-14
3463.8784	3.11391E-14
3465.9598	2.89991E-14
3468.0411	2.97484E-14
3470.1225	2.96307E-14
3472.2039	2.9869E-14
3474.2852	3.05001E-14
3476.3666	3.06606E-14
3478.4479	3.05113E-14
3480.5293	3.12134E-14
3482.6107	3.25253E-14
3484.692	3.39237E-14
3486.7734	3.5317E-14
3488.8548	3.44719E-14
3490.9361	3.31549E-14
3493.0175	3.19176E-14
3495.0988	3.11826E-14
3497.1802	3.12317E-14
3499.2616	3.26346E-14
3501.3429	3.3788E-14
3503.4243	3.42804E-14
3505.5057	3.50373E-14
3507.587	3.54825E-14
3509.6684	3.45064E-14
3511.7497	3.31883E-14
3513.8311	3.27544E-14
3515.9125	3.25953E-14
3517.9938	3.34381E-14
3520.0752	3.53938E-14
3522.1566	3.66787E-14
3524.2379	3.69064E-14
3526.3193	3.6795E-14
3528.4006	3.5357E-14
3530.482	3.2626E-14
3532.5634	3.04966E-14
3534.6447	2.98222E-14
3536.7261	3.0313E-14
3538.8075	3.10969E-14
3540.8888	3.16379E-14
3542.9702	3.19813E-14
3545.0515	3.28387E-14
3547.1329	3.35333E-14
3549.2143	3.49114E-14
3551.2956	3.56499E-14
3553.377	3.47655E-14
3555.4584	3.28277E-14
3557.5397	3.17199E-14
3559.6211	3.17413E-14
3561.7024	3.21156E-14
3563.7838	3.23154E-14
3565.8652	3.27568E-14
3567.9465	3.27789E-14
3570.0279	3.32881E-14
3572.1092	3.47202E-14
3574.1906	3.63142E-14
3576.272	3.57084E-14
3578.3533	3.4093E-14
3580.4347	3.27914E-14
3582.5161	3.27232E-14
3584.5974	3.3018E-14
3586.6788	3.25272E-14
3588.7601	3.14299E-14
3590.8415	3.03696E-14
3592.9229	2.96986E-14
3595.0042	2.90424E-14
3597.0856	2.8849E-14
3599.167	2.94054E-14
3601.2483	3.05862E-14
3603.3297	3.1349E-14
3605.411	3.15153E-14
3607.4924	3.13632E-14
3609.5738	3.11544E-14
3611.6551	3.05224E-14
3613.7365	2.98757E-14
3615.8179	2.97864E-14
3617.8992	2.9917E-14
3619.9806	2.94184E-14
3622.0619	2.85312E-14
3624.1433	2.74676E-14
3626.2247	2.66147E-14
3628.306	2.71034E-14
3630.3874	2.77285E-14
3632.4688	2.78502E-14
3634.5501	2.78183E-14
3636.6315	2.83813E-14
3638.7128	2.85585E-14
3640.7942	2.84996E-14
3642.8756	2.84409E-14
3644.9569	2.86449E-14
3647.0383	2.89035E-14
3649.1197	2.87644E-14
3651.201	2.85996E-14
3653.2824	2.85934E-14
3655.3637	2.8482E-14
3657.4451	2.80076E-14
3659.5265	2.76428E-14
3661.6078	2.75606E-14
3663.6892	2.80669E-14
3665.7705	2.85037E-14
3667.8519	2.87613E-14
3669.9333	2.792E-14
3672.0146	2.70286E-14
3674.096	2.76268E-14
3676.1774	2.83948E-14
3678.2587	2.88103E-14
3680.3401	2.78648E-14
3682.4214	2.65072E-14
3684.5028	2.54258E-14
3686.5842	2.50486E-14
3688.6655	2.53684E-14
3690.7469	2.61218E-14
3692.8283	2.66019E-14
3694.9096	2.68921E-14
3696.991	2.71853E-14
3699.0723	2.74566E-14
3701.1537	2.70494E-14
3703.2351	2.64526E-14
3705.3164	2.61807E-14
3707.3978	2.67604E-14
3709.4792	2.72274E-14
3711.5605	2.69723E-14
3713.6419	2.64017E-14
3715.7232	2.61303E-14
3717.8046	2.59333E-14
3719.886	2.56668E-14
3721.9673	2.53797E-14
3724.0487	2.53747E-14
3726.1301	2.62734E-14
3728.2114	2.78375E-14
3730.2928	2.90366E-14
3732.3741	2.9165E-14
3734.4555	2.80529E-14
3736.5369	2.71827E-14
3738.6182	2.651E-14
3740.6996	2.60931E-14
3742.7809	2.54708E-14
3744.8623	2.49322E-14
3746.9437	2.46081E-14
3749.025	2.44678E-14
3751.1064	2.44407E-14
3753.1878	2.45941E-14
3755.2691	2.47942E-14
3757.3505	2.49729E-14
3759.4318	2.51297E-14
3761.5132	2.5545E-14
3763.5946	2.61111E-14
3765.6759	2.63722E-14
3767.7573	2.61496E-14
3769.8387	2.54089E-14
3771.92	2.47347E-14
3774.0014	2.43684E-14
3776.0827	2.41629E-14
3778.1641	2.42253E-14
3780.2455	2.4808E-14
3782.3268	2.48264E-14
3784.4082	2.4617E-14
3786.4896	2.44095E-14
3788.5709	2.43826E-14
3790.6523	2.45812E-14
3792.7336	2.45543E-14
3794.815	2.43697E-14
3796.8964	2.4142E-14
3798.9777	2.40269E-14
3801.0591	2.39785E-14
3803.1405	2.39964E-14
3805.2218	2.39702E-14
3807.3032	2.44341E-14
3809.3845	2.42729E-14
3811.4659	2.42241E-14
3813.5473	2.44666E-14
3815.6286	2.45075E-14
3817.71	2.32716E-14
3819.7914	2.19964E-14
3821.8727	2.1932E-14
3823.9541	2.2213E-14
3826.0354	2.21888E-14
3828.1168	2.2308E-14
3830.1982	2.26981E-14
3832.2795	2.27152E-14
3834.3609	2.32834E-14
3836.4422	2.39097E-14
3838.5236	2.43502E-14
3840.605	2.43687E-14
3842.6863	2.36571E-14
3844.7677	2.31575E-14
3846.8491	2.29626E-14
3848.9304	2.30861E-14
3851.0118	2.26194E-14
3853.0931	2.20604E-14
3855.1745	2.19555E-14
3857.2559	2.21756E-14
3859.3372	2.27932E-14
3861.4186	2.3342E-14
3863.5	2.36195E-14
3865.5813	2.35506E-14
3867.6627	2.32239E-14
3869.744	2.25044E-14
3871.8254	2.2009E-14
3873.9068	2.18843E-14
3875.9881	2.21445E-14
3878.0695	2.19382E-14
3880.1509	2.13764E-14
3882.2322	2.10799E-14
3884.3136	2.12326E-14
3886.3949	2.19856E-14
3888.4763	2.24943E-14
3890.5577	2.2491E-14
3892.639	2.23225E-14
3894.7204	2.24222E-14
3896.8018	2.25224E-14
3898.8831	2.25814E-14
3900.9645	2.25366E-14
3903.0458	2.24091E-14
3905.1272	2.1916E-14
3907.2086	2.19128E-14
3909.2899	2.17889E-14
3911.3713	2.11336E-14
3913.4526	2.04226E-14
3915.534	2.03072E-14
3917.6154	2.05111E-14
3919.6967	2.06789E-14
3921.7781	2.05053E-14
3923.8595	2.00911E-14
3925.9408	1.98127E-14
3928.0222	1.97008E-14
3930.1035	1.99537E-14
3932.1849	2.02285E-14
3934.2663	2.03941E-14
3936.3476	2.03725E-14
3938.429	2.0183E-14
3940.5104	1.99768E-14
3942.5917	1.98641E-14
3944.6731	2.00452E-14
3946.7544	2.05282E-14
3948.8358	2.0356E-14
3950.9172	1.97259E-14
3952.9985	1.91857E-14
3955.0799	1.90951E-14
3957.1613	1.94117E-14
3959.2426	1.93913E-14
3961.324	1.93709E-14
3963.4053	1.94042E-14
3965.4867	1.93838E-14
3967.5681	1.92036E-14
3969.6494	1.94862E-14
3971.7308	2.00665E-14
3973.8122	2.03244E-14
3975.8935	2.04532E-14
3977.9749	2.04695E-14
3980.0562	2.05804E-14
3982.1376	2.06728E-14
3984.219	2.06322E-14
3986.3003	2.01786E-14
3988.3817	1.98261E-14
3990.4631	1.9842E-14
3992.5444	2.01712E-14
3994.6258	2.02619E-14
3996.7071	2.02968E-14
3998.7885	2.0313E-14
4000.8699	2.02919E-14
4002.9512	2.0048E-14
4005.0326	1.96979E-14
4007.1139	1.9515E-14
4009.1953	1.96028E-14
4011.2767	1.98366E-14
4013.358	1.98343E-14
4015.4394	1.96864E-14
4017.5208	1.94319E-14
4019.6021	1.92161E-14
4021.6835	1.89852E-14
4023.7648	1.88437E-14
4025.8462	1.87205E-14
4027.9276	1.84786E-14
4030.0089	1.84935E-14
4032.0903	1.88352E-14
4034.1717	1.92718E-14
4036.253	1.94301E-14
4038.3344	1.93743E-14
4040.4157	1.93188E-14
4042.4971	1.94416E-14
4044.5785	1.97827E-14
4046.6598	1.97623E-14
4048.7412	1.92394E-14
4050.8226	1.87131E-14
4052.9039	1.8608E-14
4054.9853	1.88301E-14
4057.0666	1.92845E-14
4059.148	1.95327E-14
4061.2294	1.93873E-14
4063.3107	1.87358E-14
4065.3921	1.84428E-14
4067.4735	1.8407E-14
4069.5548	1.849E-14
4071.6362	1.83355E-14
4073.7175	1.78999E-14
4075.7989	1.7734E-14
4077.8803	1.78469E-14
4079.9616	1.79771E-14
4082.043	1.79092E-14
4084.1243	1.76617E-14
4086.2057	1.74338E-14
4088.2871	1.72563E-14
4090.3684	1.70965E-14
4092.4498	1.68448E-14
4094.5312	1.63841E-14
4096.6125	1.59214E-14
4098.6939	1.57885E-14
4100.7752	1.60214E-14
4102.8566	1.65905E-14
4104.938	1.7275E-14
4107.0193	1.81375E-14
4109.1007	1.86096E-14
4111.1821	1.82851E-14
4113.2634	1.78508E-14
4115.3448	1.77019E-14
4117.4261	1.7782E-14
4119.5075	1.77477E-14
4121.5889	1.78116E-14
4123.6702	1.79914E-14
4125.7516	1.79071E-14
4127.833	1.76924E-14
4129.9143	1.75772E-14
4131.9957	1.75757E-14
4134.077	1.77204E-14
4136.1584	1.77352E-14
4138.2398	1.75065E-14
4140.3211	1.72014E-14
4142.4025	1.70423E-14
4144.4839	1.71985E-14
4146.5652	1.74846E-14
4148.6466	1.76449E-14
4150.7279	1.7676E-14
4152.8093	1.75609E-14
4154.8907	1.75757E-14
4156.972	1.76067E-14
4159.0534	1.7654E-14
4161.1348	1.75715E-14
4163.2161	1.75055E-14
4165.2975	1.74076E-14
4167.3788	1.73103E-14
4169.4602	1.73249E-14
4171.5416	1.75484E-14
4173.6229	1.74826E-14
4175.7043	1.73369E-14
4177.7856	1.71293E-14
4179.867	1.68464E-14
4181.9484	1.65529E-14
4184.0297	1.62795E-14
4186.1111	1.60846E-14
4188.1925	1.59653E-14
4190.2738	1.58033E-14
4192.3552	1.5571E-14
4194.4365	1.53845E-14
4196.5179	1.55115E-14
4198.5993	1.57552E-14
4200.6806	1.60174E-14
4202.762	1.62242E-14
4204.8434	1.62979E-14
4206.9247	1.62668E-14
4209.0061	1.63107E-14
4211.0874	1.64909E-14
4213.1688	1.65964E-14
4215.2502	1.64431E-14
4217.3315	1.6142E-14
4219.4129	1.59341E-14
4221.4943	1.58599E-14
4223.5756	1.59174E-14
4225.657	1.60636E-14
4227.7383	1.61665E-14
4229.8197	1.62401E-14
4231.9011	1.6284E-14
4233.9824	1.61634E-14
4236.0638	1.60734E-14
4238.1452	1.60428E-14
4240.2265	1.60566E-14
4242.3079	1.59966E-14
4244.3892	1.58928E-14
4246.4706	1.5848E-14
4248.552	1.58617E-14
4250.6333	1.59487E-14
4252.7147	1.58891E-14
4254.7961	1.57715E-14
4256.8774	1.57126E-14
4258.9588	1.56396E-14
4261.0401	1.57254E-14
4263.1215	1.59139E-14
4265.2029	1.62089E-14
4267.2842	1.65245E-14
4269.3656	1.67072E-14
4271.4469	1.67835E-14
4273.5283	1.66594E-14
4275.6097	1.64148E-14
4277.691	1.61441E-14
4279.7724	1.59658E-14
4281.8538	1.58624E-14
4283.9351	1.59348E-14
4286.0165	1.60518E-14
4288.0978	1.59773E-14
4290.1792	1.56849E-14
4292.2606	1.5412E-14
4294.3419	1.53546E-14
4296.4233	1.56681E-14
4298.5047	1.58124E-14
4300.586	1.57971E-14
4302.6674	1.55509E-14
4304.7487	1.55502E-14
4306.8301	1.56357E-14
4308.9115	1.56349E-14
4310.9928	1.54197E-14
4313.0742	1.50403E-14
4315.1556	1.48744E-14
4317.2369	1.48464E-14
4319.3183	1.48321E-14
4321.3996	1.49136E-14
4323.481	1.49542E-14
4325.5624	1.46267E-14
4327.6437	1.42013E-14
4329.7251	1.40705E-14
4331.8065	1.4057E-14
4333.8878	1.38892E-14
4335.9692	1.37486E-14
4338.0505	1.37102E-14
4340.1319	1.36592E-14
4342.2133	1.37217E-14
4344.2946	1.38737E-14
4346.376	1.41311E-14
4348.4573	1.44066E-14
4350.5387	1.46604E-14
4352.6201	1.48638E-14
4354.7014	1.50008E-14
4356.7828	1.49314E-14
4358.8642	1.46854E-14
4360.9455	1.44434E-14
4363.0269	1.42448E-14
4365.1082	1.41397E-14
4367.1896	1.41654E-14
4369.271	1.44549E-14
4371.3523	1.49555E-14
4373.4337	1.53457E-14
4375.5151	1.51486E-14
4377.5964	1.4817E-14
4379.6778	1.46672E-14
4381.7591	1.45994E-14
4383.8405	1.46124E-14
4385.9219	1.45449E-14
4388.0032	1.45311E-14
4390.0846	1.45173E-14
4392.166	1.43045E-14
4394.2473	1.41209E-14
4396.3287	1.4225E-14
4398.41	1.43298E-14
4400.4914	1.42374E-14
4402.5728	1.40417E-14
4404.6541	1.38487E-14
4406.7355	1.36709E-14
4408.8169	1.3658E-14
4410.8982	1.36326E-14
4412.9796	1.34948E-14
4415.0609	1.33831E-14
4417.1423	1.34943E-14
4419.2237	1.38465E-14
4421.305	1.39615E-14
4423.3864	1.3974E-14
4425.4678	1.39866E-14
4427.5491	1.40768E-14
4429.6305	1.38579E-14
4431.7118	1.38576E-14
4433.7932	1.39985E-14
4435.8746	1.40628E-14
4437.9559	1.38952E-14
4440.0373	1.36791E-14
4442.1186	1.35535E-14
4444.2	1.35658E-14
4446.2814	1.36031E-14
4448.3627	1.35779E-14
4450.4441	1.35777E-14
4452.5255	1.37284E-14
4454.6068	1.40868E-14
4456.6882	1.40478E-14
4458.7695	1.3906E-14
4460.8509	1.38802E-14
4462.9323	1.40343E-14
4465.0136	1.40341E-14
4467.095	1.39181E-14
4469.1764	1.36766E-14
4471.2577	1.34021E-14
4473.3391	1.33527E-14
4475.4204	1.33895E-14
4477.5018	1.34512E-14
4479.5832	1.3563E-14
4481.6645	1.36884E-14
4483.7459	1.37009E-14
4485.8273	1.35004E-14
4487.9086	1.33028E-14
4489.99	1.33395E-14
4492.0713	1.32293E-14
4494.1527	1.29759E-14
4496.2341	1.26454E-14
4498.3154	1.24031E-14
4500.3968	1.21879E-14
4502.4782	1.21319E-14
4504.5595	1.21878E-14
4506.6409	1.22779E-14
4508.7222	1.25523E-14
4510.8036	1.28802E-14
4512.885	1.29994E-14
4514.9663	1.28565E-14
4517.0477	1.24487E-14
4519.129	1.2076E-14
4521.2104	1.19653E-14
4523.2918	1.19763E-14
4525.3731	1.19873E-14
4527.4545	1.19433E-14
4529.5359	1.18447E-14
4531.6172	1.16822E-14
4533.6986	1.14902E-14
4535.7799	1.12805E-14
4537.8613	1.12909E-14
4539.9427	1.1364E-14
4542.024	1.14586E-14
4544.1054	1.15328E-14
4546.1868	1.16182E-14
4548.2681	1.17798E-14
4550.3495	1.19658E-14
4552.4308	1.21323E-14
4554.5122	1.23239E-14
4556.5936	1.24724E-14
4558.6749	1.2484E-14
4560.7563	1.23242E-14
4562.8377	1.21776E-14
4564.919	1.21553E-14
4567.0004	1.22115E-14
4569.0817	1.23133E-14
4571.1631	1.24045E-14
4573.2445	1.24963E-14
4575.3258	1.25426E-14
4577.4072	1.24507E-14
4579.4886	1.21674E-14
4581.5699	1.19455E-14
4583.6513	1.1847E-14
4585.7326	1.18799E-14
4587.814	1.19459E-14
4589.8954	1.20012E-14
4591.9767	1.19573E-14
4594.0581	1.18043E-14
4596.1395	1.15783E-14
4598.2208	1.15041E-14
4600.3022	1.1462E-14
4602.3835	1.13675E-14
4604.4649	1.115E-14
4606.5463	1.10174E-14
4608.6276	1.10889E-14
4610.709	1.13369E-14
4612.7903	1.15799E-14
4614.8717	1.15801E-14
4616.9531	1.14636E-14
4619.0344	1.14955E-14
4621.1158	1.16342E-14
4623.1972	1.17097E-14
4625.2785	1.17532E-14
4627.3599	1.17643E-14
4629.4412	1.17429E-14
4631.5226	1.16141E-14
4633.604	1.13814E-14
4635.6853	1.11636E-14
4637.7667	1.11023E-14
4639.8481	1.12363E-14
4641.9294	1.13719E-14
4644.0108	1.14352E-14
4646.0921	1.15413E-14
4648.1735	1.16163E-14
4650.2549	1.14466E-14
4652.3362	1.12173E-14
4654.4176	1.10739E-14
4656.499	1.09525E-14
4658.5803	1.08224E-14
4660.6617	1.07829E-14
4662.743	1.07932E-14
4664.8244	1.08333E-14
4666.9058	1.07739E-14
4668.9871	1.07346E-14
4671.0685	1.08044E-14
4673.1499	1.07155E-14
4675.2312	1.04046E-14
4677.3126	1.00101E-14
4679.3939	9.64834E-15
4681.4753	9.35979E-15
4683.5567	9.22317E-15
4685.638	9.29168E-15
4687.7194	9.64958E-15
4689.8007	1.00768E-14
4691.8821	1.04169E-14
4693.9635	1.06207E-14
4696.0448	1.05917E-14
4698.1262	1.06704E-14
4700.2076	1.07795E-14
4702.2889	1.095E-14
4704.3703	1.11437E-14
4706.4516	1.11955E-14
4708.533	1.10933E-14
4710.6144	1.08812E-14
4712.6957	1.07224E-14
4714.7771	1.07327E-14
4716.8585	1.06936E-14
4718.9398	1.05668E-14
4721.0212	1.03648E-14
4723.1025	1.02986E-14
4725.1839	1.03465E-14
4727.2653	1.04331E-14
4729.3466	1.053E-14
4731.428	1.06279E-14
4733.5094	1.06872E-14
4735.5907	1.07667E-14
4737.6721	1.08568E-14
4739.7534	1.08673E-14
4741.8348	1.06399E-14
4743.9162	1.04944E-14
4745.9975	1.0437E-14
4748.0789	1.04087E-14
4750.1603	1.03327E-14
4752.2416	1.03809E-14
4754.323	1.03623E-14
4756.4043	1.02961E-14
4758.4857	1.04206E-14
4760.5671	1.05758E-14
4762.6484	1.06056E-14
4764.7298	1.05476E-14
4766.8112	1.05481E-14
4768.8925	1.06267E-14
4770.9739	1.06861E-14
4773.0552	1.07063E-14
4775.1366	1.0786E-14
4777.218	1.06876E-14
4779.2993	1.05415E-14
4781.3807	1.03592E-14
4783.462	1.00867E-14
4785.5434	9.89394E-15
4787.6248	9.986E-15
4789.7061	1.02191E-14
4791.7875	1.04385E-14
4793.8689	1.04583E-14
4795.9502	1.03058E-14
4798.0316	1.01556E-14
4800.1129	1.00538E-14
4802.1943	1.00543E-14
4804.2757	1.00087E-14
4806.357	9.9724E-15
4808.4384	9.96377E-15
4810.5198	9.94598E-15
4812.6011	9.94654E-15
4814.6825	9.97462E-15
4816.7638	1.00212E-14
4818.8452	1.00218E-14
4820.9266	9.98552E-15
4823.0079	9.92192E-15
4825.0893	9.89512E-15
4827.1707	9.95053E-15
4829.252	1.00896E-14
4831.3334	1.00716E-14
4833.4147	9.9523E-15
4835.4961	9.72634E-15
4837.5775	9.45313E-15
4839.6588	9.34119E-15
4841.7402	9.36761E-15
4843.8216	9.34233E-15
4845.9029	9.19776E-15
4847.9843	9.05543E-15
4850.0656	9.04766E-15
4852.147	9.00666E-15
4854.2284	8.82655E-15
4856.3097	8.49217E-15
4858.3911	8.23847E-15
4860.4725	8.18605E-15
4862.5538	8.34647E-15
4864.6352	8.62842E-15
4866.7165	8.90347E-15
4868.7979	9.11146E-15
4870.8793	9.23032E-15
4872.9606	9.34213E-15
4875.042	9.32556E-15
4877.1233	9.18976E-15
4879.2047	9.13973E-15
4881.2861	9.33605E-15
4883.3674	9.71388E-15
4885.4488	9.89516E-15
4887.5302	9.83225E-15
4889.6115	9.65346E-15
4891.6929	9.57444E-15
4893.7742	9.65481E-15
4895.8556	9.7808E-15
4897.937	9.79953E-15
4900.0183	9.64798E-15
4902.0997	9.55141E-15
4904.1811	9.62274E-15
4906.2624	9.7663E-15
4908.3438	9.83018E-15
4910.4251	9.79475E-15
4912.5065	9.70567E-15
4914.5879	9.57321E-15
4916.6692	9.4165E-15
4918.7506	9.15213E-15
4920.832	9.09399E-15
4922.9133	9.2382E-15
4924.9947	9.4367E-15
4927.076	9.42005E-15
4929.1574	9.25734E-15
4931.2388	9.13103E-15
4933.3201	9.09815E-15
4935.4015	9.16614E-15
4937.4829	9.1753E-15
4939.5642	9.10866E-15
4941.6456	9.02586E-15
4943.7269	8.86182E-15
4945.8083	8.7168E-15
4947.8897	8.66147E-15
4949.971	8.79886E-15
4952.0524	9.09622E-15
4954.1337	9.45575E-15
4956.2151	9.6146E-15
4958.2965	9.55359E-15
4960.3778	9.30255E-15
4962.4592	9.09155E-15
4964.5406	9.06721E-15
4966.6219	9.04294E-15
4968.7033	9.03536E-15
4970.7846	9.09456E-15
4972.866	9.18794E-15
4974.9474	9.0543E-15
4977.0287	8.89798E-15
4979.1101	8.90693E-15
4981.1915	9.02329E-15
4983.2728	9.06572E-15
4985.3542	8.95859E-15
4987.4355	8.69115E-15
4989.5169	8.60428E-15
4991.5983	8.66069E-15
4993.6796	8.74964E-15
4995.761	8.82324E-15
4997.8424	8.84029E-15
4999.9237	8.73584E-15
5002.0051	8.64855E-15
5004.0864	8.57002E-15
5006.1678	8.57869E-15
5008.2492	8.61112E-15
5010.3305	8.63573E-15
5012.4119	8.5731E-15
5014.4933	8.5031E-15
5016.5746	8.3872E-15
5018.656	8.42669E-15
5020.7373	8.60789E-15
5022.8187	8.76066E-15
5024.9001	8.61741E-15
5026.9814	8.49996E-15
5029.0628	8.56362E-15
5031.1442	8.64367E-15
5033.2255	8.59684E-15
5035.3069	8.63733E-15
5037.3882	8.6302E-15
5039.4696	8.55977E-15
5041.551	8.45091E-15
5043.6323	8.35882E-15
5045.7137	8.35192E-15
5047.795	8.40675E-15
5049.8764	8.44637E-15
5051.9578	8.17923E-15
5054.0391	8.02333E-15
5056.1205	8.14323E-15
5058.2019	8.34909E-15
5060.2832	8.38846E-15
5062.3646	8.44354E-15
5064.4459	8.39784E-15
5066.5273	8.28344E-15
5068.6087	8.17813E-15
5070.69	8.20914E-15
5072.7714	8.13469E-15
5074.8528	7.92838E-15
5076.9341	7.67059E-15
5079.0155	7.77092E-15
5081.0968	8.10059E-15
5083.1782	8.33606E-15
5085.2596	8.19229E-15
5087.3409	8.02879E-15
5089.4223	8.02222E-15
5091.5037	7.97149E-15
5093.585	7.83402E-15
5095.6664	7.69892E-15
5097.7477	7.76381E-15
5099.8291	7.91627E-15
5101.9105	8.01246E-15
5103.9918	7.95448E-15
5106.0732	7.86788E-15
5108.1546	7.86147E-15
5110.2359	7.88406E-15
5112.3173	7.86314E-15
5114.3986	7.88574E-15
5116.48	7.98158E-15
5118.5614	8.12336E-15
5120.6427	8.20697E-15
5122.7241	7.99153E-15
5124.8054	7.90454E-15
5126.8868	7.81851E-15
5128.9682	7.69789E-15
5131.0495	7.5931E-15
5133.1309	7.70667E-15
5135.2123	7.82915E-15
5137.2936	7.85168E-15
5139.375	7.63855E-15
5141.4563	7.52765E-15
5143.5377	7.54237E-15
5145.6191	7.57105E-15
5147.7004	7.60685E-15
5149.7818	7.77059E-15
5151.8632	7.80734E-15
5153.9445	7.694E-15
5156.0259	7.57533E-15
5158.1072	7.63222E-15
5160.1886	7.8325E-15
5162.27	7.98638E-15
5164.3513	7.97995E-15
5166.4327	7.93688E-15
5168.5141	7.87953E-15
5170.5954	7.8298E-15
5172.6768	7.80191E-15
5174.7581	7.77413E-15
5176.8395	7.86869E-15
5178.9209	7.85512E-15
5181.0022	7.79837E-15
5183.0836	7.67106E-15
5185.165	7.58065E-15
5187.2463	7.70829E-15
5189.3277	7.80925E-15
5191.409	7.82458E-15
5193.4904	7.74663E-15
5195.5718	7.60615E-15
5197.6531	7.39294E-15
5199.7345	7.26556E-15
5201.8159	7.26644E-15
5203.8972	7.42291E-15
5205.9786	7.59673E-15
5208.0599	7.72467E-15
5210.1413	7.76842E-15
5212.2227	7.69105E-15
5214.304	7.59345E-15
5216.3854	7.55253E-15
5218.4667	7.59532E-15
5220.5481	7.59625E-15
5222.6295	7.56229E-15
5224.7108	7.56323E-15
5226.7922	7.59908E-15
5228.8736	7.46819E-15
5230.9549	7.41429E-15
5233.0363	7.37436E-15
5235.1176	7.39569E-15
5237.199	7.47883E-15
5239.2804	7.59081E-15
5241.3617	7.59877E-15
5243.4431	7.55785E-15
5245.5245	7.54491E-15
5247.6058	7.54587E-15
5249.6872	7.51908E-15
5251.7685	7.43054E-15
5253.8499	7.26234E-15
5255.9313	7.25658E-15
5258.0126	7.22418E-15
5260.094	7.13912E-15
5262.1754	7.02265E-15
5264.2567	6.96558E-15
5266.3381	7.04392E-15
5268.4194	7.09694E-15
5270.5008	7.06526E-15
5272.5822	7.02077E-15
5274.6635	7.04761E-15
5276.7449	7.1466E-15
5278.8263	7.26703E-15
5280.9076	7.52687E-15
5282.989	7.59053E-15
5285.0703	7.67591E-15
5287.1517	7.68401E-15
5289.2331	7.58658E-15
5291.3144	7.44911E-15
5293.3958	7.14106E-15
5295.4772	6.77051E-15
5297.5585	6.44882E-15
5299.6399	6.33781E-15
5301.7212	6.49827E-15
5303.8026	6.68124E-15
5305.884	6.8441E-15
5307.9653	6.97229E-15
5310.0467	7.16861E-15
5312.128	7.26264E-15
5314.2094	7.2436E-15
5316.2908	7.1452E-15
5318.3721	7.17917E-15
5320.4535	7.34065E-15
5322.5349	7.30793E-15
5324.6162	7.03809E-15
5326.6976	6.75952E-15
5328.7789	6.84189E-15
5330.8603	6.97649E-15
5332.9417	7.07454E-15
5335.023	7.08205E-15
5337.1044	6.97943E-15
5339.1858	6.77145E-15
5341.2671	6.62435E-15
5343.3485	6.66814E-15
5345.4298	6.71222E-15
5347.5112	6.70082E-15
5349.5926	6.76379E-15
5351.6739	6.92871E-15
5353.7553	7.03258E-15
5355.8367	7.02064E-15
5357.918	6.97653E-15
5359.9994	6.91994E-15
5362.0807	6.88914E-15
5364.1621	7.05063E-15
5366.2435	7.23587E-15
5368.3248	7.35113E-15
5370.4062	7.33191E-15
5372.4876	7.13971E-15
5374.5689	7.1145E-15
5376.6503	7.08285E-15
5378.7316	6.93541E-15
5380.813	6.67323E-15
5382.8944	6.55239E-15
5384.9757	6.57149E-15
5387.0571	6.70083E-15
5389.1384	6.80758E-15
5391.2198	6.72756E-15
5393.3012	6.6546E-15
5395.3825	6.64335E-15
5397.4639	6.69965E-15
5399.5453	6.76889E-15
5401.6266	6.78864E-15
5403.708	6.73981E-15
5405.7893	6.60562E-15
5407.8707	6.07546E-15
5409.9521	5.91078E-15
5412.0334	5.99944E-15
5414.1148	6.2658E-15
5416.1962	6.42455E-15
5418.2775	6.39012E-15
5420.3589	6.28602E-15
5422.4402	6.21788E-15
5424.5216	6.35783E-15
5426.603	6.38816E-15
5428.6843	6.46015E-15
5430.7657	6.55707E-15
5432.8471	6.63096E-15
5434.9284	6.4691E-15
5437.0098	6.21887E-15
5439.0911	5.98383E-15
5441.1725	5.88094E-15
5443.2539	6.22751E-15
5445.3352	6.3677E-15
5447.4166	6.46324E-15
5449.498	6.57838E-15
5451.5793	6.67709E-15
5453.6607	6.64134E-15
5455.742	6.54522E-15
5457.8234	6.51617E-15
5459.9048	6.82435E-15
5461.9861	7.04905E-15
5464.0675	6.99197E-15
5466.1489	6.70917E-15
5468.2302	6.30287E-15
5470.3116	6.04237E-15
5472.3929	5.97141E-15
5474.4743	5.90673E-15
5476.5557	5.78384E-15
5478.637	6.0574E-15
5480.7184	6.30314E-15
5482.7997	6.33909E-15
5484.8811	6.1958E-15
5486.9625	6.3062E-15
5489.0438	6.38908E-15
5491.1252	6.34905E-15
5493.2066	6.19412E-15
5495.2879	5.96006E-15
5497.3693	5.96104E-15
5499.4506	5.97301E-15
5501.532	6.04038E-15
5503.6134	6.21635E-15
5505.6947	6.53443E-15
5507.7761	6.63864E-15
5509.8575	6.695E-15
5511.9388	6.75807E-15
5514.0202	6.61751E-15
5516.1015	6.37334E-15
5518.1829	6.30434E-15
5520.2643	6.45821E-15
5522.3456	6.77617E-15
5524.427	6.62914E-15
5526.5084	6.24496E-15
5528.5897	5.88305E-15
5530.6711	5.88404E-15
5532.7524	5.99997E-15
5534.8338	6.12946E-15
5536.9152	6.25599E-15
5538.9965	6.34409E-15
5541.0779	6.33933E-15
5543.1593	6.12797E-15
5545.2406	5.9895E-15
5547.322	6.04595E-15
5549.4033	6.23935E-15
5551.4847	6.38577E-15
5553.5661	6.65101E-15
5555.6474	6.99137E-15
5557.7288	7.10947E-15
5559.8101	7.00667E-15
5561.8915	6.77309E-15
5563.9729	6.54126E-15
5566.0542	6.4289E-15
5568.1356	6.34179E-15
5570.217	6.43706E-15
5572.2983	6.44411E-15
5574.3797	6.22929E-15
5576.461	5.1822E-15
5578.5424	5.30384E-15
5580.6238	5.7262E-15
5582.7051	6.05818E-15
5584.7865	5.84008E-15
5586.8679	5.79822E-15
5588.9492	6.06138E-15
5591.0306	6.35986E-15
5593.1119	6.46732E-15
5595.1933	6.36211E-15
5597.2747	6.2933E-15
5599.356	6.20805E-15
5601.4374	6.20916E-15
5603.5188	6.19883E-15
5605.6001	6.18283E-15
5607.6815	6.05431E-15
5609.7628	5.96682E-15
5611.8442	6.03977E-15
5613.9256	6.18156E-15
5616.0069	6.13164E-15
5618.0883	6.00419E-15
5620.1697	5.83623E-15
5622.251	5.98427E-15
5624.3324	6.18144E-15
5626.4137	6.24552E-15
5628.4951	6.27548E-15
5630.5765	6.09994E-15
5632.6578	6.05627E-15
5634.7392	6.03509E-15
5636.8206	6.06406E-15
5638.9019	5.80287E-15
5640.9833	5.80393E-15
5643.0646	5.98414E-15
5645.146	6.29624E-15
5647.2274	6.5097E-15
5649.3087	6.57114E-15
5651.3901	6.52411E-15
5653.4714	6.45359E-15
5655.5528	6.54458E-15
5657.6342	6.4204E-15
5659.7155	6.35686E-15
5661.7969	6.2535E-15
5663.8783	6.03398E-15
5665.9596	5.94134E-15
5668.041	6.00296E-15
5670.1223	6.05406E-15
5672.2037	5.98864E-15
5674.2851	6.06191E-15
5676.3664	6.15305E-15
5678.4478	6.25133E-15
5680.5292	6.32782E-15
5682.6105	6.25368E-15
5684.6919	5.85353E-15
5686.7732	5.53987E-15
5688.8546	5.38495E-15
5690.936	5.47097E-15
5693.0173	5.57887E-15
5695.0987	5.60053E-15
5697.1801	5.581E-15
5699.2614	5.70157E-15
5701.3428	5.81939E-15
5703.4241	5.79376E-15
5705.5055	5.63694E-15
5707.5869	5.4642E-15
5709.6682	5.39523E-15
5711.7496	5.35172E-15
5713.831	5.40725E-15
5715.9123	5.55982E-15
5717.9937	5.64865E-15
5720.075	5.68628E-15
5722.1564	5.68738E-15
5724.2378	5.67801E-15
5726.3191	5.57033E-15
5728.4005	5.42956E-15
5730.4818	5.29724E-15
5732.5632	5.26907E-15
5734.6446	5.27981E-15
5736.7259	5.315E-15
5738.8073	5.31115E-15
5740.8887	5.34655E-15
5742.97	5.4772E-15
5745.0514	5.67863E-15
5747.1327	5.72703E-15
5749.2141	5.72288E-15
5751.2955	5.72928E-15
5753.3768	5.70934E-15
5755.4582	5.68947E-15
5757.5396	5.73796E-15
5759.6209	5.81358E-15
5761.7023	5.91739E-15
5763.7836	5.94041E-15
5765.865	5.79032E-15
5767.9464	5.50034E-15
5770.0277	5.27322E-15
5772.1091	5.15422E-15
5774.1905	5.17427E-15
5776.2718	5.31051E-15
5778.3532	5.5619E-15
5780.4345	5.75587E-15
5782.5159	5.65715E-15
5784.5973	5.65308E-15
5786.6786	5.66465E-15
5788.76	5.5932E-15
5790.8414	5.40192E-15
5792.9227	5.22199E-15
5795.0041	5.09007E-15
5797.0854	5.01663E-15
5799.1668	4.87641E-15
5801.2482	4.80605E-15
5803.3295	4.82478E-15
5805.4109	5.11406E-15
5807.4923	5.39578E-15
5809.5736	5.68255E-15
5811.655	5.63679E-15
5813.7363	5.52486E-15
5815.8177	5.41016E-15
5817.8991	5.46637E-15
5819.9804	5.35783E-15
5822.0618	5.23212E-15
5824.1431	5.23802E-15
5826.2245	5.29246E-15
5828.3059	5.23536E-15
5830.3872	5.23163E-15
5832.4686	5.27627E-15
5834.55	5.24828E-15
5836.6313	5.18212E-15
5838.7127	5.16889E-15
5840.794	5.22261E-15
5842.8754	5.29149E-15
5844.9568	5.20079E-15
5847.0381	5.24517E-15
5849.1195	5.37837E-15
5851.2009	5.57111E-15
5853.2822	5.62384E-15
5855.3636	5.42156E-15
5857.4449	5.11229E-15
5859.5263	4.80293E-15
5861.6077	4.82612E-15
5863.689	4.98069E-15
5865.7704	5.16394E-15
5867.8518	5.27562E-15
5869.9331	5.39468E-15
5872.0145	5.43572E-15
5874.0958	5.33764E-15
5876.1772	5.16942E-15
5878.2586	5.1184E-15
5880.3399	5.20507E-15
5882.4213	5.23503E-15
5884.5027	5.1548E-15
5886.584	4.91932E-15
5888.6654	5.05357E-15
5890.7467	5.18192E-15
5892.8281	5.30376E-15
5894.9095	5.47365E-15
5896.9908	5.28653E-15
5899.0722	5.24402E-15
5901.1536	5.37227E-15
5903.2349	5.63704E-15
5905.3163	5.4846E-15
5907.3976	5.3708E-15
5909.479	5.25936E-15
5911.5604	5.14076E-15
5913.6417	5.11825E-15
5915.7231	4.93874E-15
5917.8044	4.71748E-15
5919.8858	4.55203E-15
5921.9672	4.71085E-15
5924.0485	4.95216E-15
5926.1299	5.0967E-15
5928.2113	5.04643E-15
5930.2926	4.88742E-15
5932.374	4.875E-15
5934.4553	4.86262E-15
5936.5367	4.79695E-15
5938.6181	4.72347E-15
5940.6994	4.60422E-15
5942.7808	4.45915E-15
5944.8622	4.33858E-15
5946.9435	4.43245E-15
5949.0249	4.46622E-15
5951.1062	4.56285E-15
5953.1876	4.73514E-15
5955.269	4.96397E-15
5957.3503	4.85652E-15
5959.4317	4.69918E-15
5961.5131	4.62294E-15
5963.5944	4.80635E-15
5965.6758	4.97408E-15
5967.7571	5.1905E-15
5969.8385	5.34695E-15
5971.9199	5.26506E-15
5974.0012	5.25655E-15
5976.0826	5.21433E-15
5978.164	5.06403E-15
5980.2453	4.72274E-15
5982.3267	4.40851E-15
5984.408	4.36505E-15
5986.4894	4.4227E-15
5988.5708	4.41555E-15
5990.6521	4.26858E-15
5992.7335	4.26955E-15
5994.8148	4.314E-15
5996.8962	4.31101E-15
5998.9776	4.35991E-15
6001.0589	4.4872E-15
6003.1403	4.52975E-15
6005.2217	4.41137E-15
6007.303	4.38806E-15
6009.3844	4.46654E-15
6011.4657	4.56742E-15
6013.5471	4.66627E-15
6015.6285	4.82025E-15
6017.7098	5.01613E-15
6019.7912	5.14362E-15
6021.8726	5.12588E-15
6023.9539	4.79809E-15
6026.0353	4.483E-15
6028.1166	4.46754E-15
6030.198	4.72246E-15
6032.2794	4.77605E-15
6034.3607	4.49541E-15
6036.4421	4.29407E-15
6038.5235	4.2714E-15
6040.6048	4.56111E-15
6042.6862	4.65127E-15
6044.7675	4.70406E-15
6046.8489	4.72687E-15
6048.9303	4.6631E-15
6051.0116	4.42156E-15
6053.093	4.16176E-15
6055.1744	3.98271E-15
6057.2557	4.0168E-15
6059.3371	4.29716E-15
6061.4184	4.47181E-15
6063.4998	4.52257E-15
6065.5812	4.44925E-15
6067.6625	4.32105E-15
6069.7439	4.22368E-15
6071.8253	4.16671E-15
6073.9066	4.16385E-15
6075.988	4.13807E-15
6078.0693	4.12003E-15
6080.1507	4.05325E-15
6082.2321	3.91476E-15
6084.3134	4.01059E-15
6086.3948	4.17745E-15
6088.4761	4.29551E-15
6090.5575	4.26499E-15
6092.6389	4.07025E-15
6094.7202	4.12405E-15
6096.8016	4.30752E-15
6098.883	4.53243E-15
6100.9643	4.47543E-15
6103.0457	4.27502E-15
6105.127	4.13659E-15
6107.2084	4.12616E-15
6109.2898	4.21551E-15
6111.3711	4.30283E-15
6113.4525	4.3517E-15
6115.5339	4.36881E-15
6117.6152	4.38195E-15
6119.6966	4.47684E-15
6121.7779	4.57379E-15
6123.8593	4.61723E-15
6125.9407	4.50906E-15
6128.022	4.18207E-15
6130.1034	3.91829E-15
6132.1848	3.77747E-15
6134.2661	3.81335E-15
6136.3475	3.99771E-15
6138.4288	4.20259E-15
6140.5102	4.36941E-15
6142.5916	4.40685E-15
6144.6729	4.39981E-15
6146.7543	4.5367E-15
6148.8357	4.69511E-15
6150.917	4.67468E-15
6152.9984	4.53584E-15
6155.0797	4.5286E-15
6157.1611	4.63522E-15
6159.2425	4.84147E-15
6161.3238	4.68904E-15
6163.4052	4.40951E-15
6165.4865	4.17347E-15
6167.5679	4.09076E-15
6169.6493	4.07296E-15
6171.7306	3.8763E-15
6173.812	3.75081E-15
6175.8934	3.81797E-15
6177.9747	3.88633E-15
6180.0561	3.89804E-15
6182.1374	3.91701E-15
6184.2188	3.98714E-15
6186.3002	4.13399E-15
6188.3815	4.24695E-15
6190.4629	4.24801E-15
6192.5443	4.12566E-15
6194.6256	3.94822E-15
6196.707	3.9058E-15
6198.7883	3.98307E-15
6200.8697	4.13739E-15
6202.9511	4.19599E-15
6205.0324	4.28296E-15
6207.1138	4.35163E-15
6209.1952	4.33272E-15
6211.2765	4.10837E-15
6213.3579	3.88847E-15
6215.4392	3.8255E-15
6217.5206	3.87255E-15
6219.602	3.90577E-15
6221.6833	3.83545E-15
6223.7647	3.73186E-15
6225.8461	3.68159E-15
6227.9274	3.80666E-15
6230.0088	3.93599E-15
6232.0901	3.90809E-15
6234.1715	3.81658E-15
6236.2529	3.77211E-15
6238.3342	3.53748E-15
6240.4156	3.32663E-15
6242.497	3.21599E-15
6244.5783	3.25856E-15
6246.6597	3.38482E-15
6248.741	3.50951E-15
6250.8224	3.61874E-15
6252.9038	3.70398E-15
6254.9851	3.8546E-15
6257.0665	3.90203E-15
6259.1478	3.84593E-15
6261.2292	3.71803E-15
6263.3106	3.7951E-15
6265.3919	3.71309E-15
6267.4733	3.63954E-15
6269.5547	3.65391E-15
6271.636	3.79901E-15
6273.7174	3.93171E-15
6275.7987	3.98744E-15
6277.8801	3.93736E-15
6279.9615	3.73695E-15
6282.0428	3.64275E-15
6284.1242	3.69098E-15
6286.2056	3.8695E-15
6288.2869	4.09041E-15
6290.3683	4.11793E-15
6292.4496	4.18015E-15
6294.531	4.25897E-15
6296.6124	4.15928E-15
6298.6937	4.00249E-15
6300.7751	3.90161E-15
6302.8565	3.88469E-15
6304.9378	4.00931E-15
6307.0192	4.02146E-15
6309.1005	3.99666E-15
6311.1819	3.97201E-15
6313.2633	3.98771E-15
6315.3446	4.0368E-15
6317.426	4.12051E-15
6319.5074	4.2527E-15
6321.5887	4.44201E-15
6323.6701	4.39029E-15
6325.7514	4.22481E-15
6327.8328	4.03201E-15
6329.9142	3.89077E-15
6331.9955	3.69956E-15
6334.0769	3.54377E-15
6336.1583	3.4291E-15
6338.2396	3.3643E-15
6340.321	3.3559E-15
6342.4023	3.28946E-15
6344.4837	3.20361E-15
6346.5651	3.14887E-15
6348.6464	3.42507E-15
6350.7278	3.75651E-15
6352.8091	3.98933E-15
6354.8905	4.0199E-15
6356.9719	3.87553E-15
6359.0532	3.89446E-15
6361.1346	3.93879E-15
6363.216	3.95802E-15
6365.2973	3.8654E-15
6367.3787	3.78887E-15
6369.46	3.76553E-15
6371.5414	3.7909E-15
6373.6228	3.80241E-15
6375.7041	3.86701E-15
6377.7855	3.7488E-15
6379.8669	3.47383E-15
6381.9482	3.17194E-15
6384.0296	3.18744E-15
6386.1109	3.2178E-15
6388.1923	3.2785E-15
6390.2737	3.47851E-15
6392.355	3.64007E-15
6394.4364	3.69851E-15
6396.5178	3.68591E-15
6398.5991	3.66321E-15
6400.6805	3.78425E-15
6402.7618	3.87701E-15
6404.8432	3.95744E-15
6406.9246	4.05072E-15
6409.0059	4.04064E-15
6411.0873	3.87765E-15
6413.1687	3.70754E-15
6415.25	3.63751E-15
6417.3314	3.58528E-15
6419.4127	3.51756E-15
6421.4941	3.46704E-15
6423.5755	3.44888E-15
6425.6568	3.45937E-15
6427.7382	3.5214E-15
6429.8195	3.53211E-15
6431.9009	3.4463E-15
6433.9823	3.35948E-15
6436.0636	3.41343E-15
6438.145	3.46825E-15
6440.2264	3.4756E-15
6442.3077	3.54119E-15
6444.3891	3.58153E-15
6446.4704	3.51712E-15
6448.5518	3.33816E-15
6450.6332	3.13348E-15
6452.7145	3.09419E-15
6454.7959	3.06949E-15
6456.8773	3.04219E-15
6458.9586	3.05708E-15
6461.04	3.08338E-15
6463.1213	3.08992E-15
6465.2027	3.13666E-15
6467.2841	3.36192E-15
6469.3654	3.38149E-15
6471.4468	3.40431E-15
6473.5282	3.491E-15
6475.6095	3.71424E-15
6477.6909	3.39462E-15
6479.7722	3.28785E-15
6481.8536	3.34067E-15
6483.935	3.43206E-15
6486.0163	3.26344E-15
6488.0977	3.09455E-15
6490.1791	3.00274E-15
6492.2604	3.05379E-15
6494.3418	3.18391E-15
6496.4231	3.29218E-15
6498.5045	3.37602E-15
6500.5859	3.4145E-15
6502.6672	3.28888E-15
6504.7486	3.21789E-15
6506.83	3.20695E-15
6508.9113	3.2465E-15
6510.9927	3.26541E-15
6513.074	3.27536E-15
6515.1554	3.24326E-15
6517.2368	3.17618E-15
6519.3181	3.26909E-15
6521.3995	3.43677E-15
6523.4808	3.57004E-15
6525.5622	3.61739E-15
6527.6436	3.57206E-15
6529.7249	3.43749E-15
6531.8063	3.27164E-15
6533.8877	3.09092E-15
6535.969	2.91214E-15
6538.0504	2.70107E-15
6540.1317	2.57074E-15
6542.2131	2.56202E-15
6544.2945	2.76634E-15
6546.3758	2.90021E-15
6548.4572	2.91443E-15
6550.5386	2.86997E-15
6552.6199	2.92686E-15
6554.7013	3.00141E-15
6556.7826	3.05246E-15
6558.864	3.08443E-15
6560.9454	3.10527E-15
6563.0267	3.07768E-15
6565.1081	3.12139E-15
6567.1895	3.15699E-15
6569.2708	3.04647E-15
6571.3522	2.91288E-15
6573.4335	2.97062E-15
6575.5149	3.10293E-15
6577.5963	3.16736E-15
6579.6776	3.25703E-15
6581.759	3.30634E-15
6583.8404	3.29817E-15
6585.9217	3.22403E-15
6588.0031	3.11404E-15
6590.0844	3.04684E-15
6592.1658	3.07026E-15
6594.2472	3.20997E-15
6596.3285	3.39959E-15
6598.4099	3.44154E-15
6600.4912	3.48722E-15
6602.5726	3.58926E-15
6604.654	3.56067E-15
6606.7353	3.44872E-15
6608.8167	3.34645E-15
6610.8981	3.30454E-15
6612.9794	3.41694E-15
6615.0608	3.56257E-15
6617.1421	3.70417E-15
6619.2235	3.79855E-15
6621.3049	3.73718E-15
6623.3862	3.56674E-15
6625.4676	3.5645E-15
6627.549	3.67897E-15
6629.6303	3.59297E-15
6631.7117	3.31727E-15
6633.793	3.21594E-15
6635.8744	3.26464E-15
6637.9558	3.32325E-15
6640.0371	3.21285E-15
6642.1185	3.13198E-15
6644.1999	3.1329E-15
6646.2812	3.28756E-15
6648.3626	3.42454E-15
6650.4439	3.48281E-15
6652.5253	3.4967E-15
6654.6067	3.5301E-15
6656.688	3.65019E-15
6658.7694	3.61113E-15
6660.8508	3.52024E-15
6662.9321	3.489E-15
6665.0135	3.48682E-15
6667.0948	3.35242E-15
6669.1762	3.11234E-15
6671.2576	2.81589E-15
6673.3389	2.71485E-15
6675.4203	2.76869E-15
6677.5017	2.90806E-15
6679.583	3.07704E-15
6681.6644	3.17587E-15
6683.7457	3.22992E-15
6685.8271	3.26679E-15
6687.9085	3.30104E-15
6689.9898	3.37583E-15
6692.0712	3.41123E-15
6694.1525	3.3315E-15
6696.2339	3.17373E-15
6698.3153	3.24564E-15
6700.3966	3.29178E-15
6702.478	3.26258E-15
6704.5594	3.16877E-15
6706.6407	3.10043E-15
6708.7221	2.96724E-15
6710.8034	2.83193E-15
6712.8848	2.71777E-15
6714.9662	2.65426E-15
6717.0475	2.69448E-15
6719.1289	2.89605E-15
6721.2103	3.15891E-15
6723.2916	3.15986E-15
6725.373	3.06619E-15
6727.4543	3.1012E-15
6729.5357	3.18905E-15
6731.6171	3.15786E-15
6733.6984	3.28643E-15
6735.7798	3.37953E-15
6737.8612	3.39616E-15
6739.9425	3.30156E-15
6742.0239	3.30256E-15
6744.1052	3.34336E-15
6746.1866	3.31677E-15
6748.268	3.11062E-15
6750.3493	2.77574E-15
6752.4307	2.67616E-15
6754.5121	2.72423E-15
6756.5934	2.86402E-15
6758.6748	2.92623E-15
6760.7561	2.93252E-15
6762.8375	2.96602E-15
6764.9189	3.08963E-15
6767.0002	3.33918E-15
6769.0816	3.50084E-15
6771.1629	3.55063E-15
6773.2443	3.48047E-15
6775.3257	3.30044E-15
6777.407	3.26516E-15
6779.4884	3.22135E-15
6781.5698	3.11438E-15
6783.6511	2.91544E-15
6785.7325	2.78765E-15
6787.8138	2.8273E-15
6789.8952	3.03603E-15
6791.9766	3.26617E-15
6794.0579	3.44646E-15
6796.1393	3.4987E-15
6798.2207	3.38564E-15
6800.302	3.05475E-15
6802.3834	2.88875E-15
6804.4647	2.78255E-15
6806.5461	2.71255E-15
6808.6275	2.65163E-15
6810.7088	2.73935E-15
6812.7902	2.90658E-15
6814.8716	3.12692E-15
6816.9529	3.33927E-15
6819.0343	3.41811E-15
6821.1156	3.34442E-15
6823.197	3.15686E-15
6825.2784	2.90396E-15
6827.3597	2.58658E-15
6829.4411	2.5007E-15
6831.5225	2.61696E-15
6833.6038	2.93719E-15
6835.6852	2.81882E-15
6837.7665	2.71021E-15
6839.8479	2.62264E-15
6841.9293	2.55667E-15
6844.0106	2.46043E-15
6846.092	2.47028E-15
6848.1734	2.51699E-15
6850.2547	2.55752E-15
6852.3361	2.53253E-15
6854.4174	2.51936E-15
6856.4988	2.47872E-15
6858.5802	2.35485E-15
6860.6615	1.94133E-15
6862.7429	1.83416E-15
6864.8242	2.02103E-15
6866.9056	2.49637E-15
6868.987	2.77617E-15
6871.0683	2.84435E-15
6873.1497	2.80879E-15
6875.2311	2.73311E-15
6877.3124	2.7139E-15
6879.3938	2.70478E-15
6881.4751	2.62222E-15
6883.5565	2.51423E-15
6885.6379	2.54298E-15
6887.7192	2.73074E-15
6889.8006	2.87885E-15
6891.882	2.92251E-15
6893.9633	2.81251E-15
6896.0447	2.6646E-15
6898.126	2.55723E-15
6900.2074	2.47006E-15
6902.2888	2.35964E-15
6904.3701	2.28973E-15
6906.4515	2.33089E-15
6908.5329	2.43254E-15
6910.6142	2.53862E-15
6912.6956	2.53243E-15
6914.7769	2.45062E-15
6916.8583	2.3802E-15
6918.9397	2.40078E-15
6921.021	2.65761E-15
6923.1024	2.89354E-15
6925.1838	3.04207E-15
6927.2651	3.06555E-15
6929.3465	3.19041E-15
6931.4278	3.1016E-15
6933.5092	2.78564E-15
6935.5906	2.35432E-15
6937.6719	2.3529E-15
6939.7533	2.31923E-15
6941.8347	2.3157E-15
6943.916	2.38135E-15
6945.9974	2.62158E-15
6948.0787	2.81515E-15
6950.1601	2.88431E-15
6952.2415	2.84042E-15
6954.3228	2.85708E-15
6956.4042	2.96799E-15
6958.4855	3.13474E-15
6960.5669	3.28354E-15
6962.6483	3.18627E-15
6964.7296	3.22272E-15
6966.811	3.29886E-15
6968.8924	3.32433E-15
6970.9737	3.10917E-15
6973.0551	3.12454E-15
6975.1364	3.1342E-15
6977.2178	3.10647E-15
6979.2992	3.03674E-15
6981.3805	2.97132E-15
6983.4619	2.81508E-15
6985.5433	2.67689E-15
6987.6246	2.70503E-15
6989.706	2.87286E-15
6991.7873	2.96521E-15
6993.8687	2.97438E-15
6995.9501	2.90762E-15
6998.0314	2.88191E-15
7000.1128	2.79654E-15
7002.1942	2.65683E-15
7004.2755	2.47802E-15
7006.3569	2.32406E-15
7008.4382	2.33125E-15
7010.5196	2.46678E-15
7012.601	2.71815E-15
7014.6823	3.02842E-15
7016.7637	3.30947E-15
7018.8451	3.49543E-15
7020.9264	3.52568E-15
7023.0078	3.2975E-15
7025.0891	3.10977E-15
7027.1705	3.12515E-15
7029.2519	3.35593E-15
7031.3332	3.4163E-15
7033.4146	3.30597E-15
7035.4959	3.19332E-15
7037.5773	3.12166E-15
7039.6587	3.08836E-15
7041.74	3.10079E-15
7043.8214	3.04519E-15
7045.9028	2.91446E-15
7047.9841	2.76377E-15
7050.0655	2.79541E-15
7052.1468	2.70016E-15
7054.2282	2.5324E-15
7056.3096	2.49848E-15
7058.3909	2.57644E-15
7060.4723	2.59158E-15
7062.5537	2.52643E-15
7064.635	2.40687E-15
7066.7164	2.33989E-15
7068.7977	2.32563E-15
7070.8791	2.31998E-15
7072.9605	2.26167E-15
7075.0418	2.15861E-15
7077.1232	2.16132E-15
7079.2046	2.26601E-15
7081.2859	2.46495E-15
7083.3673	2.56538E-15
7085.4486	2.57334E-15
7087.53	2.50866E-15
7089.6114	2.40097E-15
7091.6927	2.31064E-15
7093.7741	2.29444E-15
7095.8555	2.33573E-15
7097.9368	2.42196E-15
7100.0182	2.45648E-15
7102.0995	2.4169E-15
7104.1809	2.37358E-15
7106.2623	2.37437E-15
7108.3436	2.45524E-15
7110.425	2.74057E-15
7112.5064	3.05905E-15
7114.5877	3.2729E-15
7116.6691	3.19064E-15
7118.7504	3.12194E-15
7120.8318	3.12875E-15
7122.9132	3.17334E-15
7124.9945	3.00651E-15
7127.0759	2.6706E-15
7129.1572	2.47717E-15
7131.2386	2.45077E-15
7133.32	2.54829E-15
7135.4013	2.66683E-15
7137.4827	2.70733E-15
7139.5641	2.61751E-15
7141.6454	2.35524E-15
7143.7268	2.35821E-15
7145.8081	2.45883E-15
7147.8895	2.62589E-15
7149.9709	2.83285E-15
7152.0522	3.07872E-15
7154.1336	3.13125E-15
7156.215	2.95845E-15
7158.2963	2.59425E-15
7160.3777	2.42639E-15
7162.459	2.47918E-15
7164.5404	2.62093E-15
7166.6218	2.71021E-15
7168.7031	2.78196E-15
7170.7845	2.8009E-15
7172.8659	2.73556E-15
7174.9472	2.57036E-15
7177.0286	2.1905E-15
7179.1099	2.08877E-15
7181.1913	2.1739E-15
7183.2727	2.40651E-15
7185.354	2.46567E-15
7187.4354	2.3555E-15
7189.5168	2.19701E-15
7191.5981	2.07196E-15
7193.6795	2.16635E-15
7195.7608	2.34141E-15
7197.8422	2.37261E-15
7199.9236	2.22934E-15
7202.0049	2.2404E-15
7204.0863	2.26816E-15
7206.1676	2.2606E-15
7208.249	2.25306E-15
7210.3304	2.45088E-15
7212.4117	2.53905E-15
7214.4931	2.5587E-15
7216.5745	2.53612E-15
7218.6558	2.50911E-15
7220.7372	2.47325E-15
7222.8185	2.38901E-15
7224.8999	2.28438E-15
7226.9813	2.23727E-15
7229.0626	2.26291E-15
7231.144	2.26996E-15
7233.2254	2.28964E-15
7235.3067	2.39838E-15
7237.3881	2.3231E-15
7239.4694	2.25849E-15
7241.5508	2.29704E-15
7243.6322	2.5711E-15
7245.7135	2.47668E-15
7247.7949	2.10484E-15
7249.8763	1.68644E-15
7251.9576	1.36748E-15
7254.039	1.53346E-15
7256.1203	1.68664E-15
7258.2017	1.85001E-15
7260.2831	2.03856E-15
7262.3644	2.03552E-15
7264.4458	1.88985E-15
7266.5272	1.80376E-15
7268.6085	1.86178E-15
7270.6899	1.78846E-15
7272.7712	1.77595E-15
7274.8526	1.82803E-15
7276.934	1.92901E-15
7279.0153	1.90847E-15
7281.0967	2.20211E-15
7283.1781	2.44225E-15
7285.2594	2.4207E-15
7287.3408	2.15424E-15
7289.4221	2.25863E-15
7291.5035	2.45018E-15
7293.5849	2.61186E-15
7295.6662	2.57218E-15
7297.7476	2.52845E-15
7299.8289	2.56688E-15
7301.9103	2.62035E-15
7303.9917	2.42388E-15
7306.073	2.15905E-15
7308.1544	2.07404E-15
7310.2358	2.17856E-15
7312.3171	2.493E-15
7314.3985	2.51463E-15
7316.4798	2.48558E-15
7318.5612	2.47503E-15
7320.6426	2.55701E-15
7322.7239	2.6175E-15
7324.8053	2.44816E-15
7326.8867	2.16268E-15
7328.968	1.89647E-15
7331.0494	1.98472E-15
7333.1307	2.15106E-15
7335.2121	2.25739E-15
7337.2935	2.14862E-15
7339.3748	2.44294E-15
7341.4562	2.68452E-15
7343.5376	2.75563E-15
7345.6189	2.57736E-15
7347.7003	2.38193E-15
7349.7816	2.54614E-15
7351.863	2.86574E-15
7353.9444	3.1812E-15
7356.0257	3.19408E-15
7358.1071	2.98194E-15
7360.1885	2.68568E-15
7362.2698	2.39006E-15
7364.3512	2.18455E-15
7366.4325	2.1494E-15
7368.5139	2.20634E-15
7370.5953	2.30901E-15
7372.6766	2.3205E-15
7374.758	2.31492E-15
7376.8394	2.27977E-15
7378.9207	2.23072E-15
7381.0021	2.24389E-15
7383.0834	2.40966E-15
7385.1648	2.4735E-15
7387.2462	2.37392E-15
7389.3275	2.15388E-15
7391.4089	2.02758E-15
7393.4902	2.0433E-15
7395.5716	2.16814E-15
7397.653	2.31763E-15
7399.7343	2.09894E-15
7401.8157	1.68949E-15
7403.8971	1.31799E-15
7405.9784	1.1399E-15
7408.0598	1.46225E-15
7410.1411	1.84153E-15
7412.2225	2.20057E-15
7414.3039	2.45409E-15
7416.3852	2.62571E-15
7418.4666	2.74286E-15
7420.548	2.68139E-15
7422.6293	2.36002E-15
7424.7107	2.0187E-15
7426.792	1.8215E-15
7428.8734	1.73534E-15
7430.9548	1.76012E-15
7433.0361	2.26412E-15
7435.1175	2.64397E-15
7437.1989	2.80552E-15
7439.2802	2.715E-15
7441.3616	2.5558E-15
7443.4429	2.48705E-15
7445.5243	2.39134E-15
7447.6057	2.25319E-15
7449.687	2.26441E-15
7451.7684	2.37418E-15
7453.8498	2.39481E-15
7455.9311	2.3433E-15
7458.0125	2.67415E-15
7460.0938	2.92512E-15
7462.1752	2.98883E-15
7464.2566	2.84484E-15
7466.3379	2.57168E-15
7468.4193	2.11824E-15
7470.5006	1.72081E-15
7472.582	1.45979E-15
7474.6634	1.44427E-15
7476.7447	1.57111E-15
7478.8261	1.64121E-15
7480.9075	1.70343E-15
7482.9888	1.96916E-15
7485.0702	2.33367E-15
7487.1515	2.51072E-15
7489.2329	2.35048E-15
7491.3143	1.82019E-15
7493.3956	1.78926E-15
7495.477	1.96261E-15
7497.5584	2.25835E-15
7499.6397	2.54186E-15
7501.7211	2.66753E-15
7503.8024	2.70314E-15
7505.8838	2.65233E-15
7507.9652	2.52457E-15
7510.0465	2.42073E-15
7512.1279	2.40606E-15
7514.2093	2.45847E-15
7516.2906	2.54229E-15
7518.372	2.36039E-15
7520.4533	2.15746E-15
7522.5347	2.03471E-15
7524.6161	2.03546E-15
7526.6974	2.14399E-15
7528.7788	2.18264E-15
7530.8602	2.13965E-15
7532.9415	2.03096E-15
7535.0229	1.95102E-15
7537.1042	1.94457E-15
7539.1856	1.89576E-15
7541.267	1.7472E-15
7543.3483	1.42463E-15
7545.4297	1.42779E-15
7547.5111	1.61742E-15
7549.5924	1.92391E-15
7551.6738	2.01347E-15
7553.7551	2.14638E-15
7555.8365	2.24836E-15
7557.9179	2.26166E-15
7559.9992	2.10566E-15
7562.0806	1.94066E-15
7564.1619	1.93602E-15
7566.2433	1.99283E-15
7568.3247	1.87427E-15
7570.406	1.95791E-15
7572.4874	2.17147E-15
7574.5688	2.41722E-15
7576.6501	2.479E-15
7578.7315	2.25133E-15
7580.8128	2.03329E-15
7582.8942	1.86192E-15
7584.9756	1.75923E-15
7587.0569	1.6745E-15
7589.1383	1.52632E-15
7591.2197	1.41062E-15
7593.301	1.38794E-15
7595.3824	1.11515E-15
7597.4637	6.01304E-16
7599.5451	2.38373E-16
7601.6265	8.63413E-17
7603.7078	2.90791E-16
7605.7892	4.93109E-16
7607.8706	6.56909E-16
7609.9519	8.81592E-16
7612.0333	1.16474E-15
7614.1146	1.24049E-15
7616.196	1.1276E-15
7618.2774	9.26228E-16
7620.3587	8.4973E-16
7622.4401	9.20966E-16
7624.5215	1.03563E-15
7626.6028	1.15284E-15
7628.6842	1.24375E-15
7630.7655	1.29567E-15
7632.8469	1.33739E-15
7634.9283	1.38555E-15
7637.0096	1.47974E-15
7639.091	1.60232E-15
7641.1723	1.62672E-15
7643.2537	1.49649E-15
7645.3351	1.17608E-15
7647.4164	1.21284E-15
7649.4978	1.49543E-15
7651.5792	1.91659E-15
7653.6605	1.99661E-15
7655.7419	2.24935E-15
7657.8232	2.26475E-15
7659.9046	2.03229E-15
7661.986	1.65101E-15
7664.0673	1.47745E-15
7666.1487	1.32824E-15
7668.2301	1.29611E-15
7670.3114	1.50385E-15
7672.3928	1.71463E-15
7674.4741	1.82278E-15
7676.5555	1.88148E-15
7678.6369	1.95823E-15
7680.7182	1.9662E-15
7682.7996	2.19277E-15
7684.881	2.42973E-15
7686.9623	2.43962E-15
7689.0437	1.90672E-15
7691.125	1.46843E-15
7693.2064	1.30322E-15
7695.2878	1.43477E-15
7697.3691	1.75286E-15
7699.4505	2.07354E-15
7701.5319	2.31674E-15
7703.6132	2.41125E-15
7705.6946	2.27828E-15
7707.7759	2.33224E-15
7709.8573	2.3985E-15
7711.9387	2.39499E-15
7714.02	2.22162E-15
7716.1014	2.16988E-15
7718.1828	2.36049E-15
7720.2641	2.6204E-15
7722.3455	2.15047E-15
7724.4268	1.62742E-15
7726.5082	1.55477E-15
7728.5896	1.89074E-15
7730.6709	2.6351E-15
7732.7523	2.93876E-15
7734.8336	3.08411E-15
7736.915	3.09668E-15
7738.9964	2.94484E-15
7741.0777	2.53063E-15
7743.1591	2.18271E-15
7745.2405	2.0378E-15
7747.3218	2.27054E-15
7749.4032	2.11785E-15
7751.4845	2.06663E-15
7753.5659	2.15689E-15
7755.6473	2.44566E-15
7757.7286	2.51051E-15
7759.81	2.61053E-15
7761.8914	2.66254E-15
7763.9727	2.5767E-15
7766.0541	2.11851E-15
7768.1354	1.86294E-15
7770.2168	1.93716E-15
7772.2982	2.46679E-15
7774.3795	2.48599E-15
7776.4609	2.57317E-15
7778.5423	2.78378E-15
7780.6236	3.13042E-15
7782.705	3.16935E-15
7784.7863	2.74877E-15
7786.8677	2.54511E-15
7788.9491	2.63193E-15
7791.0304	2.35745E-15
7793.1118	1.87331E-15
7795.1932	1.63975E-15
7797.2745	1.70666E-15
7799.3559	2.20757E-15
7801.4372	2.24327E-15
7803.5186	2.30489E-15
7805.6	2.53991E-15
7807.6813	3.01847E-15
7809.7627	3.29273E-15
7811.844	3.19539E-15
7813.9254	2.78672E-15
7816.0068	2.25976E-15
7818.0881	2.51554E-15
7820.1695	2.5258E-15
7822.2509	2.14273E-15
7824.3322	1.4912E-15
7826.4136	1.56786E-15
7828.4949	1.71189E-15
7830.5763	1.80819E-15
7832.6577	1.73705E-15
7834.739	1.8213E-15
7836.8204	2.01814E-15
7838.9018	2.1914E-15
7840.9831	2.15026E-15
7843.0645	1.8292E-15
7845.1458	1.89509E-15
7847.2272	2.16471E-15
7849.3086	2.48868E-15
7851.3899	2.66771E-15
7853.4713	2.6056E-15
7855.5527	2.09545E-15
7857.634	1.38499E-15
7859.7154	1.71403E-15
7861.7967	2.32803E-15
7863.8781	2.76922E-15
7865.9595	2.57115E-15
7868.0408	1.87715E-15
7870.1222	1.8727E-15
7872.2036	2.3283E-15
7874.2849	3.14782E-15
7876.3663	2.68769E-15
7878.4476	1.46943E-15
7880.529	8.55305E-16
7882.6104	7.01926E-16
7884.6917	1.34916E-15
7886.7731	1.68979E-15
7888.8545	1.46826E-15
7890.9358	1.03986E-15
7893.0172	9.32278E-16
7895.0985	1.30412E-15
7897.1799	1.69E-15
7899.2613	1.99003E-15
7901.3426	2.44247E-15
7903.424	2.23873E-15
7905.5053	2.08436E-15
7907.5867	2.01718E-15
7909.6681	1.99028E-15
7911.7494	1.54984E-15
7913.8308	1.69378E-15
7915.9122	2.14304E-15
7917.9935	2.31847E-15
7920.0749	2.28546E-15
7922.1562	2.25499E-15
7924.2376	2.11893E-15
7926.319	1.79097E-15
7928.4003	1.20132E-15
7930.4817	1.04288E-15
7932.5631	1.02708E-15
7934.6444	1.03891E-15
7936.7258	1.40071E-15
7938.8071	1.81351E-15
7940.8885	2.12566E-15
7942.9699	2.21241E-15
7945.0512	2.60278E-15
7947.1326	2.70403E-15
7949.214	2.83259E-15
7951.2953	3.13874E-15
7953.3767	3.25783E-15
7955.458	2.87542E-15
7957.5394	2.43262E-15
7959.6208	2.10207E-15
7961.7021	2.04937E-15
7963.7835	1.68963E-15
7965.8649	1.34266E-15
7967.9462	1.14958E-15
7970.0276	1.39287E-15
7972.1089	1.48486E-15
7974.1903	1.48408E-15
7976.2717	1.55179E-15
7978.353	2.22949E-15
7980.4344	2.63499E-15
7982.5158	2.76282E-15
7984.5971	2.6274E-15
7986.6785	2.30834E-15
7988.7598	2.02057E-15
7990.8412	1.85373E-15
7992.9226	1.77264E-15
7995.0039	1.72979E-15
7997.0853	1.93985E-15
7999.1666	2.14557E-15
8001.248	2.30206E-15
8003.3294	2.37843E-15
8005.4107	2.07045E-15
8007.4921	1.81735E-15
8009.5735	1.63536E-15
8011.6548	1.52963E-15
8013.7362	1.47354E-15
8015.8175	1.69253E-15
8017.8989	1.95124E-15
8019.9803	1.94843E-15
8022.0616	1.47048E-15
8024.143	1.08451E-15
8026.2244	9.94968E-16
8028.3057	1.24161E-15
8030.3871	1.08682E-15
8032.4684	8.82132E-16
8034.5498	9.32628E-16
8036.6312	1.40438E-15
8038.7125	1.77198E-15
8040.7939	1.78252E-15
8042.8753	1.65962E-15
8044.9566	1.56093E-15
8047.038	1.75049E-15
8049.1193	1.78869E-15
8051.2007	1.89631E-15
8053.2821	2.14628E-15
8055.3634	2.52966E-15
8057.4448	2.65973E-15
8059.5262	2.47864E-15
8061.6075	2.06057E-15
8063.6889	1.55799E-15
8065.7702	1.43728E-15
8067.8516	1.47678E-15
8069.933	1.65155E-15
8072.0143	1.98275E-15
8074.0957	2.34555E-15
8076.177	2.46388E-15
8078.2584	2.36699E-15
8080.3398	2.21806E-15
8082.4211	2.19053E-15
8084.5025	1.81771E-15
8086.5839	1.2945E-15
8088.6652	8.23148E-16
8090.7466	9.15492E-16
8092.8279	1.29369E-15
8094.9093	1.84335E-15
8096.9907	2.11731E-15
8099.072	2.2344E-15
8101.1534	2.41512E-15
8103.2348	2.62733E-15
8105.3161	2.80603E-15
8107.3975	2.3959E-15
8109.4788	1.78668E-15
8111.5602	1.57407E-15
8113.6416	1.86552E-15
8115.7229	1.73691E-15
8117.8043	1.70748E-15
8119.8857	1.74314E-15
8121.967	1.79767E-15
8124.0484	1.62962E-15
8126.1297	1.22536E-15
8128.2111	1.11389E-15
8130.2925	1.34468E-15
8132.3738	1.80135E-15
8134.4552	1.72892E-15
8136.5366	1.34509E-15
8138.6179	9.68568E-16
8140.6993	9.12658E-16
8142.7806	1.14311E-15
8144.862	1.39529E-15
8146.9434	1.60414E-15
8149.0247	1.87163E-15
8151.1061	1.88625E-15
8153.1875	1.82716E-15
8155.2688	1.73602E-15
8157.3502	1.63883E-15
8159.4315	1.85657E-15
8161.5129	1.88317E-15
8163.5943	1.68837E-15
8165.6756	1.36536E-15
8167.757	1.36341E-15
8169.8383	1.2235E-15
8171.9197	1.00968E-15
8174.0011	8.02347E-16
8176.0824	1.75445E-16
8178.1638	8.54122E-17
8180.2452	1.10688E-16
8182.3265	4.17905E-16
8184.4079	7.08691E-16
8186.4892	8.82747E-16
8188.5706	1.00743E-15
8190.652	1.21729E-15
8192.7333	1.11474E-15
8194.8147	1.18183E-15
8196.8961	1.29877E-15
8198.9774	1.34683E-15
8201.0588	1.00252E-15
8203.1401	8.30369E-16
8205.2215	9.1844E-16
8207.3029	1.35529E-15
8209.3842	1.55242E-15
8211.4656	1.81798E-15
8213.547	2.1566E-15
8215.6283	2.50929E-15
8217.7097	2.49649E-15
8219.791	2.3459E-15
8221.8724	1.98285E-15
8223.9538	1.38252E-15
8226.0351	6.13833E-16
8228.1165	6.38309E-16
8230.1979	1.07848E-15
8232.2792	2.12908E-15
8234.3606	2.55136E-15
8236.4419	2.36239E-15
8238.5233	1.84134E-15
8240.6047	1.36683E-15
8242.686	1.20419E-15
8244.7674	1.35917E-15
8246.8487	1.29138E-15
8248.9301	1.03857E-15
8251.0115	7.45791E-16
8253.0928	1.10968E-15
8255.1742	1.63297E-15
8257.2556	2.14763E-15
8259.3369	2.31922E-15
8261.4183	2.15339E-15
8263.4996	1.37437E-15
8265.581	6.79024E-16
8267.6624	2.97623E-16
8269.7437	2.44933E-16
8271.8251	2.59435E-16
8273.9065	3.09749E-16
8275.9878	3.56445E-16
8278.0692	1.69267E-16
8280.1505	1.37897E-16
8282.2319	1.73355E-16
8284.3133	2.91554E-16
8286.3946	3.11961E-16
8288.476	3.05269E-16
8290.5574	4.29007E-16
8292.6387	8.94224E-16
8294.7201	1.01772E-15
8296.8014	5.53363E-16
8298.8828	2.90263E-16
8300.9642	2.34733E-16
8303.0455	8.28623E-16
8305.1269	1.309E-15
8307.2083	1.54426E-15
8309.2896	1.50697E-15
8311.371	1.12172E-15
8313.4523	6.32803E-16
8315.5337	5.43315E-16
8317.6151	7.64247E-16
8319.6964	1.56249E-15
8321.7778	1.74582E-15
8323.8592	1.52119E-15
8325.9405	1.15868E-15
8328.0219	8.80132E-16
8330.1032	8.17958E-16
8332.1846	9.83816E-16
8334.266	1.40571E-15
8336.3473	2.1032E-15
8338.4287	2.43817E-15
8340.51	2.42129E-15
8342.5914	2.19902E-15
8344.6728	1.9571E-15
8346.7541	1.63153E-15
8348.8355	1.62024E-15
8350.9169	1.85082E-15
8352.9982	2.32888E-15
8355.0796	2.59735E-15
8357.1609	2.17327E-15
8359.2423	1.67224E-15
8361.3237	1.39534E-15
8363.405	1.62804E-15
8365.4864	2.01488E-15
8367.5678	2.31011E-15
8369.6491	2.26057E-15
8371.7305	1.75066E-15
8373.8118	1.29953E-15
8375.8932	7.33786E-16
8377.9746	2.87974E-16
8380.0559	8.40113E-17
8382.1373	6.53013E-17
8384.2187	5.63257E-17
