3150.2893	2.88756E-13
3152.3707	4.04722E-13
3154.452	3.36499E-13
3156.5334	2.6817E-13
3158.6147	2.53652E-13
3160.6961	2.52154E-13
3162.7775	2.49054E-13
3164.8588	2.73227E-13
3166.9402	3.06445E-13
3169.0216	3.20465E-13
3171.1029	2.58947E-13
3173.1843	2.00005E-13
3175.2656	1.95196E-13
3177.347	2.0754E-13
3179.4284	2.14059E-13
3181.5097	2.24267E-13
3183.5911	2.66561E-13
3185.6725	4.0479E-13
3187.7538	4.60322E-13
3189.8352	3.54238E-13
3191.9165	3.55409E-13
3193.9979	3.22821E-13
3196.0793	2.94304E-13
3198.1606	2.58602E-13
3200.242	2.45508E-13
3202.3234	2.80738E-13
3204.4047	4.57654E-13
3206.4861	7.15769E-13
3208.5674	3.50759E-13
3210.6488	2.6943E-13
3212.7302	2.56261E-13
3214.8115	2.47583E-13
3216.8929	2.4749E-13
3218.9743	2.83007E-13
3221.0556	3.12489E-13
3223.137	2.93409E-13
3225.2183	2.87153E-13
3227.2997	3.26553E-13
3229.3811	4.04942E-13
3231.4624	5.34113E-13
3233.5438	3.63977E-13
3235.6252	2.51255E-13
3237.7065	2.42525E-13
3239.7879	2.76821E-13
3241.8692	2.56591E-13
3243.9506	2.14923E-13
3246.032	2.0367E-13
3248.1133	2.09879E-13
3250.1947	2.17477E-13
3252.276	2.19815E-13
3254.3574	2.18324E-13
3256.4388	2.3407E-13
3258.5201	2.56798E-13
3260.6015	2.6831E-13
3262.6829	2.62592E-13
3264.7642	2.57471E-13
3266.8456	2.83775E-13
3268.9269	3.13344E-13
3271.0083	3.24989E-13
3273.0897	3.14569E-13
3275.171	2.65194E-13
3277.2524	2.42444E-13
3279.3338	2.5425E-13
3281.4151	2.90208E-13
3283.4965	3.4116E-13
3285.5778	3.17109E-13
3287.6592	2.90174E-13
3289.7406	3.28177E-13
3291.8219	3.23563E-13
3293.9033	2.55747E-13
3295.9847	2.46866E-13
3298.066	2.84651E-13
3300.1474	3.99728E-13
3302.2287	6.92496E-13
3304.3101	4.3438E-13
3306.3915	2.52187E-13
3308.4728	2.16958E-13
3310.5542	2.52249E-13
3312.6356	3.02054E-13
3314.7169	3.14441E-13
3316.7983	3.28847E-13
3318.8796	3.46456E-13
3320.961	3.71453E-13
3323.0424	3.92428E-13
3325.1237	3.51897E-13
3327.2051	2.78402E-13
3329.2864	2.66765E-13
3331.3678	2.89459E-13
3333.4492	2.78128E-13
3335.5305	2.56863E-13
3337.6119	2.46354E-13
3339.6933	2.43119E-13
3341.7746	2.59464E-13
3343.856	2.65666E-13
3345.9373	2.65825E-13
3348.0187	2.93262E-13
3350.1001	3.02215E-13
3352.1814	2.83254E-13
3354.2628	2.96782E-13
3356.3442	3.4253E-13
3358.4255	3.66573E-13
3360.5069	3.15953E-13
3362.5882	2.97772E-13
3364.6696	3.5526E-13
3366.751	4.23067E-13
3368.8323	3.94342E-13
3370.9137	3.12562E-13
3372.9951	2.70396E-13
3375.0764	2.46527E-13
3377.1578	2.64076E-13
3379.2391	3.02826E-13
3381.3205	3.05534E-13
3383.4019	2.83481E-13
3385.4832	2.76433E-13
3387.5646	2.70805E-13
3389.646	2.6141E-13
3391.7273	2.49339E-13
3393.8087	2.39804E-13
3395.89	2.46675E-13
3397.9714	2.53742E-13
3400.0528	2.50415E-13
3402.1341	2.49419E-13
3404.2155	2.53278E-13
3406.2969	2.50419E-13
3408.3782	2.41288E-13
3410.4596	2.32491E-13
3412.5409	2.27759E-13
3414.6223	2.38202E-13
3416.7037	2.5259E-13
3418.785	2.37842E-13
3420.8664	2.14862E-13
3422.9477	2.13025E-13
3425.0291	2.19939E-13
3427.1105	2.31087E-13
3429.1918	2.56831E-13
3431.2732	2.88351E-13
3433.3546	3.06616E-13
3435.4359	3.02321E-13
3437.5173	2.96717E-13
3439.5986	2.98274E-13
3441.68	2.89262E-13
3443.7614	2.72876E-13
3445.8427	2.53887E-13
3447.9241	2.43062E-13
3450.0055	2.657E-13
3452.0868	3.03577E-13
3454.1682	3.05172E-13
3456.2495	2.80557E-13
3458.3309	2.57216E-13
3460.4123	2.61683E-13
3462.4936	2.90572E-13
3464.575	3.0056E-13
3466.6564	2.99923E-13
3468.7377	2.93014E-13
3470.8191	2.72375E-13
3472.9004	2.5624E-13
3474.9818	2.43291E-13
3477.0632	2.25531E-13
3479.1445	2.15123E-13
3481.2259	2.18458E-13
3483.3073	2.41017E-13
3485.3886	2.87296E-13
3487.47	2.9175E-13
3489.5513	2.49398E-13
3491.6327	2.45231E-13
3493.7141	2.53897E-13
3495.7954	2.36886E-13
3497.8768	2.40338E-13
3499.9581	2.74856E-13
3502.0395	2.91467E-13
3504.1209	2.90585E-13
3506.2022	3.11285E-13
3508.2836	3.24073E-13
3510.365	2.9331E-13
3512.4463	2.76447E-13
3514.5277	2.7108E-13
3516.609	2.6729E-13
3518.6904	2.91655E-13
3520.7718	3.31097E-13
3522.8531	3.31927E-13
3524.9345	3.27589E-13
3527.0159	3.266E-13
3529.0972	2.92351E-13
3531.1786	2.42433E-13
3533.2599	2.23707E-13
3535.3413	2.27598E-13
3537.4227	2.37387E-13
3539.504	2.40186E-13
3541.5854	2.31866E-13
3543.6668	2.40063E-13
3545.7481	2.70281E-13
3547.8295	3.04583E-13
3549.9108	3.18564E-13
3551.9922	3.05554E-13
3554.0736	2.69016E-13
3556.1549	2.39701E-13
3558.2363	2.35051E-13
3560.3177	2.45841E-13
3562.399	2.56417E-13
3564.4804	2.54237E-13
3566.5617	2.49535E-13
3568.6431	2.51319E-13
3570.7245	2.62373E-13
3572.8058	2.87881E-13
3574.8872	2.91278E-13
3576.9686	2.68535E-13
3579.0499	2.57333E-13
3581.1313	2.54209E-13
3583.2126	2.61268E-13
3585.294	2.72259E-13
3587.3754	2.70943E-13
3589.4567	2.57973E-13
3591.5381	2.44495E-13
3593.6194	2.36901E-13
3595.7008	2.32308E-13
3597.7822	2.30336E-13
3599.8635	2.32627E-13
3601.9449	2.44207E-13
3604.0263	2.58974E-13
3606.1076	2.62999E-13
3608.189	2.62696E-13
3610.2703	2.62877E-13
3612.3517	2.52843E-13
3614.4331	2.4567E-13
3616.5144	2.49259E-13
3618.5958	2.5174E-13
3620.6772	2.43474E-13
3622.7585	2.31181E-13
3624.8399	2.16299E-13
3626.9212	2.07088E-13
3629.0026	2.13038E-13
3631.084	2.18756E-13
3633.1653	2.19514E-13
3635.2467	2.26237E-13
3637.3281	2.32952E-13
3639.4094	2.32258E-13
3641.4908	2.27339E-13
3643.5721	2.22319E-13
3645.6535	2.17211E-13
3647.7349	2.08922E-13
3649.8162	2.04687E-13
3651.8976	2.07107E-13
3653.979	2.1722E-13
3656.0603	2.24494E-13
3658.1417	2.21774E-13
3660.223	2.23366E-13
3662.3044	2.30209E-13
3664.3858	2.34871E-13
3666.4671	2.44758E-13
3668.5485	2.55531E-13
3670.6299	2.42857E-13
3672.7112	2.27017E-13
3674.7926	2.17754E-13
3676.8739	2.14919E-13
3678.9553	2.21913E-13
3681.0367	2.26825E-13
3683.118	2.1737E-13
3685.1994	2.03193E-13
3687.2807	2.00364E-13
3689.3621	2.06504E-13
3691.4435	2.09913E-13
3693.5248	2.1045E-13
3695.6062	2.19109E-13
3697.6876	2.24373E-13
3699.7689	2.18415E-13
3701.8503	2.09119E-13
3703.9316	2.01329E-13
3706.013	1.99443E-13
3708.0944	2.0199E-13
3710.1757	2.05325E-13
3712.2571	2.0359E-13
3714.3385	2.01869E-13
3716.4198	2.05391E-13
3718.5012	2.06488E-13
3720.5825	2.06068E-13
3722.6639	2.01337E-13
3724.7453	1.95451E-13
3726.8266	2.05378E-13
3728.908	2.23701E-13
3730.9894	2.32908E-13
3733.0707	2.29456E-13
3735.1521	2.19288E-13
3737.2334	2.06125E-13
3739.3148	1.96448E-13
3741.3962	1.97863E-13
3743.4775	2.00762E-13
3745.5589	1.97605E-13
3747.6403	1.95036E-13
3749.7216	1.93925E-13
3751.803	1.94963E-13
3753.8843	1.9782E-13
3755.9657	1.95249E-13
3758.0471	1.94494E-13
3760.1284	1.99171E-13
3762.2098	2.07944E-13
3764.2911	2.12161E-13
3766.3725	2.04637E-13
3768.4539	1.91648E-13
3770.5352	1.82316E-13
3772.6166	1.86357E-13
3774.698	1.9296E-13
3776.7793	1.95249E-13
3778.8607	1.94675E-13
3780.942	1.91969E-13
3783.0234	1.94426E-13
3785.1048	1.98919E-13
3787.1861	2.01836E-13
3789.2675	2.02545E-13
3791.3489	1.98447E-13
3793.4302	1.9336E-13
3795.5116	1.90323E-13
3797.5929	1.89764E-13
3799.6743	1.88338E-13
3801.7557	1.86236E-13
3803.837	1.86719E-13
3805.9184	1.90683E-13
3807.9998	1.93659E-13
3810.0811	1.92204E-13
3812.1625	1.91288E-13
3814.2438	1.94453E-13
3816.3252	1.95858E-13
3818.4066	1.87011E-13
3820.4879	1.78071E-13
3822.5693	1.83367E-13
3824.6507	1.87261E-13
3826.732	1.80957E-13
3828.8134	1.80594E-13
3830.8947	1.846E-13
3832.9761	1.85251E-13
3835.0575	1.90059E-13
3837.1388	2.0101E-13
3839.2202	2.04148E-13
3841.3016	1.96551E-13
3843.3829	1.92046E-13
3845.4643	1.90781E-13
3847.5456	1.85893E-13
3849.627	1.77826E-13
3851.7084	1.71208E-13
3853.7897	1.73083E-13
3855.8711	1.81881E-13
3857.9524	1.86088E-13
3860.0338	1.87089E-13
3862.1152	1.90538E-13
3864.1965	1.92803E-13
3866.2779	1.91181E-13
3868.3593	1.84918E-13
3870.4406	1.79354E-13
3872.522	1.78174E-13
3874.6033	1.75702E-13
3876.6847	1.69321E-13
3878.7661	1.61527E-13
3880.8474	1.60317E-13
3882.9288	1.69088E-13
3885.0102	1.79658E-13
3887.0915	1.8603E-13
3889.1729	1.83281E-13
3891.2542	1.7549E-13
3893.3356	1.70997E-13
3895.417	1.71445E-13
3897.4983	1.75574E-13
3899.5797	1.72821E-13
3901.6611	1.6716E-13
3903.7424	1.70086E-13
3905.8238	1.78076E-13
3907.9051	1.85244E-13
3909.9865	1.81669E-13
3912.0679	1.71088E-13
3914.1492	1.63816E-13
3916.2306	1.61694E-13
3918.312	1.6377E-13
3920.3933	1.64049E-13
3922.4747	1.61626E-13
3924.556	1.62799E-13
3926.6374	1.65345E-13
3928.7188	1.65932E-13
3930.8001	1.66215E-13
3932.8815	1.66345E-13
3934.9628	1.66322E-13
3937.0442	1.65993E-13
3939.1256	1.65665E-13
3941.2069	1.63822E-13
3943.2883	1.59483E-13
3945.3697	1.59903E-13
3947.451	1.63756E-13
3949.5324	1.62832E-13
3951.6137	1.56633E-13
3953.6951	1.50947E-13
3955.7765	1.50511E-13
3957.8578	1.51186E-13
3959.9392	1.48955E-13
3962.0206	1.48115E-13
3964.1019	1.50433E-13
3966.1833	1.48076E-13
3968.2646	1.40615E-13
3970.346	1.39308E-13
3972.4274	1.43589E-13
3974.5087	1.4597E-13
3976.5901	1.46896E-13
3978.6715	1.50854E-13
3980.7528	1.56495E-13
3982.8342	1.59532E-13
3984.9155	1.57759E-13
3986.9969	1.5486E-13
3989.0783	1.53988E-13
3991.1596	1.54111E-13
3993.241	1.54376E-13
3995.3224	1.56793E-13
3997.4037	1.62658E-13
3999.4851	1.67041E-13
4001.5664	1.67483E-13
4003.6478	1.66234E-13
4005.7292	1.6469E-13
4007.8105	1.63462E-13
4009.8919	1.63142E-13
4011.9733	1.61926E-13
4014.0546	1.5764E-13
4016.136	1.53184E-13
4018.2173	1.51065E-13
4020.2987	1.54566E-13
4022.3801	1.59906E-13
4024.4614	1.57985E-13
4026.5428	1.52815E-13
4028.6241	1.51397E-13
4030.7055	1.55621E-13
4032.7869	1.60111E-13
4034.8682	1.59358E-13
4036.9496	1.57299E-13
4039.031	1.56992E-13
4041.1123	1.55536E-13
4043.1937	1.54804E-13
4045.275	1.58539E-13
4047.3564	1.60579E-13
4049.4378	1.58213E-13
4051.5191	1.5805E-13
4053.6005	1.59056E-13
4055.6819	1.57872E-13
4057.7632	1.57855E-13
4059.8446	1.58859E-13
4061.9259	1.58989E-13
4064.0073	1.56647E-13
4066.0887	1.51244E-13
4068.17	1.46836E-13
4070.2514	1.46012E-13
4072.3328	1.46806E-13
4074.4141	1.48834E-13
4076.4955	1.50196E-13
4078.5768	1.47984E-13
4080.6582	1.45402E-13
4082.7396	1.45388E-13
4084.8209	1.45374E-13
4086.9023	1.44159E-13
4088.9837	1.42168E-13
4091.065	1.40721E-13
4093.1464	1.38521E-13
4095.2277	1.3264E-13
4097.3091	1.26193E-13
4099.3905	1.21953E-13
4101.4718	1.20379E-13
4103.5532	1.19705E-13
4105.6345	1.18924E-13
4107.7159	1.21571E-13
4109.7973	1.28112E-13
4111.8786	1.34261E-13
4113.96	1.3725E-13
4116.0414	1.37111E-13
4118.1227	1.35467E-13
4120.2041	1.34213E-13
4122.2854	1.36444E-13
4124.3668	1.39996E-13
4126.4482	1.39855E-13
4128.5295	1.38816E-13
4130.6109	1.39188E-13
4132.6923	1.39561E-13
4134.7736	1.39678E-13
4136.855	1.38386E-13
4138.9363	1.3635E-13
4141.0177	1.35337E-13
4143.0991	1.35201E-13
4145.1804	1.35066E-13
4147.2618	1.34682E-13
4149.3432	1.35917E-13
4151.4245	1.3805E-13
4153.5059	1.38804E-13
4155.5872	1.38665E-13
4157.6686	1.40583E-13
4159.75	1.43317E-13
4161.8313	1.45032E-13
4163.9127	1.44487E-13
4165.9941	1.41839E-13
4168.0754	1.41436E-13
4170.1568	1.4234E-13
4172.2381	1.40506E-13
4174.3195	1.38951E-13
4176.4009	1.38557E-13
4178.4822	1.38291E-13
4180.5636	1.38663E-13
4182.645	1.38016E-13
4184.7263	1.34989E-13
4186.8077	1.29738E-13
4188.889	1.25729E-13
4190.9704	1.25027E-13
4193.0518	1.25595E-13
4195.1331	1.25586E-13
4197.2145	1.23968E-13
4199.2958	1.22823E-13
4201.3772	1.23608E-13
4203.4586	1.24744E-13
4205.5399	1.25426E-13
4207.6213	1.26345E-13
4209.7027	1.2692E-13
4211.784	1.27614E-13
4213.8654	1.28668E-13
4215.9467	1.28778E-13
4218.0281	1.27824E-13
4220.1095	1.28524E-13
4222.1908	1.31509E-13
4224.2722	1.34936E-13
4226.3536	1.36301E-13
4228.4349	1.3467E-13
4230.5163	1.31961E-13
4232.5976	1.29903E-13
4234.679	1.29775E-13
4236.7604	1.30968E-13
4238.8417	1.31201E-13
4240.9231	1.31193E-13
4243.0045	1.3301E-13
4245.0858	1.34728E-13
4247.1672	1.34101E-13
4249.2485	1.31646E-13
4251.3299	1.28998E-13
4253.4113	1.27572E-13
4255.4926	1.27448E-13
4257.574	1.28029E-13
4259.6554	1.27904E-13
4261.7367	1.27544E-13
4263.8181	1.27302E-13
4265.8994	1.29423E-13
4267.9808	1.33041E-13
4270.0622	1.34389E-13
4272.1435	1.33395E-13
4274.2249	1.30112E-13
4276.3063	1.27613E-13
4278.3876	1.28431E-13
4280.469	1.29494E-13
4282.5503	1.30205E-13
4284.6317	1.32497E-13
4286.7131	1.33101E-13
4288.7944	1.29468E-13
4290.8758	1.26398E-13
4292.9571	1.24772E-13
4295.0385	1.23168E-13
4297.1199	1.22483E-13
4299.2012	1.24296E-13
4301.2826	1.2544E-13
4303.364	1.24399E-13
4305.4453	1.23139E-13
4307.5267	1.22568E-13
4309.608	1.21887E-13
4311.6894	1.21769E-13
4313.7708	1.22551E-13
4315.8521	1.23111E-13
4317.9335	1.22993E-13
4320.0149	1.22535E-13
4322.0962	1.2253E-13
4324.1776	1.22412E-13
4326.2589	1.20394E-13
4328.3403	1.16893E-13
4330.4217	1.1204E-13
4332.503	1.06599E-13
4334.5844	1.02739E-13
4336.6658	1.01887E-13
4338.7471	1.01789E-13
4340.8285	1.00852E-13
4342.9098	1.01688E-13
4344.9912	1.05306E-13
4347.0726	1.10367E-13
4349.1539	1.1461E-13
4351.2353	1.17275E-13
4353.3167	1.19232E-13
4355.398	1.20331E-13
4357.4794	1.20105E-13
4359.5607	1.1988E-13
4361.6421	1.19876E-13
4363.7235	1.20314E-13
4365.8048	1.2031E-13
4367.8862	1.1692E-13
4369.9675	1.13625E-13
4372.0489	1.15841E-13
4374.1303	1.17557E-13
4376.2116	1.16154E-13
4378.293	1.16902E-13
4380.3744	1.18307E-13
4382.4557	1.15823E-13
4384.5371	1.12871E-13
4386.6184	1.12143E-13
4388.6998	1.12761E-13
4390.7812	1.14538E-13
4392.8625	1.16664E-13
4394.9439	1.17307E-13
4397.0253	1.16765E-13
4399.1066	1.16226E-13
4401.188	1.15582E-13
4403.2693	1.15473E-13
4405.3507	1.16432E-13
4407.4321	1.17182E-13
4409.5134	1.18591E-13
4411.5948	1.19685E-13
4413.6762	1.18913E-13
4415.7575	1.17821E-13
4417.8389	1.18362E-13
4419.9202	1.20227E-13
4422.0016	1.21002E-13
4424.083	1.1967E-13
4426.1643	1.18461E-13
4428.2457	1.16726E-13
4430.3271	1.15547E-13
4432.4084	1.15865E-13
4434.4898	1.16505E-13
4436.5711	1.15861E-13
4438.6525	1.14797E-13
4440.7339	1.13638E-13
4442.8152	1.12698E-13
4444.8966	1.13112E-13
4446.978	1.13632E-13
4449.0593	1.12589E-13
4451.1407	1.1094E-13
4453.222	1.10633E-13
4455.3034	1.12377E-13
4457.3848	1.11243E-13
4459.4661	1.07415E-13
4461.5475	1.04776E-13
4463.6288	1.03052E-13
4465.7102	1.0015E-13
4467.7916	9.85929E-14
4469.8729	9.83199E-14
4471.9543	9.87727E-14
4474.0357	1.00701E-13
4476.117	1.03999E-13
4478.1984	1.06912E-13
4480.2797	1.08598E-13
4482.3611	1.09905E-13
4484.4425	1.10717E-13
4486.5238	1.11125E-13
4488.6052	1.1092E-13
4490.6866	1.09498E-13
4492.7679	1.05829E-13
4494.8493	1.02849E-13
4496.9306	1.038E-13
4499.012	1.05632E-13
4501.0934	1.06413E-13
4503.1747	1.05534E-13
4505.2561	1.04663E-13
4507.3375	1.05631E-13
4509.4188	1.07397E-13
4511.5002	1.07793E-13
4513.5815	1.07495E-13
4515.6629	1.06706E-13
4517.7443	1.04758E-13
4519.8256	1.03607E-13
4521.907	1.04662E-13
4523.9884	1.07396E-13
4526.0697	1.0839E-13
4528.1511	1.05825E-13
4530.2324	1.02657E-13
4532.3138	9.94012E-14
4534.3952	9.61597E-14
4536.4765	9.44918E-14
4538.5579	9.35397E-14
4540.6392	9.20021E-14
4542.7206	9.1243E-14
4544.802	9.21726E-14
4546.8833	9.35414E-14
4548.9647	9.54567E-14
4551.0461	9.7053E-14
4553.1274	9.74119E-14
4555.2088	9.71438E-14
4557.2901	9.75031E-14
4559.3715	9.80441E-14
4561.4529	9.83162E-14
4563.5342	9.868E-14
4565.6156	9.88628E-14
4567.697	9.85002E-14
4569.7783	9.80486E-14
4571.8597	9.86838E-14
4573.941	9.92317E-14
4576.0224	9.84137E-14
4578.1038	9.72434E-14
4580.1851	9.65307E-14
4582.2665	9.69775E-14
4584.3479	9.73367E-14
4586.4292	9.67124E-14
4588.5106	9.46865E-14
4590.5919	9.32168E-14
4592.6733	9.52139E-14
4594.7547	9.68962E-14
4596.836	9.66304E-14
4598.9174	9.62765E-14
4600.9988	9.61894E-14
4603.0801	9.55729E-14
4605.1615	9.50478E-14
4607.2428	9.46999E-14
4609.3242	9.46144E-14
4611.4056	9.56676E-14
4613.4869	9.78978E-14
4615.5683	9.73602E-14
4617.6497	9.46215E-14
4619.731	9.43622E-14
4621.8124	9.54129E-14
4623.8937	9.55908E-14
4625.9751	9.41077E-14
4628.0565	9.18828E-14
4630.1378	8.97106E-14
4632.2192	8.86448E-14
4634.3005	8.95495E-14
4636.3819	8.97167E-14
4638.4633	8.92243E-14
4640.5446	8.94734E-14
4642.626	9.08875E-14
4644.7074	9.27502E-14
4646.7887	9.29235E-14
4648.8701	9.2074E-14
4650.9514	9.12322E-14
4653.0328	9.11506E-14
4655.1142	9.15737E-14
4657.1955	9.21685E-14
4659.2769	9.15787E-14
4661.3583	8.96616E-14
4663.4396	8.90059E-14
4665.521	8.96667E-14
4667.6023	9.10005E-14
4669.6837	9.18452E-14
4671.7651	9.1679E-14
4673.8464	9.08412E-14
4675.9278	8.89398E-14
4678.0092	8.5253E-14
4680.0905	8.11191E-14
4682.1719	7.74706E-14
4684.2532	7.39181E-14
4686.3346	7.32428E-14
4688.416	7.5994E-14
4690.4973	7.88486E-14
4692.5787	8.06136E-14
4694.6601	8.12126E-14
4696.7414	8.34139E-14
4698.8228	8.63085E-14
4700.9041	8.61527E-14
4702.9855	8.5681E-14
4705.0669	8.65566E-14
4707.1482	8.63209E-14
4709.2296	8.52181E-14
4711.3109	8.4207E-14
4713.3923	8.34381E-14
4715.4737	8.36722E-14
4717.555	8.45274E-14
4719.6364	8.53915E-14
4721.7178	8.5868E-14
4723.7991	8.57924E-14
4725.8805	8.54016E-14
4727.9618	8.6673E-14
4730.0432	8.83693E-14
4732.1246	8.76434E-14
4734.2059	8.54156E-14
4736.2873	8.44803E-14
4738.3687	8.58962E-14
4740.45	8.64555E-14
4742.5314	8.53515E-14
4744.6127	8.55126E-14
4746.6941	8.66262E-14
4748.7755	8.72707E-14
4750.8568	8.65541E-14
4752.9382	8.46657E-14
4755.0196	8.2666E-14
4757.1009	8.16859E-14
4759.1823	8.21423E-14
4761.2636	8.45254E-14
4763.345	8.62596E-14
4765.4264	8.51585E-14
4767.5077	8.39168E-14
4769.5891	8.45415E-14
4771.6705	8.60381E-14
4773.7518	8.54893E-14
4775.8332	8.41653E-14
4777.9145	8.39373E-14
4779.9959	8.44066E-14
4782.0773	8.51135E-14
4784.1586	8.48048E-14
4786.24	8.34916E-14
4788.3214	8.1821E-14
4790.4027	8.18253E-14
4792.4841	8.31975E-14
4794.5654	8.45927E-14
4796.6468	8.45193E-14
4798.7282	8.25238E-14
4800.8095	8.05754E-14
4802.8909	7.95474E-14
4804.9722	7.96251E-14
4807.0536	8.07372E-14
4809.135	8.1639E-14
4811.2163	8.27793E-14
4813.2977	8.46343E-14
4815.3791	8.5265E-14
4817.4604	8.40224E-14
4819.5418	8.1888E-14
4821.6231	8.08435E-14
4823.7045	8.0107E-14
4825.7859	7.95968E-14
4827.8672	8.18316E-14
4829.9486	8.19873E-14
4832.03	7.97577E-14
4834.1113	7.93959E-14
4836.1927	7.91816E-14
4838.274	7.84604E-14
4840.3554	7.80328E-14
4842.4368	7.73221E-14
4844.5181	7.69007E-14
4846.5995	7.6764E-14
4848.6809	7.66275E-14
4850.7622	7.6986E-14
4852.8436	7.50307E-14
4854.9249	7.04152E-14
4857.0063	6.66338E-14
4859.0877	6.32881E-14
4861.169	6.04436E-14
4863.2504	6.02807E-14
4865.3318	6.27201E-14
4867.4131	6.59835E-14
4869.4945	6.86537E-14
4871.5758	7.05818E-14
4873.6572	7.24973E-14
4875.7386	7.34431E-14
4877.8199	7.37191E-14
4879.9013	7.37241E-14
4881.9827	7.40013E-14
4884.064	7.57302E-14
4886.1454	7.59449E-14
4888.2267	7.46327E-14
4890.3081	7.40217E-14
4892.3895	7.57512E-14
4894.4708	7.79507E-14
4896.5522	7.72415E-14
4898.6335	7.57673E-14
4900.7149	7.53551E-14
4902.7963	7.63386E-14
4904.8776	7.81943E-14
4906.959	7.88509E-14
4909.0404	7.79181E-14
4911.1217	7.68547E-14
4913.2031	7.5527E-14
4915.2844	7.39493E-14
4917.3658	7.2605E-14
4919.4472	7.19447E-14
4921.5285	7.15536E-14
4923.6099	7.1691E-14
4925.6913	7.3773E-14
4927.7726	7.5706E-14
4929.854	7.65532E-14
4931.9353	7.57874E-14
4934.0167	7.46157E-14
4936.0981	7.42103E-14
4938.1794	7.34003E-14
4940.2608	7.23322E-14
4942.3422	7.20719E-14
4944.4235	7.31476E-14
4946.5049	7.46508E-14
4948.5862	7.52782E-14
4950.6676	7.54231E-14
4952.749	7.54291E-14
4954.8303	7.52964E-14
4956.9117	7.48185E-14
4958.9931	7.32562E-14
4961.0744	7.23236E-14
4963.1558	7.20636E-14
4965.2371	7.20695E-14
4967.3185	7.22749E-14
4969.3999	7.25477E-14
4971.4812	7.25538E-14
4973.5626	7.20936E-14
4975.6439	7.15044E-14
4977.7253	7.11819E-14
4979.8067	7.1188E-14
4981.888	7.09976E-14
4983.9694	7.09383E-14
4986.0508	7.08791E-14
4988.1321	7.06246E-14
4990.2135	7.12186E-14
4992.2948	7.13561E-14
4994.3762	6.99309E-14
4996.4576	6.97441E-14
4998.5389	7.1178E-14
5000.6203	7.20417E-14
5002.7017	7.19155E-14
5004.783	7.10659E-14
5006.8644	7.06155E-14
5008.9457	7.10132E-14
5011.0271	7.12817E-14
5013.1085	7.01807E-14
5015.1898	6.84632E-14
5017.2712	6.75922E-14
5019.3526	6.75361E-14
5021.4339	6.79792E-14
5023.5153	6.72382E-14
5025.5966	6.70589E-14
5027.678	6.79981E-14
5029.7594	6.81926E-14
5031.8407	6.80735E-14
5033.9221	6.86465E-14
5036.0035	6.75242E-14
5038.0848	6.6237E-14
5040.1662	6.79739E-14
5042.2475	6.86726E-14
5044.3289	6.77368E-14
5046.4103	6.71223E-14
5048.4916	6.67588E-14
5050.573	6.68267E-14
5052.6544	6.73275E-14
5054.7357	6.76448E-14
5056.8171	6.70312E-14
5058.8984	6.67298E-14
5060.9798	6.7478E-14
5063.0612	6.84235E-14
5065.1425	6.85564E-14
5067.2239	6.78721E-14
5069.3052	6.65786E-14
5071.3866	6.54905E-14
5073.468	6.57994E-14
5075.5493	6.64761E-14
5077.6307	6.68512E-14
5079.7121	6.64283E-14
5081.7934	6.55236E-14
5083.8748	6.40976E-14
5085.9561	6.22424E-14
5088.0375	6.12817E-14
5090.1189	6.16845E-14
5092.2002	6.30697E-14
5094.2816	6.41898E-14
5096.363	6.37252E-14
5098.4443	6.30894E-14
5100.5257	6.33872E-14
5102.607	6.46915E-14
5104.6884	6.46983E-14
5106.7698	6.2826E-14
5108.8511	6.12894E-14
5110.9325	6.05663E-14
5113.0139	6.08524E-14
5115.0952	6.10835E-14
5117.1766	6.05858E-14
5119.2579	5.99263E-14
5121.3393	5.98776E-14
5123.4207	6.05496E-14
5125.502	6.02225E-14
5127.5834	5.95671E-14
5129.6648	6.01248E-14
5131.7461	6.15887E-14
5133.8275	6.30303E-14
5135.9088	6.25744E-14
5137.9902	6.0932E-14
5140.0716	5.93326E-14
5142.1529	5.84712E-14
5144.2343	5.86395E-14
5146.3156	5.99568E-14
5148.397	6.06859E-14
5150.4784	6.06927E-14
5152.5597	6.05321E-14
5154.6411	5.95984E-14
5156.7225	5.87874E-14
5158.8038	5.85239E-14
5160.8852	5.90722E-14
5162.9665	6.03438E-14
5165.0479	6.10777E-14
5167.1293	6.09724E-14
5169.2106	5.97562E-14
5171.292	5.80275E-14
5173.3734	5.81948E-14
5175.4547	5.96121E-14
5177.5361	6.03928E-14
5179.6174	6.02332E-14
5181.6988	5.95233E-14
5183.7802	5.97501E-14
5185.8615	6.01437E-14
5187.9429	5.93255E-14
5190.0243	5.85724E-14
5192.1056	5.91214E-14
5194.187	5.97305E-14
5196.2683	5.94632E-14
5198.3497	5.91426E-14
5200.4311	5.93681E-14
5202.5124	5.91569E-14
5204.5938	5.83523E-14
5206.6752	5.81983E-14
5208.7565	5.88523E-14
5210.8379	5.92402E-14
5212.9192	5.90296E-14
5215.0006	5.90368E-14
5217.082	5.90985E-14
5219.1633	5.878E-14
5221.2447	5.85172E-14
5223.3261	5.8363E-14
5225.4074	5.74105E-14
5227.4888	5.67343E-14
5229.5701	5.76899E-14
5231.6515	5.88239E-14
5233.7329	5.8615E-14
5235.8142	5.86223E-14
5237.8956	5.95001E-14
5239.9769	5.90708E-14
5242.0583	5.77335E-14
5244.1397	5.72115E-14
5246.221	5.71661E-14
5248.3024	5.67014E-14
5250.3838	5.62405E-14
5252.4651	5.6196E-14
5254.5465	5.63587E-14
5256.6278	5.61587E-14
5258.7092	5.62177E-14
5260.7906	5.67453E-14
5262.8719	5.68049E-14
5264.9533	5.69171E-14
5267.0347	5.76102E-14
5269.116	5.7724E-14
5271.1974	5.7097E-14
5273.2787	5.75268E-14
5275.3601	5.87662E-14
5277.4415	5.86658E-14
5279.5228	5.70745E-14
5281.6042	3.90211E-09
5283.6856	3.89904E-09
5285.7669	3.89597E-09
5287.8483	3.8929E-09
5289.9296	3.88984E-09
5292.011	3.88678E-09
5294.0924	3.88373E-09
5296.1737	3.88067E-09
5298.2551	3.87763E-09
5300.3365	3.87458E-09
5302.4178	3.87154E-09
5304.4992	3.8685E-09
5306.5805	3.86547E-09
5308.6619	3.86244E-09
5310.7433	3.85941E-09
5312.8246	3.85639E-09
5314.906	3.85337E-09
5316.9874	3.85035E-09
5319.0687	3.84734E-09
5321.1501	3.84433E-09
5323.2314	3.84132E-09
5325.3128	3.83832E-09
5327.3942	3.83532E-09
5329.4755	3.83233E-09
5331.5569	3.82934E-09
5333.6382	3.82635E-09
5335.7196	3.82336E-09
5337.801	3.82038E-09
5339.8823	3.81741E-09
5341.9637	3.81443E-09
5344.0451	3.81146E-09
5346.1264	3.80849E-09
5348.2078	3.80553E-09
5350.2891	3.80257E-09
5352.3705	3.79961E-09
5354.4519	3.79666E-09
5356.5332	3.79371E-09
5358.6146	3.79076E-09
5360.696	3.78782E-09
5362.7773	3.78488E-09
5364.8587	3.78194E-09
5366.94	3.77901E-09
5369.0214	3.77608E-09
5371.1028	3.77316E-09
5373.1841	3.77023E-09
5375.2655	3.76731E-09
5377.3469	3.7644E-09
5379.4282	3.76149E-09
5381.5096	3.75858E-09
5383.5909	3.75567E-09
5385.6723	3.75277E-09
5387.7537	3.74987E-09
5389.835	3.74697E-09
5391.9164	3.74408E-09
5393.9978	3.74119E-09
5396.0791	3.73831E-09
5398.1605	3.73543E-09
5400.2418	3.73255E-09
5402.3232	3.72967E-09
5404.4046	3.7268E-09
5406.4859	3.72393E-09
5408.5673	3.72106E-09
5410.6486	3.7182E-09
5412.73	3.71534E-09
5414.8114	3.71249E-09
5416.8927	3.70963E-09
5418.9741	3.70679E-09
5421.0555	3.70394E-09
5423.1368	3.7011E-09
5425.2182	3.69826E-09
5427.2995	3.69542E-09
5429.3809	3.69259E-09
5431.4623	3.68976E-09
5433.5436	3.68693E-09
5435.625	3.68411E-09
5437.7064	3.68129E-09
5439.7877	3.67847E-09
5441.8691	3.67566E-09
5443.9504	3.67285E-09
5446.0318	3.67004E-09
5448.1132	3.66724E-09
5450.1945	3.66444E-09
5452.2759	3.66164E-09
5454.3573	3.65885E-09
5456.4386	3.65606E-09
5458.52	3.65327E-09
5460.6013	3.65049E-09
5462.6827	3.6477E-09
5464.7641	3.64493E-09
5466.8454	3.64215E-09
5468.9268	3.63938E-09
5471.0082	3.63661E-09
5473.0895	3.63385E-09
5475.1709	3.63108E-09
5477.2522	3.62832E-09
5479.3336	3.62557E-09
5481.415	3.62282E-09
5483.4963	3.62007E-09
5485.5777	3.61732E-09
5487.6591	3.61458E-09
5489.7404	3.61184E-09
5491.8218	3.6091E-09
5493.9031	3.60636E-09
5495.9845	3.60363E-09
5498.0659	3.60091E-09
5500.1472	3.59818E-09
5502.2286	3.59546E-09
5504.3099	3.59274E-09
5506.3913	3.59003E-09
5508.4727	3.58731E-09
5510.554	3.5846E-09
5512.6354	3.5819E-09
5514.7168	3.57919E-09
5516.7981	3.57649E-09
5518.8795	3.5738E-09
5520.9608	3.5711E-09
5523.0422	3.56841E-09
5525.1236	3.56572E-09
5527.2049	3.56304E-09
5529.2863	3.56036E-09
5531.3677	3.55768E-09
5533.449	3.555E-09
5535.5304	3.55233E-09
5537.6117	3.54966E-09
5539.6931	3.54699E-09
5541.7745	3.54433E-09
5543.8558	4.88886E-14
5545.9372	4.83595E-14
5548.0186	4.79243E-14
5550.0999	4.75368E-14
5552.1813	4.72394E-14
5554.2626	4.71605E-14
5556.344	4.75175E-14
5558.4254	4.85879E-14
5560.5067	4.97282E-14
5562.5881	5.0197E-14
5564.6695	5.00211E-14
5566.7508	4.93888E-14
5568.8322	4.87645E-14
5570.9135	4.83703E-14
5572.9949	4.82008E-14
5575.0763	4.84317E-14
5577.1576	4.90237E-14
5579.239	4.94404E-14
5581.3203	4.96773E-14
5583.4017	4.97318E-14
5585.4831	4.94208E-14
5587.5644	4.86168E-14
5589.6458	4.79582E-14
5591.7272	4.77023E-14
5593.8085	4.77108E-14
5595.8899	4.74125E-14
5597.9712	4.66842E-14
5600.0526	4.57559E-14
5602.134	4.52611E-14
5604.2153	4.552E-14
5606.2967	4.56961E-14
5608.3781	4.58308E-14
5610.4594	4.59658E-14
5612.5408	4.61862E-14
5614.6221	4.61945E-14
5616.7035	4.60753E-14
5618.7849	4.60412E-14
5620.8662	4.63047E-14
5622.9476	4.59731E-14
5625.029	4.56438E-14
5627.1103	4.57363E-14
5629.1917	4.61678E-14
5631.273	4.62614E-14
5633.3544	4.63978E-14
5635.4358	4.65347E-14
5637.5171	4.62867E-14
5639.5985	4.62525E-14
5641.6799	4.6006E-14
5643.7612	4.55926E-14
5645.8426	4.51829E-14
5647.9239	4.48595E-14
5650.0053	4.42521E-14
5652.0867	4.36128E-14
5654.168	4.31812E-14
5656.2494	4.27538E-14
5658.3308	4.2683E-14
5660.4121	4.2809E-14
5662.4935	4.30939E-14
5664.5748	4.30623E-14
5666.6562	4.30306E-14
5668.7376	4.30783E-14
5670.8189	4.33251E-14
5672.9003	4.39361E-14
5674.9816	4.43918E-14
5677.063	4.46873E-14
5679.1444	4.47369E-14
5681.2257	4.47865E-14
5683.3071	4.46303E-14
5685.3885	4.44336E-14
5687.4698	4.41971E-14
5689.5512	4.38002E-14
5691.6325	4.39297E-14
5693.7139	4.42222E-14
5695.7953	4.44757E-14
5697.8766	4.45252E-14
5699.958	4.42882E-14
5702.0394	4.40526E-14
5704.1207	4.38585E-14
5706.2021	4.36654E-14
5708.2834	4.35132E-14
5710.3648	4.36419E-14
5712.4462	4.36503E-14
5714.5275	4.35383E-14
5716.6089	4.35066E-14
5718.6903	4.33949E-14
5720.7716	4.3045E-14
5722.853	4.26193E-14
5724.9343	4.28638E-14
5727.0157	4.27538E-14
5729.0971	4.26441E-14
5731.1784	4.26132E-14
5733.2598	4.26607E-14
5735.3412	4.32228E-14
5737.4225	4.36715E-14
5739.5039	4.368E-14
5741.5852	4.30495E-14
5743.6666	4.21554E-14
5745.748	4.17002E-14
5747.8293	4.17853E-14
5749.9107	4.2375E-14
5751.992	4.25006E-14
5754.0734	4.25874E-14
5756.1548	4.25174E-14
5758.2361	4.23304E-14
5760.3175	4.17964E-14
5762.3989	4.1536E-14
5764.4802	4.1506E-14
5766.5616	4.15908E-14
5768.6429	4.13318E-14
5770.7243	4.10744E-14
5772.8057	4.11204E-14
5774.887	4.13947E-14
5776.9684	4.14793E-14
5779.0498	4.14494E-14
5781.1311	4.13815E-14
5783.2125	4.11617E-14
5785.2938	4.08301E-14
5787.3752	4.05759E-14
5789.4566	4.04349E-14
5791.5379	4.04803E-14
5793.6193	4.09385E-14
5795.7007	4.144E-14
5797.782	4.15248E-14
5799.8634	4.14568E-14
5801.9447	4.14271E-14
5804.0261	4.15502E-14
5806.1075	4.15587E-14
5808.1888	4.14143E-14
5810.2702	4.11945E-14
5812.3516	4.14312E-14
5814.4329	4.14016E-14
5816.5143	4.11061E-14
5818.5956	4.06252E-14
5820.677	4.00023E-14
5822.7584	3.97168E-14
5824.8397	3.97616E-14
5826.9211	3.99902E-14
5829.0025	4.02201E-14
5831.0838	4.01914E-14
5833.1652	3.96847E-14
5835.2465	3.91844E-14
5837.3279	3.90125E-14
5839.4093	3.94906E-14
5841.4906	4.02702E-14
5843.572	4.01675E-14
5845.6533	3.9117E-14
5847.7347	3.96695E-14
5849.8161	3.97876E-14
5851.8974	3.95766E-14
5853.9788	3.92943E-14
5856.0602	3.95203E-14
5858.1415	3.97477E-14
5860.2229	3.99028E-14
5862.3042	3.9948E-14
5864.3856	3.97362E-14
5866.467	3.88399E-14
5868.5483	3.81742E-14
5870.6297	3.75545E-14
5872.7111	3.67413E-14
5874.7924	3.58135E-14
5876.8738	3.57881E-14
5878.9551	3.63606E-14
5881.0365	3.7147E-14
5883.1179	3.75333E-14
5885.1992	3.79236E-14
5887.2806	3.8177E-14
5889.362	3.82204E-14
5891.4433	3.81582E-14
5893.5247	3.77469E-14
5895.606	3.73744E-14
5897.6874	3.72107E-14
5899.7688	3.7494E-14
5901.8501	3.80238E-14
5903.9315	3.85966E-14
5906.0129	3.89621E-14
5908.0942	3.87915E-14
5910.1756	3.80917E-14
5912.2569	3.76465E-14
5914.3383	3.75508E-14
5916.4197	3.77323E-14
5918.501	3.78101E-14
5920.5824	3.7923E-14
5922.6638	3.79313E-14
5924.7451	3.7661E-14
5926.8265	3.72552E-14
5928.9078	3.74009E-14
5930.9892	3.76511E-14
5933.0706	3.7868E-14
5935.1519	3.79462E-14
5937.2333	3.78149E-14
5939.3146	3.76148E-14
5941.396	3.74502E-14
5943.4774	3.75621E-14
5945.5587	3.77091E-14
5947.6401	3.7648E-14
5949.7215	3.74488E-14
5951.8028	3.73882E-14
5953.8842	3.72933E-14
5955.9655	3.70619E-14
5958.0469	3.68998E-14
5960.1283	3.6976E-14
5962.2096	3.68822E-14
5964.291	3.67548E-14
5966.3724	3.65941E-14
5968.4537	3.64677E-14
5970.5351	3.63752E-14
5972.6164	3.65176E-14
5974.6978	3.66944E-14
5976.7792	3.67703E-14
5978.8605	3.66433E-14
5980.9419	3.66853E-14
5983.0233	3.6863E-14
5985.1046	3.70074E-14
5987.186	3.68117E-14
5989.2673	3.65161E-14
5991.3487	3.64571E-14
5993.4301	3.6499E-14
5995.5114	3.64401E-14
5997.5928	3.58821E-14
5999.6742	3.55612E-14
6001.7555	3.54385E-14
6003.8369	3.53162E-14
6005.9182	3.50004E-14
6007.9996	3.49761E-14
6010.081	3.50809E-14
6012.1623	3.51536E-14
6014.2437	3.52265E-14
6016.325	3.52021E-14
6018.4064	3.51454E-14
6020.4878	3.50888E-14
6022.5691	3.5E-14
6024.6505	3.46233E-14
6026.7319	3.42506E-14
6028.8132	3.41011E-14
6030.8946	3.43612E-14
6032.9759	3.44325E-14
6035.0573	3.43138E-14
6037.1387	3.41012E-14
6039.22	3.41405E-14
6041.3014	3.4306E-14
6043.3828	3.44407E-14
6045.4641	3.4544E-14
6047.5455	3.46476E-14
6049.6268	3.44647E-14
6051.7082	3.42197E-14
6053.7896	3.40704E-14
6055.8709	3.40783E-14
6057.9523	3.40549E-14
6060.0337	3.40315E-14
6062.115	3.41337E-14
6064.1964	3.42677E-14
6066.2777	3.40869E-14
6068.3591	3.39695E-14
6070.4405	3.41343E-14
6072.5218	3.449E-14
6074.6032	3.48174E-14
6076.6846	3.50186E-14
6078.7659	3.49946E-14
6080.8473	3.481E-14
6082.9286	3.45944E-14
6085.01	3.40651E-14
6087.0914	3.36056E-14
6089.1727	3.33361E-14
6091.2541	3.3344E-14
6093.3355	3.31071E-14
6095.4168	3.29932E-14
6097.4982	3.30315E-14
6099.5795	3.31308E-14
6101.6609	3.30473E-14
6103.7423	3.32383E-14
6105.8236	3.3369E-14
6107.905	3.33463E-14
6109.9863	3.31399E-14
6112.0677	3.30259E-14
6114.1491	3.30643E-14
6116.2304	3.31943E-14
6118.3118	3.30193E-14
6120.3932	3.24245E-14
6122.4745	3.21942E-14
6124.5559	3.23208E-14
6126.6372	3.25377E-14
6128.7186	3.29073E-14
6130.8	3.2976E-14
6132.8813	3.27418E-14
6134.9627	3.2152E-14
6137.0441	3.16893E-14
6139.1254	3.15514E-14
6141.2068	3.16173E-14
6143.2881	3.16833E-14
6145.3695	3.1691E-14
6147.4509	3.18157E-14
6149.5322	3.20884E-14
6151.6136	3.23634E-14
6153.695	3.25507E-14
6155.7763	3.23792E-14
6157.8577	3.2179E-14
6159.939	3.2039E-14
6162.0204	3.1929E-14
6164.1018	3.18781E-14
6166.1831	3.19447E-14
6168.2645	3.19526E-14
6170.3459	3.1755E-14
6172.4272	3.13559E-14
6174.5086	3.11908E-14
6176.5899	3.13137E-14
6178.6713	3.16987E-14
6180.7527	3.19999E-14
6182.834	3.22743E-14
6184.9154	3.24911E-14
6186.9967	3.25291E-14
6189.0781	3.20317E-14
6191.1595	3.17167E-14
6193.2408	3.15788E-14
6195.3222	3.16158E-14
6197.4036	3.17696E-14
6199.4849	3.18655E-14
6201.5663	3.18734E-14
6203.6476	3.19108E-14
6205.729	3.21252E-14
6207.8104	3.20741E-14
6209.8917	3.18173E-14
6211.9731	3.13597E-14
6214.0545	3.07667E-14
6216.1358	3.03522E-14
6218.2172	3.01926E-14
6220.2985	3.02002E-14
6222.3799	3.04032E-14
6224.4613	3.08339E-14
6226.5426	3.09555E-14
6228.624	3.0736E-14
6230.7054	3.02383E-14
6232.7867	3.02738E-14
6234.8681	3.05898E-14
6236.9494	3.07388E-14
6239.0308	3.06336E-14
6241.1122	3.03045E-14
6243.1935	2.98963E-14
6245.2749	2.95208E-14
6247.3563	2.92576E-14
6249.4376	2.91038E-14
6251.519	2.90577E-14
6253.6003	2.92531E-14
6255.6817	2.95857E-14
6257.7631	2.99774E-14
6259.8444	2.98748E-14
6261.9258	2.9663E-14
6264.0072	2.948E-14
6266.0885	2.93791E-14
6268.1699	2.92786E-14
6270.2512	2.90979E-14
6272.3326	2.88651E-14
6274.414	2.86342E-14
6276.4953	2.8379E-14
6278.5767	2.8308E-14
6280.658	2.83414E-14
6282.7394	2.84534E-14
6284.8208	2.85921E-14
6286.9021	2.86522E-14
6288.9835	2.86069E-14
6291.0649	2.8588E-14
6293.1462	2.87274E-14
6295.2276	2.90007E-14
6297.3089	2.93036E-14
6299.3903	2.96097E-14
6301.4717	2.97542E-14
6303.553	2.92187E-14
6305.6344	2.87458E-14
6307.7158	2.85948E-14
6309.7971	2.88138E-14
6311.8785	2.93302E-14
6313.9598	2.94461E-14
6316.0412	2.92107E-14
6318.1226	2.87909E-14
6320.2039	2.87455E-14
6322.2853	2.90726E-14
6324.3667	2.92414E-14
6326.448	2.91147E-14
6328.5294	2.85645E-14
6330.6107	2.84407E-14
6332.6921	2.84482E-14
6334.7735	2.84819E-14
6336.8548	2.84108E-14
6338.9362	2.86285E-14
6341.0176	2.89277E-14
6343.0989	2.92031E-14
6345.1803	2.93998E-14
6347.2616	2.93805E-14
6349.343	2.92802E-14
6351.4244	2.91534E-14
6353.5057	2.90272E-14
6355.5871	2.88749E-14
6357.6685	2.86705E-14
6359.7498	2.84939E-14
6361.8312	2.83967E-14
6363.9125	2.84828E-14
6365.9939	2.8543E-14
6368.0753	2.85506E-14
6370.1566	2.85057E-14
6372.238	2.84608E-14
6374.3193	2.82595E-14
6376.4007	2.80854E-14
6378.4821	2.79381E-14
6380.5634	2.78942E-14
6382.6448	2.77735E-14
6384.7262	2.78065E-14
6386.8075	2.79682E-14
6388.8889	2.81826E-14
6390.9702	2.7906E-14
6393.0516	2.78879E-14
6395.133	2.79726E-14
6397.2143	2.80834E-14
6399.2957	2.80393E-14
6401.3771	2.78667E-14
6403.4584	2.77206E-14
6405.5398	2.76261E-14
6407.6211	2.76336E-14
6409.7025	2.76411E-14
6411.7839	2.75724E-14
6413.8652	2.75291E-14
6415.9466	2.76892E-14
6418.028	2.78246E-14
6420.1093	2.78322E-14
6422.1907	2.77374E-14
6424.272	2.76175E-14
6426.3534	2.74728E-14
6428.4348	2.72785E-14
6430.5161	2.71857E-14
6432.5975	2.73186E-14
6434.6789	2.74017E-14
6436.7602	2.72833E-14
6438.8416	2.71154E-14
6440.9229	2.69982E-14
6443.0043	2.70804E-14
6445.0857	2.7263E-14
6447.167	2.73964E-14
6449.2484	2.73787E-14
6451.3297	2.71852E-14
6453.4111	2.71177E-14
6455.4925	2.71502E-14
6457.5738	2.7283E-14
6459.6552	2.73157E-14
6461.7366	2.70977E-14
6463.8179	2.68073E-14
6465.8993	2.65934E-14
6467.9806	2.66744E-14
6470.062	2.68544E-14
6472.1434	2.68618E-14
6474.2247	2.67212E-14
6476.3061	2.6508E-14
6478.3875	2.64179E-14
6480.4688	2.63038E-14
6482.5502	2.62144E-14
6484.6315	2.61976E-14
6486.7129	2.61808E-14
6488.7943	2.60678E-14
6490.8756	2.60031E-14
6492.957	2.59625E-14
6495.0384	2.59459E-14
6497.1197	2.58577E-14
6499.2011	2.57224E-14
6501.2824	2.56114E-14
6503.3638	2.56186E-14
6505.4452	2.57204E-14
6507.5265	2.58226E-14
6509.6079	2.58061E-14
6511.6893	2.56711E-14
6513.7706	2.55839E-14
6515.852	2.55911E-14
6517.9333	2.56455E-14
6520.0147	2.5582E-14
6522.0961	2.5378E-14
6524.1774	2.52685E-14
6526.2588	2.5369E-14
6528.3402	2.56346E-14
6530.4215	2.58315E-14
6532.5029	2.58388E-14
6534.5842	2.57037E-14
6536.6656	2.54753E-14
6538.747	2.52257E-14
6540.8283	2.50476E-14
6542.9097	2.49856E-14
6544.991	2.49927E-14
6547.0724	2.47478E-14
6549.1538	2.41469E-14
6551.2351	2.35605E-14
6553.3165	2.31371E-14
6555.3979	2.29104E-14
6557.4792	2.24987E-14
6559.5606	2.20944E-14
6561.6419	2.18377E-14
6563.7233	2.19044E-14
6565.8047	2.20727E-14
6567.886	2.2531E-14
6569.9674	2.31476E-14
6572.0488	2.3781E-14
6574.1301	2.41855E-14
6576.2115	2.43938E-14
6578.2928	2.44459E-14
6580.3742	2.43854E-14
6582.4556	2.44149E-14
6584.5369	2.45121E-14
6586.6183	2.46097E-14
6588.6997	2.47077E-14
6590.781	2.48518E-14
6592.8624	2.49737E-14
6594.9437	2.50501E-14
6597.0251	2.51267E-14
6599.1065	2.525E-14
6601.1878	2.50488E-14
6603.2692	2.47123E-14
6605.3506	2.43803E-14
6607.4319	2.41861E-14
6609.5133	2.42601E-14
6611.5946	2.45369E-14
6613.676	2.49084E-14
6615.7574	2.52623E-14
6617.8387	2.53629E-14
6619.9201	2.53937E-14
6622.0014	2.54714E-14
6624.0828	2.55729E-14
6626.1642	2.57221E-14
6628.2455	2.56115E-14
6630.3269	2.53841E-14
6632.4083	2.50662E-14
6634.4896	2.47524E-14
6636.571	2.45326E-14
6638.6523	2.44271E-14
6640.7337	2.44118E-14
6642.8151	2.4374E-14
6644.8964	2.44037E-14
6646.9778	2.43435E-14
6649.0592	2.42388E-14
6651.1405	2.41791E-14
6653.2219	2.45001E-14
6655.3032	2.48712E-14
6657.3846	2.50164E-14
6659.466	2.47259E-14
6661.5473	2.41703E-14
6663.6287	2.38457E-14
6665.7101	2.36777E-14
6667.7914	2.36411E-14
6669.8728	2.37135E-14
6671.9541	2.37424E-14
6674.0355	2.35969E-14
6676.1169	2.3366E-14
6678.1982	2.30947E-14
6680.2796	2.29532E-14
6682.361	2.29812E-14
6684.4423	2.31367E-14
6686.5237	2.34224E-14
6688.605	2.36026E-14
6690.6864	2.38941E-14
6692.7678	2.41891E-14
6694.8491	2.43753E-14
6696.9305	2.44501E-14
6699.0119	2.44124E-14
6701.0932	2.43075E-14
6703.1746	2.41808E-14
6705.2559	2.41435E-14
6707.3373	2.39956E-14
6709.4187	2.38047E-14
6711.5	2.36806E-14
6713.5814	2.36877E-14
6715.6627	2.38262E-14
6717.7441	2.39213E-14
6719.8255	2.39506E-14
6721.9068	2.40241E-14
6723.9882	2.40978E-14
6726.0696	2.40165E-14
6728.1509	2.39133E-14
6730.2323	2.4031E-14
6732.3136	2.4127E-14
6734.395	2.40677E-14
6736.4764	2.39203E-14
6738.5577	2.37957E-14
6740.6391	2.3781E-14
6742.7205	2.38101E-14
6744.8018	2.38393E-14
6746.8832	2.38465E-14
6748.9645	2.38538E-14
6751.0459	2.38391E-14
6753.1273	2.38025E-14
6755.2086	2.36785E-14
6757.29	2.34902E-14
6759.3714	2.33249E-14
6761.4527	2.32248E-14
6763.5341	2.31891E-14
6765.6154	2.33033E-14
6767.6968	2.35478E-14
6769.7782	2.3751E-14
6771.8595	2.37583E-14
6773.9409	2.3526E-14
6776.0223	2.3339E-14
6778.1036	2.33461E-14
6780.185	2.33964E-14
6782.2663	2.33605E-14
6784.3477	2.30683E-14
6786.4291	2.28428E-14
6788.5104	2.28078E-14
6790.5918	2.30683E-14
6792.6731	2.34828E-14
6794.7545	2.36638E-14
6796.8359	2.36058E-14
6798.9172	2.33105E-14
6800.9986	2.28711E-14
6803.08	2.26893E-14
6805.1613	2.2801E-14
6807.2427	2.30616E-14
6809.324	2.32607E-14
6811.4054	2.30334E-14
6813.4868	2.27454E-14
6815.5681	2.26479E-14
6817.6495	2.30124E-14
6819.7309	2.35341E-14
6821.8122	2.36718E-14
6823.8936	2.35054E-14
6825.9749	2.31261E-14
6828.0563	2.27949E-14
6830.1377	2.26972E-14
6832.219	2.28301E-14
6834.3004	2.3091E-14
6836.3818	2.32691E-14
6838.4631	2.32549E-14
6840.5445	2.3198E-14
6842.6258	2.31625E-14
6844.7072	2.32767E-14
6846.7886	2.35645E-14
6848.8699	2.37462E-14
6850.9513	2.37974E-14
6853.0327	2.36737E-14
6855.114	2.33347E-14
6857.1954	2.29371E-14
6859.2767	2.24014E-14
6861.3581	2.16377E-14
6863.4395	2.0462E-14
6865.5208	1.94216E-14
6867.6022	1.86218E-14
6869.6836	1.812E-14
6871.7649	1.78441E-14
6873.8463	1.81314E-14
6875.9276	1.87832E-14
6878.009	1.96384E-14
6880.0904	2.01207E-14
6882.1717	2.02014E-14
6884.2531	2.00225E-14
6886.3344	1.97177E-14
6888.4158	1.95431E-14
6890.4972	1.94058E-14
6892.5785	1.93762E-14
6894.6599	1.94718E-14
6896.7413	1.96582E-14
6898.8226	1.99196E-14
6900.904	2.02218E-14
6902.9853	2.05096E-14
6905.0667	2.06489E-14
6907.1481	2.07317E-14
6909.2294	2.09302E-14
6911.3108	2.1189E-14
6913.3922	2.13919E-14
6915.4735	2.13593E-14
6917.5549	2.13858E-14
6919.6362	2.1373E-14
6921.7176	2.13012E-14
6923.799	2.11906E-14
6925.8803	2.12364E-14
6927.9617	2.1361E-14
6930.0431	2.14862E-14
6932.1244	2.15724E-14
6934.2058	2.13422E-14
6936.2871	2.11533E-14
6938.3685	2.11796E-14
6940.4499	2.15207E-14
6942.5312	2.1807E-14
6944.6126	2.19753E-14
6946.694	2.19824E-14
6948.7753	2.18281E-14
6950.8567	2.17748E-14
6952.938	2.16419E-14
6955.0194	2.14899E-14
6957.1008	2.14178E-14
6959.1821	2.18633E-14
6961.2635	2.22975E-14
6963.3449	2.24283E-14
6965.4262	2.21277E-14
6967.5076	2.1631E-14
6969.5889	2.15982E-14
6971.6703	2.17249E-14
6973.7517	2.18323E-14
6975.833	2.1679E-14
6977.9144	2.15268E-14
6979.9957	2.14349E-14
6982.0771	2.13827E-14
6984.1585	2.13503E-14
6986.2398	2.13966E-14
6988.3212	2.14826E-14
6990.4026	2.1549E-14
6992.4839	2.15164E-14
6994.5653	2.15432E-14
6996.6466	2.15701E-14
6998.728	2.1597E-14
7000.8094	2.1624E-14
7002.8907	2.17109E-14
7004.9721	2.18383E-14
7007.0535	2.18454E-14
7009.1348	2.16722E-14
7011.2162	2.13032E-14
7013.2975	2.10759E-14
7015.3789	2.10053E-14
7017.4603	2.10898E-14
7019.5416	2.12723E-14
7021.623	2.13775E-14
7023.7044	2.13451E-14
7025.7857	2.12149E-14
7027.8671	2.095E-14
7029.9484	2.08031E-14
7032.0298	2.06952E-14
7034.1112	2.06069E-14
7036.1925	2.04624E-14
7038.2739	2.05258E-14
7040.3553	2.08373E-14
7042.4366	2.11147E-14
7044.518	2.12388E-14
7046.5993	2.11482E-14
7048.6807	2.11551E-14
7050.7621	2.12207E-14
7052.8434	2.12668E-14
7054.9248	2.11177E-14
7057.0061	2.10276E-14
7059.0875	2.08994E-14
7061.1689	2.06956E-14
7063.2502	2.03621E-14
7065.3316	2.02193E-14
7067.413	2.02447E-14
7069.4943	2.03449E-14
7071.5757	2.04456E-14
7073.657	2.04335E-14
7075.7384	2.04969E-14
7077.8198	2.06173E-14
7079.9011	2.07959E-14
7081.9825	2.09953E-14
7084.0639	2.11771E-14
7086.1452	2.13016E-14
7088.2266	2.12695E-14
7090.3079	2.08882E-14
7092.3893	2.05327E-14
7094.4707	2.037E-14
7096.552	2.04332E-14
7098.6334	2.06102E-14
7100.7148	2.07696E-14
7102.7961	2.09495E-14
7104.8775	2.10726E-14
7106.9588	2.10797E-14
7109.0402	2.09127E-14
7111.1216	2.0747E-14
7113.2029	2.06016E-14
7115.2843	2.0495E-14
7117.3657	2.05207E-14
7119.447	2.05844E-14
7121.5284	2.06293E-14
7123.6097	2.06173E-14
7125.6911	2.06432E-14
7127.7725	2.06122E-14
7129.8538	2.04678E-14
7131.9352	2.01752E-14
7134.0166	2.00707E-14
7136.0979	2.0282E-14
7138.1793	2.04577E-14
7140.2606	2.04835E-14
7142.342	2.02279E-14
7144.4234	1.99204E-14
7146.5047	1.97444E-14
7148.5861	1.97693E-14
7150.6674	1.99774E-14
7152.7488	2.00764E-14
7154.8302	2.00462E-14
7156.9115	1.98875E-14
7158.9929	1.95132E-14
7161.0743	1.90228E-14
7163.1556	1.8682E-14
7165.237	1.84999E-14
7167.3183	1.84552E-14
7169.3997	1.83766E-14
7171.4811	1.81641E-14
7173.5624	1.7921E-14
7175.6438	1.77464E-14
7177.7252	1.76059E-14
7179.8065	1.74023E-14
7181.8879	1.72169E-14
7183.9692	1.71121E-14
7186.0506	1.72922E-14
7188.132	1.76197E-14
7190.2133	1.77889E-14
7192.2947	1.77295E-14
7194.3761	1.746E-14
7196.4574	1.73378E-14
7198.5388	1.74078E-14
7200.6201	1.75911E-14
7202.7015	1.77927E-14
7204.7829	1.77333E-14
7206.8642	1.76742E-14
7208.9456	1.77292E-14
7211.027	1.79654E-14
7213.1083	1.81881E-14
7215.1897	1.83458E-14
7217.271	1.84029E-14
7219.3524	1.83753E-14
7221.4338	1.82972E-14
7223.5151	1.82194E-14
7225.5965	1.82257E-14
7227.6778	1.83499E-14
7229.7592	1.8407E-14
7231.8406	1.79943E-14
7233.9219	1.76394E-14
7236.0033	1.7516E-14
7238.0847	1.77168E-14
7240.166	1.79199E-14
7242.2474	1.79591E-14
7244.3287	1.79985E-14
7246.4101	1.82216E-14
7248.4915	1.84815E-14
7250.5728	1.87106E-14
7252.6542	1.89425E-14
7254.7356	1.91244E-14
7256.8169	1.85926E-14
7258.8983	1.81088E-14
7260.9796	1.7883E-14
7263.061	1.80216E-14
7265.1424	1.84647E-14
7267.2237	1.86937E-14
7269.3051	1.87002E-14
7271.3865	1.84841E-14
7273.4678	1.81865E-14
7275.5492	1.8026E-14
7277.6305	1.80656E-14
7279.7119	1.82223E-14
7281.7933	1.83297E-14
7283.8746	1.83361E-14
7285.956	1.83425E-14
7288.0374	1.83658E-14
7290.1187	1.83892E-14
7292.2001	1.82942E-14
7294.2814	1.82334E-14
7296.3628	1.8223E-14
7298.4442	1.8263E-14
7300.5255	1.82694E-14
7302.6069	1.82589E-14
7304.6883	1.83159E-14
7306.7696	1.84239E-14
7308.851	1.85666E-14
7310.9323	1.86246E-14
7313.0137	1.86827E-14
7315.0951	1.87582E-14
7317.1764	1.86614E-14
7319.2578	1.83949E-14
7321.3391	1.82159E-14
7323.4205	1.82055E-14
7325.5019	1.84483E-14
7327.5832	1.84378E-14
7329.6646	1.84104E-14
7331.746	1.84679E-14
7333.8273	1.87142E-14
7335.9087	1.89288E-14
7337.99	1.90054E-14
7340.0714	1.89597E-14
7342.1528	1.87752E-14
7344.2341	1.86956E-14
7346.3155	1.88405E-14
7348.3969	1.89167E-14
7350.4782	1.88192E-14
7352.5596	1.86189E-14
7354.6409	1.85913E-14
7356.7223	1.85807E-14
7358.8037	1.84509E-14
7360.885	1.81039E-14
7362.9664	1.76818E-14
7365.0478	1.73972E-14
7367.1291	1.72757E-14
7369.2105	1.73137E-14
7371.2918	1.73838E-14
7373.3732	1.7422E-14
7375.4546	1.74765E-14
7377.5359	1.7612E-14
7379.6173	1.78305E-14
7381.6987	1.80517E-14
7383.78	1.82253E-14
7385.8614	1.82822E-14
7387.9427	1.8188E-14
7390.0241	1.80776E-14
7392.1055	1.80674E-14
7394.1868	1.82075E-14
7396.2682	1.8604E-14
7398.3496	1.88002E-14
7400.4309	1.86861E-14
7402.5123	1.83009E-14
7404.5936	1.79734E-14
7406.675	1.79137E-14
7408.7564	1.79036E-14
7410.8377	1.78771E-14
7412.9191	1.78014E-14
7415.0004	1.77259E-14
7417.0818	1.76671E-14
7419.1632	1.76409E-14
7421.2445	1.75986E-14
7423.3259	1.73634E-14
7425.4073	1.71787E-14
7427.4886	1.71217E-14
7429.57	1.72387E-14
7431.6513	1.75979E-14
7433.7327	1.79315E-14
7435.8141	1.82379E-14
7437.8954	1.85324E-14
7439.9768	1.86762E-14
7442.0582	1.85287E-14
7444.1395	1.81469E-14
7446.2209	1.76425E-14
7448.3022	1.7263E-14
7450.3836	1.74291E-14
7452.465	1.78909E-14
7454.5463	1.83649E-14
7456.6277	1.84734E-14
7458.7091	1.81428E-14
7460.7904	1.80161E-14
7462.8718	1.81226E-14
7464.9531	1.83983E-14
7467.0345	1.85411E-14
7469.1159	1.84967E-14
7471.1972	1.82327E-14
7473.2786	1.77914E-14
7475.36	1.77487E-14
7477.4413	1.80188E-14
7479.5227	1.83098E-14
7481.604	1.8486E-14
7483.6854	1.8357E-14
7485.7668	1.83637E-14
7487.8481	1.8286E-14
7489.9295	1.80416E-14
7492.0108	1.76537E-14
7494.0922	1.7466E-14
7496.1736	1.74081E-14
7498.2549	1.74145E-14
7500.3363	1.73408E-14
7502.4177	1.73153E-14
7504.499	1.74497E-14
7506.5804	1.75044E-14
7508.6617	1.72071E-14
7510.7431	1.68992E-14
7512.8245	1.67813E-14
7514.9058	1.68494E-14
7516.9872	1.70586E-14
7519.0686	1.70806E-14
7521.1499	1.66826E-14
7523.2313	1.63088E-14
7525.3126	1.61801E-14
7527.394	1.65937E-14
7529.4754	1.68928E-14
7531.5567	1.68369E-14
7533.6381	1.65357E-14
7535.7195	1.64355E-14
7537.8008	1.66396E-14
7539.8822	1.67843E-14
7541.9635	1.68214E-14
7544.0449	1.6658E-14
7546.1263	1.64204E-14
7548.2076	1.62759E-14
7550.289	1.62519E-14
7552.3704	1.63782E-14
7554.4517	1.62939E-14
7556.5331	1.64356E-14
7558.6144	1.6732E-14
7560.6958	1.71123E-14
7562.7772	1.7277E-14
7564.8585	1.72516E-14
7566.9399	1.71946E-14
7569.0213	1.71535E-14
7571.1026	1.70182E-14
7573.184	1.67446E-14
7575.2653	1.65058E-14
7577.3467	1.63605E-14
7579.4281	1.64573E-14
7581.5094	1.64331E-14
7583.5908	1.62735E-14
7585.6721	1.58651E-14
7587.7535	1.50593E-14
7589.8349	1.37015E-14
7591.9162	1.22273E-14
7593.9976	1.07619E-14
7596.079	9.42872E-15
7598.1603	7.89614E-15
7600.2417	6.69849E-15
7602.323	5.92842E-15
7604.4044	5.586E-15
7606.4858	5.68674E-15
7608.5671	6.17484E-15
7610.6485	6.97571E-15
7612.7299	8.05658E-15
7614.8112	9.25366E-15
7616.8926	1.00943E-14
7618.9739	1.05157E-14
7621.0553	1.04906E-14
7623.1367	1.00778E-14
7625.218	9.61894E-15
7627.2994	9.26595E-15
7629.3808	9.01681E-15
7631.4621	8.84741E-15
7633.5435	8.81007E-15
7635.6248	8.92776E-15
7637.7062	9.22371E-15
7639.7876	9.71559E-15
7641.8689	1.03189E-14
7643.9503	1.07299E-14
7646.0317	1.10347E-14
7648.113	1.13064E-14
7650.1944	1.17784E-14
7652.2757	1.22589E-14
7654.3571	1.27003E-14
7656.4385	1.31093E-14
7658.5198	1.35438E-14
7660.6012	1.37122E-14
7662.6825	1.36669E-14
7664.7639	1.35592E-14
7666.8453	1.38038E-14
7668.9266	1.41567E-14
7671.008	1.43856E-14
7673.0894	1.45644E-14
7675.1707	1.47726E-14
7677.2521	1.50529E-14
7679.3334	1.5142E-14
7681.4148	1.50782E-14
7683.4962	1.49319E-14
7685.5775	1.50619E-14
7687.6589	1.52913E-14
7689.7403	1.55528E-14
7691.8216	1.57751E-14
7693.903	1.59565E-14
7695.9843	1.60068E-14
7698.0657	1.59687E-14
7700.1471	1.59013E-14
7702.2284	1.6025E-14
7704.3098	1.63141E-14
7706.3912	1.64259E-14
7708.4725	1.62067E-14
7710.5539	1.55547E-14
7712.6352	1.51924E-14
7714.7166	1.51144E-14
7716.798	1.5218E-14
7718.8793	1.54072E-14
7720.9607	1.59474E-14
7723.0421	1.63552E-14
7725.1234	1.6528E-14
7727.2048	1.63827E-14
7729.2861	1.60307E-14
7731.3675	1.57732E-14
7733.4489	1.55341E-14
7735.5302	1.52845E-14
7737.6116	1.49011E-14
7739.693	1.46212E-14
7741.7743	1.46538E-14
7743.8557	1.50009E-14
7745.937	1.53562E-14
7748.0184	1.55758E-14
7750.0998	1.56826E-14
7752.1811	1.56886E-14
7754.2625	1.56657E-14
7756.3438	1.57296E-14
7758.4252	1.56778E-14
7760.5066	1.56405E-14
7762.5879	1.57913E-14
7764.6693	1.61059E-14
7766.7507	1.59644E-14
7768.832	1.5521E-14
7770.9134	1.49654E-14
7772.9947	1.50958E-14
7775.0761	1.53258E-14
7777.1575	1.54166E-14
7779.2388	1.52812E-14
7781.3202	1.50912E-14
7783.4016	1.50693E-14
7785.4829	1.51029E-14
7787.5643	1.51087E-14
7789.6456	1.50451E-14
7791.727	1.49267E-14
7793.8084	1.48502E-14
7795.8897	1.48286E-14
7797.9711	1.4807E-14
7800.0525	1.4704E-14
7802.1338	1.48595E-14
7804.2152	1.50582E-14
7806.2965	1.50225E-14
7808.3779	1.46862E-14
7810.4593	1.45841E-14
7812.5406	1.46571E-14
7814.622	1.48667E-14
7816.7034	1.51909E-14
7818.7847	1.55938E-14
7820.8661	1.57008E-14
7822.9474	1.53918E-14
7825.0288	1.48682E-14
7827.1102	1.4984E-14
7829.1915	1.50313E-14
7831.2729	1.48309E-14
7833.3542	1.45257E-14
7835.4356	1.44779E-14
7837.517	1.47121E-14
7839.5983	1.50884E-14
7841.6797	1.53466E-14
7843.7611	1.49342E-14
7845.8424	1.45195E-14
7847.9238	1.41554E-14
7850.0051	1.38897E-14
7852.0865	1.37297E-14
7854.1679	1.39133E-14
7856.2492	1.42299E-14
7858.3306	1.45001E-14
7860.412	1.48437E-14
7862.4933	1.50007E-14
7864.5747	1.49652E-14
7866.656	1.47792E-14
7868.7374	1.46225E-14
7870.8188	1.46282E-14
7872.9001	1.4661E-14
7874.9815	1.45993E-14
7877.0629	1.43121E-14
7879.1442	1.44103E-14
7881.2256	1.46975E-14
7883.3069	1.49491E-14
7885.3883	1.4777E-14
7887.4697	1.43007E-14
7889.551	1.40193E-14
7891.6324	1.3999E-14
7893.7138	1.43044E-14
7895.7951	1.43232E-14
7897.8765	1.42368E-14
7899.9578	1.42555E-14
7902.0392	1.45262E-14
7904.1206	1.45052E-14
7906.2019	1.47671E-14
7908.2833	1.52569E-14
7910.3647	1.58649E-14
7912.446	1.62259E-14
7914.5274	1.60687E-14
7916.6087	1.57817E-14
7918.6901	1.54855E-14
7920.7715	1.52229E-14
7922.8528	1.50199E-14
7924.9342	1.50675E-14
7927.0155	1.52269E-14
7929.0969	1.5163E-14
7931.1783	1.49884E-14
7933.2596	1.49806E-14
7935.341	1.5028E-14
7937.4224	1.49649E-14
7939.5037	1.48335E-14
7941.5851	1.48531E-14
7943.6664	1.48727E-14
7945.7478	1.47694E-14
7947.8292	1.45725E-14
7949.9105	1.39736E-14
7951.9919	1.32642E-14
7954.0733	1.26605E-14
7956.1546	1.27946E-14
7958.236	1.31582E-14
7960.3173	1.34577E-14
7962.3987	1.35751E-14
7964.4801	1.33081E-14
7966.5614	1.32645E-14
7968.6428	1.35289E-14
7970.7242	1.39007E-14
7972.8055	1.40478E-14
7974.8869	1.41313E-14
7976.9682	1.42678E-14
7979.0496	1.42735E-14
7981.131	1.39541E-14
7983.2123	1.39726E-14
7985.2937	1.44095E-14
7987.3751	1.49701E-14
7989.4564	1.53814E-14
7991.5378	1.52325E-14
7993.6191	1.4728E-14
7995.7005	1.42534E-14
7997.7819	1.39345E-14
7999.8632	1.36479E-14
8001.9446	1.34537E-14
8004.026	1.32256E-14
8006.1073	1.30855E-14
8008.1887	1.34451E-14
8010.27	1.35749E-14
8012.3514	1.33202E-14
8014.4328	1.28436E-14
8016.5141	1.24297E-14
8018.5955	1.26659E-14
8020.6768	1.32315E-14
8022.7582	1.38352E-14
8024.8396	1.4098E-14
8026.9209	1.38591E-14
8029.0023	1.36996E-14
8031.0837	1.35545E-14
8033.165	1.33616E-14
8035.2464	1.32201E-14
8037.3277	1.33355E-14
8039.4091	1.34271E-14
8041.4905	1.33708E-14
8043.5718	1.30959E-14
8045.6532	1.32834E-14
8047.7346	1.37115E-14
8049.8159	1.41273E-14
8051.8973	1.39777E-14
8053.9786	1.3354E-14
8056.06	1.32491E-14
8058.1414	1.36761E-14
8060.2227	1.4459E-14
8062.3041	1.42008E-14
8064.3855	1.38067E-14
8066.4668	1.34358E-14
8068.5482	1.31595E-14
8070.6295	1.25724E-14
8072.7109	1.22685E-14
8074.7923	1.23188E-14
8076.8736	1.27041E-14
8078.955	1.27915E-14
8081.0364	1.26327E-14
8083.1177	1.25567E-14
8085.1991	1.26897E-14
8087.2804	1.30025E-14
8089.3618	1.30198E-14
8091.4432	1.29294E-14
8093.5245	1.2899E-14
8095.6059	1.31805E-14
8097.6872	1.32102E-14
8099.7686	1.32278E-14
8101.85	1.32575E-14
8103.9313	1.32996E-14
8106.0127	1.26829E-14
8108.0941	1.23195E-14
8110.1754	1.23019E-14
8112.2568	1.2675E-14
8114.3381	1.28093E-14
8116.4195	1.27205E-14
8118.5009	1.25164E-14
8120.5822	1.23156E-14
8122.6636	1.22867E-14
8124.745	1.20341E-14
8126.8263	1.1841E-14
8128.9077	1.18677E-14
8130.989	1.23295E-14
8133.0704	1.27974E-14
8135.1518	1.29449E-14
8137.2331	1.27608E-14
8139.3145	1.24296E-14
8141.3959	1.22302E-14
8143.4772	1.19677E-14
8145.5586	1.15502E-14
8147.6399	1.09237E-14
8149.7213	1.07881E-14
8151.8027	1.10847E-14
8153.884	1.1516E-14
8155.9654	1.17891E-14
8158.0468	1.18593E-14
8160.1281	1.18097E-14
8162.2095	1.15669E-14
8164.2908	1.11634E-14
8166.3722	1.10249E-14
8168.4536	1.09686E-14
8170.5349	1.08825E-14
8172.6163	1.08071E-14
8174.6977	1.1094E-14
8176.779	1.16538E-14
8178.8604	1.19082E-14
8180.9417	1.17713E-14
8183.0231	1.14764E-14
8185.1045	1.14705E-14
8187.1858	1.13805E-14
8189.2672	1.11774E-14
8191.3485	1.08273E-14
8193.4299	1.06047E-14
8195.5113	1.03581E-14
8197.5926	1.00152E-14
8199.674	9.55957E-15
8201.7554	9.85866E-15
8203.8367	1.06267E-14
8205.9181	1.14651E-14
8207.9994	1.20769E-14
8210.0808	1.25008E-14
8212.1622	1.26916E-14
8214.2435	1.26269E-14
8216.3249	1.23219E-14
8218.4063	1.1969E-14
8220.4876	1.16798E-14
8222.569	1.15989E-14
8224.6503	1.16037E-14
8226.7317	1.12922E-14
8228.8131	1.05915E-14
8230.8944	1.01283E-14
8232.9758	1.00489E-14
8235.0572	1.04978E-14
8237.1385	1.10174E-14
8239.2199	1.1165E-14
8241.3012	1.10063E-14
8243.3826	1.06911E-14
8245.464	1.09144E-14
8247.5453	1.09997E-14
8249.6267	1.0974E-14
8251.7081	1.0908E-14
8253.7894	1.11873E-14
8255.8708	1.12643E-14
8257.9521	1.13315E-14
8260.0335	1.15045E-14
8262.1149	1.19743E-14
8264.1962	1.18367E-14
8266.2776	1.134E-14
8268.3589	1.06364E-14
8270.4403	9.94888E-15
8272.5217	9.74442E-15
8274.603	1.00216E-14
8276.6844	1.04693E-14
8278.7658	1.05901E-14
8280.8471	1.05556E-14
8282.9285	1.07266E-14
8285.0098	1.08404E-14
8287.0912	1.06863E-14
8289.1726	1.06809E-14
8291.2539	1.09949E-14
8293.3353	1.14967E-14
8295.4167	1.20103E-14
8297.498	1.19272E-14
8299.5794	1.12491E-14
8301.6607	1.0797E-14
8303.7421	1.07123E-14
8305.8235	1.06971E-14
8307.9048	1.09509E-14
8309.9862	1.14086E-14
8312.0676	1.19403E-14
8314.1489	1.21898E-14
8316.2303	1.1646E-14
8318.3116	1.09436E-14
8320.393	1.03692E-14
8322.4744	1.01936E-14
8324.5557	1.04547E-14
8326.6371	1.0488E-14
8328.7185	1.01502E-14
8330.7998	9.39849E-15
8332.8812	8.56725E-15
8334.9625	8.48446E-15
8337.0439	8.55869E-15
8339.1253	8.49162E-15
8341.2066	8.31714E-15
8343.288	9.02313E-15
8345.3694	1.01564E-14
8347.4507	1.13795E-14
8349.5321	1.17357E-14
8351.6134	1.13787E-14
8353.6948	1.08811E-14
8355.7762	1.03195E-14
8357.8575	9.66144E-15
8359.9389	1.05883E-14
8362.0202	1.15295E-14
8364.1016	1.20668E-14
8366.183	1.18516E-14
8368.2643	1.12088E-14
8370.3457	1.03406E-14
8372.4271	9.53957E-15
8374.5084	9.03052E-15
8376.5898	8.85314E-15
8378.6711	9.16392E-15
8380.7525	1.08509E-14
