4539.03078	  91.08325
4540.36891	  94.43229
4541.70703	  95.35450
4543.04516	  93.06164
4544.38328	  90.86144
4545.72141	  86.16880
4547.05953	  92.18009
4548.39765	  85.83686
4549.73578	  90.31502
4551.07390	  87.07215
4552.41203	  87.49411
4553.75015	  88.81670
4555.08828	  86.14635
4556.42640	  88.03403
4557.76453	  94.20493
4559.10265	  82.54347
4560.44077	  91.11608
4561.77890	  84.84075
4563.11702	  82.89501
4564.45515	  88.60316
4565.79327	  85.11621
4567.13140	  85.05247
4568.46952	  86.69096
4569.80765	  88.06974
4571.14577	  86.20020
4572.48390	  90.77370
4573.82202	  84.39314
4575.16014	  93.42336
4576.49827	  88.82843
4577.83639	  89.68509
4579.17452	  89.19056
4580.51264	  92.37189
4581.85077	  90.28583
4583.18889	  86.05100
4584.52702	  88.04005
4585.86514	  83.16872
4587.20327	  89.66071
4588.54139	  82.40602
4589.87951	  88.18397
4591.21764	  85.28808
4592.55576	  86.98822
4593.89389	  87.56591
4595.23201	  91.74201
4596.57014	  86.80405
4597.90826	  84.09979
4599.24639	  94.00796
4600.58451	  92.89388
4601.92263	  92.49850
4603.26076	  90.39051
4604.59888	  94.69071
4605.93701	  85.91995
4607.27513	  92.52439
4608.61326	  91.57972
4609.95138	  91.05737
4611.28951	  92.88388
4612.62763	  95.51457
4613.96576	  91.60245
4615.30388	  91.31749
4616.64200	  84.39890
4617.98013	  88.90119
4619.31825	  90.25853
4620.65638	  92.18193
4621.99450	  94.96281
4623.33263	  93.18766
4624.67075	  89.27368
4626.00888	  94.22136
4627.34700	  93.18660
4628.68513	  98.12100
4630.02325	  89.75148
4631.36137	  99.57979
4632.69950	  94.49310
4634.03762	  95.24155
4635.37575	  92.71051
4636.71387	  93.86618
4638.05200	  91.45225
4639.39012	  94.06449
4640.72825	  89.81372
4642.06637	  91.38996
4643.40449	  93.88084
4644.74262	  93.21889
4646.08074	  93.52010
4647.41887	  94.34047
4648.75699	  91.48631
4650.09512	  92.16289
4651.43324	  93.07337
4652.77137	  88.84017
4654.10949	  97.31491
4655.44762	  91.59268
4656.78574	 103.93550
4658.12386	 103.56398
4659.46199	 100.13785
4660.80011	  98.92072
4662.13824	 101.76108
4663.47636	  92.72123
4664.81449	  91.17943
4666.15261	  92.15280
4667.49074	  94.80956
4668.82886	  97.89851
4670.16699	  98.15768
4671.50511	  94.30792
4672.84323	  98.51614
4674.18136	  96.11556
4675.51948	  93.51142
4676.85761	  96.51408
4678.19573	  93.66238
4679.53386	  95.28888
4680.87198	  99.19789
4682.21011	  99.68739
4683.54823	  98.01003
4684.88635	 102.16299
4686.22448	 104.77029
4687.56260	  98.08927
4688.90073	  99.79475
4690.23885	  99.79142
4691.57698	 102.36398
4692.91510	 101.48372
4694.25323	 101.40937
4695.59135	 101.58846
4696.92948	 102.88823
4698.26760	 100.84570
4699.60572	 103.34706
4700.94385	  94.68088
4702.28197	  97.05546
4703.62010	  91.52924
4704.95822	  99.87308
4706.29635	  93.06617
4707.63447	  97.87645
4708.97260	 100.82295
4710.31072	  90.95702
4711.64884	  94.76481
4712.98697	  95.54657
4714.32509	  93.85274
4715.66322	  89.11910
4717.00134	  94.81551
4718.33947	  95.56063
4719.67759	  92.54112
4721.01572	  88.69911
4722.35384	  90.64522
4723.69197	  89.50717
4725.03009	  92.82569
4726.36821	  89.08864
4727.70634	  96.53772
4729.04446	  96.66695
4730.38259	  91.55300
4731.72071	  96.62662
4733.05884	  93.64552
4734.39696	  91.44326
4735.73509	  90.99499
4737.07321	  90.86087
4738.41134	  87.85011
4739.74946	  86.10130
4741.08758	  95.10956
4742.42571	  87.45494
4743.76383	  93.73055
4745.10196	  90.05296
4746.44008	  93.89838
4747.77821	  90.78849
4749.11633	  92.65215
4750.45446	  91.26528
4751.79258	  92.58868
4753.13070	  86.76161
4754.46883	  94.25393
4755.80695	  94.94545
4757.14508	  95.45983
4758.48320	  92.19567
4759.82133	  98.45694
4761.15945	  93.05303
4762.49758	  91.55967
4763.83570	  93.11434
4765.17383	  89.51002
4766.51195	  87.99917
4767.85007	  94.01185
4769.18820	  95.74332
4770.52632	  84.06687
4771.86445	  84.32385
4773.20257	  89.12158
4774.54070	  84.61247
4775.87882	  86.18971
4777.21695	  87.07859
4778.55507	  91.97334
4779.89320	  90.02169
4781.23132	  83.23564
4782.56944	  90.81985
4783.90757	  87.81646
4785.24569	  88.96393
4786.58382	  90.18376
4787.92194	  87.37617
4789.26007	  92.23135
4790.59819	  89.99036
4791.93632	  91.34601
4793.27444	  90.15703
4794.61256	  90.64165
4795.95069	  87.39218
4797.28881	  92.36206
4798.62694	  99.13076
4799.96506	  95.02373
4801.30319	  93.88752
4802.64131	  93.04597
4803.97944	  92.66669
4805.31756	  89.00706
4806.65569	  92.84639
4807.99381	  85.75133
4809.33193	  95.07856
4810.67006	  95.39997
4812.00818	  94.33810
4813.34631	  92.85028
4814.68443	  95.83049
4816.02256	 101.35229
4817.36068	  95.18740
4818.69881	  92.13750
4820.03693	  93.31911
4821.37506	  94.78272
4822.71318	  95.89078
4824.05130	  92.69697
4825.38943	  91.56417
4826.72755	  92.26198
4828.06568	  98.19187
4829.40380	  89.55355
4830.74193	  94.28162
4832.08005	  93.27849
4833.41818	  88.78841
4834.75630	  90.79874
4836.09442	  93.56263
4837.43255	  92.85905
4838.77067	  94.46204
4840.10880	  89.61970
4841.44692	  94.63466
4842.78505	  93.03149
4844.12317	  90.74004
4845.46130	  92.53940
4846.79942	  93.29530
4848.13755	  94.50478
4849.47567	  94.47686
4850.81379	  93.78022
4852.15192	  93.28658
4853.49004	  96.79224
4854.82817	 100.62616
4856.16629	 101.70411
4857.50442	  93.58948
4858.84254	  96.53311
4860.18067	  91.33708
4861.51879	  87.12729
4862.85692	  93.93746
4864.19504	  91.66785
4865.53316	  96.05998
4866.87129	  97.96718
4868.20941	  99.49495
4869.54754	  94.10131
4870.88566	  99.89492
4872.22379	  94.19542
4873.56191	  89.63029
4874.90004	  97.65236
4876.23816	  96.38500
4877.57628	  99.19196
4878.91441	  99.65086
4880.25253	  93.96183
4881.59066	  99.37289
4882.92878	  94.16886
4884.26691	  97.72399
4885.60503	  95.35332
4886.94316	  98.98685
4888.28128	  99.17754
4889.61941	  99.39907
4890.95753	  96.38822
4892.29565	  93.85638
4893.63378	  97.82153
4894.97190	  90.96688
4896.31003	  95.52937
4897.64815	  86.60313
4898.98628	  90.96379
4900.32440	  91.62394
4901.66253	  95.23854
4903.00065	  98.17472
4904.33877	  94.32131
4905.67690	  91.14572
4907.01502	  96.17215
4908.35315	 101.68547
4909.69127	  95.31908
4911.02940	  97.33109
4912.36752	  97.54802
4913.70565	  94.89294
4915.04377	  98.32336
4916.38190	 102.49532
4917.72002	 103.20391
4919.05814	 100.00991
4920.39627	 102.46518
4921.73439	  95.59552
4923.07252	  95.48187
4924.41064	  93.28598
4925.74877	  96.79687
4927.08689	  94.15034
4928.42502	  91.20386
4929.76314	  99.77691
4931.10127	  96.10850
4932.43939	  94.44208
4933.77751	  95.95349
4935.11564	  96.04727
4936.45376	  96.25974
4937.79189	  99.87386
4939.13001	  96.97393
4940.46814	  97.15252
4941.80626	  95.75733
4943.14439	  97.99460
4944.48251	  97.78330
4945.82063	  96.80764
4947.15876	  96.38895
4948.49688	  99.96391
4949.83501	  96.36243
4951.17313	  99.43331
4952.51126	  99.00629
4953.84938	  96.06784
4955.18751	  99.13731
4956.52563	  93.67483
4957.86376	 100.93546
4959.20188	  98.27948
4960.54000	  91.63272
4961.87813	  95.79865
4963.21625	  93.61581
4964.55438	  99.85678
4965.89250	  97.87069
4967.23063	  96.90229
4968.56875	  95.19962
4969.90688	  94.60467
4971.24500	  96.29257
4972.58313	  92.86346
4973.92125	  98.62602
4975.25937	  98.24877
4976.59750	  97.86613
4977.93562	  97.06765
4979.27375	 100.30227
4980.61187	  98.24068
4981.95000	 100.64978
4983.28812	 100.50984
4984.62625	  94.78743
4985.96437	  91.38289
4987.30249	  94.46179
4988.64062	  92.49269
4989.97874	  94.66719
4991.31687	  94.16550
4992.65499	  93.12395
4993.99312	  97.40023
4995.33124	  95.95090
4996.66937	  96.35871
4998.00749	  97.02142
4999.34562	  95.37793
5000.68374	  98.25251
5002.02186	  95.49900
5003.35999	  97.36065
5004.69811	  97.40862
5006.03624	  91.71881
5007.37436	  93.47931
5008.71249	  93.61502
5010.05061	  94.70610
5011.38874	  95.39104
5012.72686	  97.86726
5014.06499	  97.43522
5015.40311	  96.33496
5016.74123	  97.40174
5018.07936	  96.07614
5019.41748	 100.19128
5020.75561	  95.92751
5022.09373	  95.52014
5023.43186	  94.40770
5024.76998	  96.22528
5026.10811	  94.85322
5027.44623	  92.48755
5028.78435	  96.73146
5030.12248	  91.05544
5031.46060	  94.36728
5032.79873	  95.41918
5034.13685	  95.19750
5035.47498	  94.96096
5036.81310	  87.87538
5038.15123	  88.18497
5039.48935	  94.24532
5040.82748	  90.82494
5042.16560	  94.53472
5043.50372	  94.05511
5044.84185	  85.83466
5046.17997	  92.42346
5047.51810	  91.83954
5048.85622	  90.73504
5050.19435	  92.15203
5051.53247	  89.62650
5052.87060	  86.84234
5054.20872	  93.46106
5055.54684	  87.52257
5056.88497	  83.81090
5058.22309	  83.55860
5059.56122	  79.09304
5060.89934	  76.58796
5062.23747	  75.96707
5063.57559	  76.77725
5064.91372	  88.90516
5066.25184	  87.66179
5067.58997	  95.66953
5068.92809	  91.10253
5070.26621	  83.70019
5071.60434	  89.02347
5072.94246	  81.26364
5074.28059	  84.36350
5075.61871	  83.48042
5076.95684	  77.81487
5078.29496	  82.89945
5079.63309	  86.24190
5080.97121	  90.46160
5082.30934	  89.78508
5083.64746	  96.24355
5084.98558	  94.46021
5086.32371	  98.76170
5087.66183	  92.07121
5088.99996	  93.22580
5090.33808	  91.03285
5091.67621	  94.99102
5093.01433	  87.53984
5094.35246	  96.48393
5095.69058	  96.57341
5097.02870	  94.72276
5098.36683	  96.53461
5099.70495	  97.56147
5101.04308	  94.00428
5102.38120	 100.02780
5103.71933	  96.83734
5105.05745	 104.07055
5106.39558	 101.05942
5107.73370	 102.61071
5109.07183	 107.25756
5110.40995	  93.86885
5111.74807	 100.67833
5113.08620	 102.36293
5114.42432	  98.09390
5115.76245	  96.51604
5117.10057	 104.48749
5118.43870	 100.03868
5119.77682	 101.87427
5121.11495	 101.43961
5122.45307	 104.66732
5123.79120	 101.05562
5125.12932	  98.82764
5126.46744	  94.89194
5127.80557	  93.92536
5129.14369	  98.39288
5130.48182	  94.46444
5131.81994	  93.12815
5133.15807	  99.39686
5134.49619	 102.68593
5135.83432	 104.48967
5137.17244	 104.87875
5138.51056	 103.89212
5139.84869	 102.43561
5141.18681	 102.52875
5142.52494	 100.88147
5143.86306	  98.43444
5145.20119	  99.69184
5146.53931	  96.96449
5147.87744	  98.82045
5149.21556	 108.74406
5150.55369	  97.14442
5151.89181	 105.06789
5153.22993	 101.38155
5154.56806	 107.69734
5155.90618	 107.37216
5157.24431	 103.55614
5158.58243	 106.00484
5159.92056	 106.57416
5161.25868	 108.99234
5162.59681	 104.54250
5163.93493	 108.87638
5165.27306	 108.82964
5166.61118	 106.89192
5167.94930	 115.88027
5169.28743	 118.47969
5170.62555	 120.89319
5171.96368	 115.47186
5173.30180	 109.97493
5174.63993	 106.08080
5175.97805	 105.29208
5177.31618	  99.24796
5178.65430	 101.46826
5179.99242	 102.51969
5181.33055	 103.64813
5182.66867	  97.61119
5184.00680	 100.73984
5185.34492	 102.93884
5186.68305	 103.98567
5188.02117	 104.73776
5189.35930	  97.55758
5190.69742	  97.79161
5192.03555	  98.94460
5193.37367	  92.50706
5194.71179	  92.35605
5196.04992	  98.56360
5197.38804	  97.55250
5198.72617	  97.32780
5200.06429	  99.05031
5201.40242	 103.27457
5202.74054	 102.03545
5204.07867	  98.30620
5205.41679	  99.56151
5206.75492	  96.14593
5208.09304	 105.82236
5209.43116	  96.56515
5210.76929	 101.40196
5212.10741	 101.05276
5213.44554	 101.91317
5214.78366	 104.37826
5216.12179	 110.44053
5217.45991	 123.66100
5218.79804	 147.16584
5220.13616	 162.55610
5221.47428	 162.75943
5222.81241	 137.33435
5224.15053	 114.84004
5225.48866	 105.39089
5226.82678	 102.54418
5228.16491	  97.44251
5229.50303	 100.62776
5230.84116	  95.59972
5232.17928	  94.52201
5233.51741	  98.96903
5234.85553	  99.87728
5236.19365	  94.71905
5237.53178	 101.33244
5238.86990	 102.67859
5240.20803	  97.67434
5241.54615	  96.97349
5242.88428	 101.71420
5244.22240	 104.12377
5245.56053	 104.41321
5246.89865	 100.98546
5248.23677	  97.15751
5249.57490	 100.54272
5250.91302	  98.00705
5252.25115	  97.91699
5253.58927	  96.32921
5254.92740	  98.62575
5256.26552	  91.64759
5257.60365	  99.19788
5258.94177	  98.71337
5260.27990	  99.91754
5261.61802	 101.69377
5262.95614	  97.59787
5264.29427	 100.48420
5265.63239	 101.60289
5266.97052	 102.64417
5268.30864	 100.76403
5269.64677	 101.10636
5270.98489	 104.85405
5272.32302	 103.68395
5273.66114	 106.28629
5274.99927	 103.33471
5276.33739	 106.34355
5277.67551	 104.51715
5279.01364	 105.11547
5280.35176	 101.67712
5281.68989	 106.71262
5283.02801	 104.51901
5284.36614	 105.62824
5285.70426	 106.55452
5287.04239	 101.27140
5288.38051	  99.73184
5289.71863	 104.48398
5291.05676	 107.53395
5292.39488	 103.08215
5293.73301	 103.59211
5295.07113	 101.02517
5296.40926	 100.12197
5297.74738	 101.06769
5299.08551	 105.25208
5300.42363	 105.52286
5301.76176	 104.02321
5303.09988	 103.65477
5304.43800	 107.60408
5305.77613	 106.09644
5307.11425	 107.97531
5308.45238	 113.20745
5309.79050	 108.42387
5311.12863	 107.87623
5312.46675	 106.80695
5313.80488	 102.22278
5315.14300	 107.90927
5316.48113	 106.83641
5317.81925	 104.23171
5319.15737	 105.38660
5320.49550	 105.00291
5321.83362	 101.55365
5323.17175	 103.18916
5324.50987	 106.37488
5325.84800	 105.64366
5327.18612	 106.78919
5328.52425	 103.39682
5329.86237	 107.37362
5331.20049	 107.39373
5332.53862	 111.90045
5333.87674	 107.42526
5335.21487	 114.66417
5336.55299	 111.69611
5337.89112	 105.04067
5339.22924	 105.86697
5340.56737	  99.61372
5341.90549	 108.57558
5343.24362	 101.20317
5344.58174	 102.43967
5345.91986	 102.84473
5347.25799	 102.47346
5348.59611	 104.98387
5349.93424	 111.58434
5351.27236	 106.79968
5352.61049	 105.79301
5353.94861	 110.61900
5355.28674	 107.42293
5356.62486	 102.37689
5357.96299	 103.99163
5359.30111	 103.27345
5360.63923	 105.37787
5361.97736	 104.02190
5363.31548	 103.51051
5364.65361	 107.42952
5365.99173	 101.08549
5367.32986	 107.38814
5368.66798	 105.88486
5370.00611	 104.00681
5371.34423	 105.66033
5372.68235	 104.67816
5374.02048	 103.97064
5375.35860	 106.18027
5376.69673	 108.55875
5378.03485	 110.32060
5379.37298	 108.74354
5380.71110	 107.09679
5382.04923	 106.97734
5383.38735	 103.26790
5384.72548	 102.46867
5386.06360	  94.05178
5387.40172	  98.38397
5388.73985	  96.44268
5390.07797	  90.57950
5391.41610	  89.04913
5392.75422	  97.45275
5394.09235	  96.55687
5395.43047	 100.82585
5396.76860	 102.47654
5398.10672	 106.56327
5399.44484	 104.57118
5400.78297	  99.64192
5402.12109	 102.83072
5403.45922	 101.34073
5404.79734	  95.11931
5406.13547	 100.03328
5407.47359	 100.53554
5408.81172	 102.68260
5410.14984	 103.68281
5411.48797	 105.13537
5412.82609	 101.83844
5414.16421	 106.61758
5415.50234	 105.24833
5416.84046	 105.72245
5418.17859	 111.29384
5419.51671	 115.54575
5420.85484	 115.69628
5422.19296	 116.61567
5423.53109	 114.90616
5424.86921	 117.87728
5426.20734	 113.00610
5427.54546	 107.89584
5428.88358	 108.72824
5430.22171	 107.48397
5431.55983	 104.53640
5432.89796	 104.00976
5434.23608	 111.27351
5435.57421	 112.15071
5436.91233	 115.06567
5438.25046	 114.74804
5439.58858	 116.08973
5440.92670	 112.88568
5442.26483	 117.13304
5443.60295	 113.95004
5444.94108	 117.37085
5446.27920	 116.29096
5447.61733	 113.08673
5448.95545	 115.29473
5450.29358	 106.92481
5451.63170	 110.97736
5452.96983	 112.18824
5454.30795	 110.96794
5455.64607	 115.82360
5456.98420	 112.84355
5458.32232	 114.67079
5459.66045	 111.88674
5460.99857	 118.88535
5462.33670	 124.94238
5463.67482	 120.01887
5465.01295	 121.77883
5466.35107	 126.66410
5467.68920	 119.46455
5469.02732	 120.95323
5470.36544	 117.75106
5471.70357	 118.16749
5473.04169	 119.93101
5474.37982	 114.92287
5475.71794	 120.00580
5477.05607	 113.94986
5478.39419	 117.66750
5479.73232	 128.78550
5481.07044	 123.83986
5482.40856	 124.08830
5483.74669	 121.95504
5485.08481	 121.70332
5486.42294	 119.61413
5487.76106	 116.82709
5489.09919	 112.85033
5490.43731	 118.09105
5491.77544	 116.95829
5493.11356	 113.44483
5494.45169	 113.22172
5495.78981	 116.86345
5497.12793	 123.14331
5498.46606	 124.69391
5499.80418	 126.63633
5501.14231	 122.25261
5502.48043	 133.29801
5503.81856	 135.37142
5505.15668	 131.20095
5506.49481	 128.85588
5507.83293	 133.06190
5509.17106	 136.21554
5510.50918	 134.05831
5511.84730	 136.40472
5513.18543	 134.04074
5514.52355	 136.94276
5515.86168	 140.78772
5517.19980	 143.55682
5518.53793	 141.89169
5519.87605	 144.14032
5521.21418	 138.74041
5522.55230	 139.63022
5523.89042	 136.28837
5525.22855	 138.14800
5526.56667	 138.11614
5527.90480	 136.86047
5529.24292	 136.49828
5530.58105	 138.28247
5531.91917	 139.96042
5533.25730	 137.93416
5534.59542	 143.53668
5535.93355	 141.90498
5537.27167	 145.31482
5538.60979	 139.05387
5539.94792	 148.24700
5541.28604	 143.46616
5542.62417	 141.60315
5543.96229	 138.39138
5545.30042	 135.90096
5546.63854	 137.12890
5547.97667	 140.07181
5549.31479	 140.74008
5550.65292	 135.17574
5551.99104	 134.53242
5553.32916	 130.21735
5554.66729	 132.10683
5556.00541	 129.72852
5557.34354	 134.85056
5558.68166	 133.16628
5560.01979	 137.83566
5561.35791	 141.33333
5562.69604	 139.64651
5564.03416	 142.00688
5565.37228	 136.85272
5566.71041	 140.04609
5568.04853	 143.32199
5569.38666	 139.05508
5570.72478	 141.39468
5572.06291	 134.03738
5573.40103	 141.66515
5574.73916	 134.27712
5576.07728	 137.58297
5577.41541	 136.46342
5578.75353	 135.38171
5580.09165	 137.66817
5581.42978	 170.10679
5582.76790	 232.61435
5584.10603	 221.22705
5585.44415	 102.45427
5586.78228	  98.21807
5588.12040	 138.68060
5589.45853	 138.95189
5590.79665	 134.15547
5592.13477	 137.09282
5593.47290	 135.37385
5594.81102	 136.13041
5596.14915	 132.51311
5597.48727	 131.12466
5598.82540	 134.26121
5600.16352	 135.91842
5601.50165	 131.02924
5602.83977	 135.82099
5604.17790	 135.69230
5605.51602	 142.38567
5606.85414	 137.99239
5608.19227	 139.75415
5609.53039	 135.45485
5610.86852	 133.27622
5612.20664	 138.35788
5613.54477	 133.52272
5614.88289	 139.34111
5616.22102	 129.03381
5617.55914	 128.77384
5618.89727	 135.73021
5620.23539	 132.11473
5621.57351	 134.60777
5622.91164	 135.45987
5624.24976	 127.39913
5625.58789	 130.88326
5626.92601	 128.61533
5628.26414	 135.02117
5629.60226	 131.79239
5630.94039	 132.95557
5632.27851	 129.15926
5633.61663	 131.18966
5634.95476	 132.45599
5636.29288	 126.94799
5637.63101	 131.24391
5638.96913	 129.14259
5640.30726	 131.14779
5641.64538	 127.02722
5642.98351	 129.92770
5644.32163	 129.51354
5645.65976	 131.74775
5646.99788	 134.01361
5648.33600	 130.69150
5649.67413	 133.60533
5651.01225	 135.12009
5652.35038	 135.83733
5653.68850	 131.22499
5655.02663	 136.21063
5656.36475	 123.22571
5657.70288	 131.73016
5659.04100	 134.69836
5660.37913	 132.85788
5661.71725	 133.24803
5663.05537	 128.99078
5664.39350	 123.39280
5665.73162	 133.44480
5667.06975	 123.47082
5668.40787	 134.53964
5669.74600	 124.69571
5671.08412	 135.26378
5672.42225	 133.26561
5673.76037	 136.80990
5675.09849	 138.77826
5676.43662	 140.04434
5677.77474	 133.66160
5679.11287	 135.04147
5680.45099	 132.39915
5681.78912	 129.54041
5683.12724	 124.57626
5684.46537	 133.49364
5685.80349	 135.53251
5687.14162	 127.81268
5688.47974	 131.03515
5689.81786	 130.69624
5691.15599	 132.00768
5692.49411	 128.89081
5693.83224	 127.83583
5695.17036	 131.68190
5696.50849	 131.70491
5697.84661	 132.53235
5699.18474	 127.20153
5700.52286	 132.25765
5701.86099	 136.40742
5703.19911	 137.94353
5704.53723	 130.00019
5705.87536	 129.31794
5707.21348	 134.27949
5708.55161	 132.41701
5709.88973	 129.98677
5711.22786	 131.77986
5712.56598	 127.48519
5713.90411	 124.74554
5715.24223	 132.27336
5716.58035	 126.59457
5717.91848	 126.48962
5719.25660	 131.22418
5720.59473	 130.84522
5721.93285	 133.39372
5723.27098	 128.97261
5724.60910	 134.46145
5725.94723	 127.69597
5727.28535	 130.78014
5728.62348	 133.46736
5729.96160	 132.43271
5731.29972	 128.79716
5732.63785	 129.97060
5733.97597	 130.96517
5735.31410	 129.57868
5736.65222	 133.34471
5737.99035	 130.13769
5739.32847	 130.05402
5740.66660	 132.22295
5742.00472	 134.26755
5743.34284	 125.45546
5744.68097	 129.80012
5746.01909	 127.65475
5747.35722	 127.70792
5748.69534	 129.39079
5750.03347	 129.30543
5751.37159	 135.02997
5752.70972	 122.33906
5754.04784	 130.71844
5755.38597	 130.60445
5756.72409	 133.59853
5758.06221	 133.39333
5759.40034	 130.21388
5760.73846	 133.37280
5762.07659	 131.16157
5763.41471	 134.15946
5764.75284	 130.95814
5766.09096	 130.20013
5767.42909	 129.65106
5768.76721	 130.53767
5770.10534	 131.91423
5771.44346	 128.88998
5772.78158	 131.36936
5774.11971	 135.97943
5775.45783	 135.32558
5776.79596	 133.27507
5778.13408	 128.46669
5779.47221	 133.30177
5780.81033	 128.55930
5782.14846	 131.55241
5783.48658	 131.22348
5784.82470	 131.27970
5786.16283	 134.72807
5787.50095	 130.11651
5788.83908	 135.36147
5790.17720	 140.83374
5791.51533	 130.04531
5792.85345	 131.18021
5794.19158	 130.91191
5795.52970	 135.93132
5796.86783	 136.07344
5798.20595	 131.47805
5799.54407	 131.71446
5800.88220	 129.40249
5802.22032	 132.19024
5803.55845	 136.65126
5804.89657	 128.56627
5806.23470	 124.64664
5807.57282	 127.05885
5808.91095	 129.76489
5810.24907	 130.27535
5811.58720	 134.31398
5812.92532	 131.15178
5814.26344	 135.61418
5815.60157	 139.19675
5816.93969	 134.40563
5818.27782	 131.33547
5819.61594	 141.29986
5820.95407	 139.47674
5822.29219	 127.15625
5823.63032	 130.65523
5824.96844	 128.02756
5826.30656	 127.98890
5827.64469	 126.08497
5828.98281	 127.34669
5830.32094	 124.84010
5831.65906	 130.17114
5832.99719	 130.06993
5834.33531	 132.38302
5835.67344	 135.66999
5837.01156	 135.78713
5838.34969	 130.03792
5839.68781	 130.01258
5841.02593	 130.43996
5842.36406	 130.42909
5843.70218	 133.17650
5845.04031	 133.02853
5846.37843	 132.74833
5847.71656	 134.16717
5849.05468	 137.38907
5850.39281	 130.86558
5851.73093	 133.36122
5853.06906	 128.64148
5854.40718	 128.20621
5855.74530	 127.42567
5857.08343	 134.00596
5858.42155	 132.23076
5859.75968	 132.10237
5861.09780	 129.47999
5862.43593	 135.31664
5863.77405	 130.60566
5865.11218	 132.85697
5866.45030	 130.15520
5867.78842	 133.02476
5869.12655	 133.51026
5870.46467	 133.34529
5871.80280	 136.97269
5873.14092	 139.05600
5874.47905	 141.09159
5875.81717	 133.39370
5877.15530	 129.34669
5878.49342	 133.51079
5879.83155	 135.16809
5881.16967	 128.04539
5882.50779	 127.68067
5883.84592	 127.56471
5885.18404	 134.47657
5886.52217	 130.82460
5887.86029	 129.99312
5889.19842	 136.14716
5890.53654	 135.24983
5891.87467	 130.18090
5893.21279	 135.24506
5894.55092	 144.12730
5895.88904	 153.54347
5897.22716	 141.23329
5898.56529	 105.13429
5899.90341	 109.65034
5901.24154	 126.06061
5902.57966	 135.08608
5903.91779	 121.21521
5905.25591	 116.34353
5906.59404	 130.29307
5907.93216	 127.76417
5909.27028	 126.76557
5910.60841	 129.27517
5911.94653	 135.49794
5913.28466	 137.57665
5914.62278	 131.11490
5915.96091	 138.35199
5917.29903	 134.81220
5918.63716	 132.69341
5919.97528	 135.70688
5921.31341	 144.13036
5922.65153	 143.62923
5923.98965	 133.21571
5925.32778	 133.43083
5926.66590	 128.94218
5928.00403	 131.50023
5929.34215	 132.63649
5930.68028	 142.11975
5932.01840	 137.60576
5933.35653	 134.80365
5934.69465	 133.88611
5936.03277	 137.88914
5937.37090	 141.85250
5938.70902	 145.34085
5940.04715	 138.77110
5941.38527	 138.48112
5942.72340	 133.03369
5944.06152	 135.96282
5945.39965	 135.53691
5946.73777	 134.67996
5948.07590	 133.74154
5949.41402	 137.16304
5950.75214	 133.14923
5952.09027	 131.74278
5953.42839	 133.56176
5954.76652	 131.62114
5956.10464	 136.48017
5957.44277	 138.94952
5958.78089	 142.40435
5960.11902	 143.71377
5961.45714	 137.09093
5962.79527	 134.61254
5964.13339	 131.96021
5965.47151	 137.34198
5966.80964	 140.46277
5968.14776	 137.90170
5969.48589	 143.65789
5970.82401	 139.42592
5972.16214	 141.75007
5973.50026	 139.22176
5974.83839	 135.92666
5976.17651	 141.44946
5977.51463	 137.61632
5978.85276	 142.55131
5980.19088	 138.04473
5981.52901	 141.49716
5982.86713	 142.78244
5984.20526	 139.65790
5985.54338	 142.17841
5986.88151	 141.79516
5988.21963	 140.92017
5989.55776	 139.96910
5990.89588	 142.32946
5992.23400	 143.71065
5993.57213	 142.68455
5994.91025	 142.29564
5996.24838	 139.58586
5997.58650	 140.89991
5998.92463	 136.03546
6000.26275	 142.20836
6001.60088	 146.63185
6002.93900	 144.57236
6004.27713	 135.39301
6005.61525	 138.93049
6006.95337	 138.10785
6008.29150	 141.05797
6009.62962	 145.69733
6010.96775	 144.86705
6012.30587	 140.30026
6013.64400	 140.44698
6014.98212	 142.16397
6016.32025	 140.16583
6017.65837	 142.68173
6018.99649	 142.67236
6020.33462	 140.92434
6021.67274	 139.85695
6023.01087	 139.30824
6024.34899	 141.52815
6025.68712	 137.55104
6027.02524	 142.09179
6028.36337	 135.69188
6029.70149	 132.83949
6031.03962	 139.71248
6032.37774	 140.39837
6033.71586	 142.02859
6035.05399	 137.14892
6036.39211	 135.44323
6037.73024	 136.86371
6039.06836	 140.80384
6040.40649	 132.13851
6041.74461	 147.82726
6043.08274	 133.25539
6044.42086	 137.80901
6045.75899	 140.09780
6047.09711	 144.97841
6048.43523	 140.84616
6049.77336	 142.39687
6051.11148	 142.94746
6052.44961	 142.21310
6053.78773	 143.76295
6055.12586	 140.19475
6056.46398	 138.01473
6057.80211	 142.34232
6059.14023	 139.28792
6060.47835	 146.42077
6061.81648	 135.70252
6063.15460	 134.78764
6064.49273	 141.75796
6065.83085	 141.65171
6067.16898	 138.31429
6068.50710	 144.42028
6069.84523	 140.38860
6071.18335	 143.53812
6072.52148	 141.08434
6073.85960	 145.01452
6075.19772	 142.70084
6076.53585	 144.51145
6077.87397	 140.40654
6079.21210	 141.18091
6080.55022	 142.21100
6081.88835	 141.48782
6083.22647	 138.71727
6084.56460	 144.58451
6085.90272	 141.18416
6087.24084	 144.53730
6088.57897	 139.66157
6089.91709	 140.53889
6091.25522	 135.90090
6092.59334	 141.77833
6093.93147	 138.67354
6095.26959	 140.64959
6096.60772	 138.86332
6097.94584	 144.78255
6099.28397	 139.55669
6100.62209	 136.13149
6101.96021	 137.13930
6103.29834	 131.95103
6104.63646	 135.08929
6105.97459	 136.84073
6107.31271	 133.85979
6108.65084	 134.85923
6109.98896	 136.12274
6111.32709	 136.68199
6112.66521	 137.33083
6114.00334	 137.03879
6115.34146	 135.41203
6116.67958	 142.39747
6118.01771	 139.03490
6119.35583	 139.68805
6120.69396	 137.27885
6122.03208	 134.33946
6123.37021	 147.14636
6124.70833	 137.99657
6126.04646	 147.37892
6127.38458	 141.48204
6128.72270	 145.42153
6130.06083	 138.39666
6131.39895	 137.64793
6132.73708	 145.46089
6134.07520	 137.07626
6135.41333	 136.41887
6136.75145	 134.06540
6138.08958	 124.77727
6139.42770	 113.87900
6140.76583	 105.56464
6142.10395	  97.08566
6143.44207	 101.57919
6144.78020	 106.80911
6146.11832	 107.04769
6147.45645	 100.71834
6148.79457	  99.25007
6150.13270	 114.53578
6151.47082	 125.07455
6152.80895	 132.65545
6154.14707	 134.59456
6155.48520	 140.66951
6156.82332	 141.50901
6158.16144	 132.85462
6159.49957	 136.16743
6160.83769	 139.93380
6162.17582	 135.67147
6163.51394	 139.18332
6164.85207	 135.00988
6166.19019	 138.12176
6167.52832	 140.48378
6168.86644	 136.81578
6170.20456	 141.21875
6171.54269	 136.07803
6172.88081	 136.91965
6174.21894	 139.34745
6175.55706	 145.13495
6176.89519	 134.72091
6178.23331	 136.76769
6179.57144	 140.80400
6180.90956	 137.01958
6182.24769	 140.33472
6183.58581	 137.94079
6184.92393	 139.60270
6186.26206	 133.51832
6187.60018	 137.42071
6188.93831	 140.83428
6190.27643	 134.66528
6191.61456	 145.94572
6192.95268	 144.30015
6194.29081	 141.88074
6195.62893	 141.14231
6196.96706	 138.02885
6198.30518	 142.78224
6199.64330	 139.93732
6200.98143	 137.01017
6202.31955	 133.23463
6203.65768	 133.84436
6204.99580	 137.38946
6206.33393	 129.71129
6207.67205	 136.23083
6209.01018	 143.39004
6210.34830	 136.50567
6211.68642	 136.75162
6213.02455	 135.32170
6214.36267	 140.50917
6215.70080	 138.22558
6217.03892	 139.18602
6218.37705	 137.21442
6219.71517	 134.46149
6221.05330	 136.80077
6222.39142	 134.04868
6223.72955	 139.15444
6225.06767	 131.15653
6226.40579	 134.61865
6227.74392	 136.59134
6229.08204	 131.12495
6230.42017	 134.42961
6231.75829	 130.17284
6233.09642	 130.47427
6234.43454	 133.37184
6235.77267	 128.25396
6237.11079	 124.72620
6238.44892	 133.63770
6239.78704	 134.74331
6241.12516	 139.61899
6242.46329	 137.22039
6243.80141	 129.97598
6245.13954	 131.35656
6246.47766	 133.14813
6247.81579	 133.31159
6249.15391	 126.09010
6250.49204	 128.80861
6251.83016	 130.84618
6253.16828	 128.10209
6254.50641	 129.48695
6255.84453	 133.41241
6257.18266	 130.77954
6258.52078	 129.26804
6259.85891	 127.59407
6261.19703	 128.16327
6262.53516	 140.70567
6263.87328	 129.35496
6265.21141	 124.55490
6266.54953	 118.27311
6267.88765	 119.99167
6269.22578	 132.10026
6270.56390	 127.27959
6271.90203	 132.77216
6273.24015	 126.22657
6274.57828	 125.09106
6275.91640	 123.61727
6277.25453	 129.12818
6278.59265	 125.41195
6279.93077	 124.27555
6281.26890	 127.25951
6282.60702	 121.61352
6283.94515	 119.82885
6285.28327	 118.26678
6286.62140	 121.92151
6287.95952	 130.88659
6289.29765	 124.56378
6290.63577	 126.00640
6291.97390	 131.12558
6293.31202	 130.31270
6294.65014	 125.90738
6295.98827	 124.35545
6297.32639	 125.03658
6298.66452	 132.11844
6300.00264	 128.93874
6301.34077	 130.77791
6302.67889	 136.82588
6304.01702	 196.27962
6305.35514	 247.63106
6306.69327	 156.55714
6308.03139	  47.23617
6309.36951	  88.43137
6310.70764	 118.06138
6312.04576	 135.30737
6313.38389	 135.09727
6314.72201	 116.29229
6316.06014	 126.49551
6317.39826	 130.53464
6318.73639	 126.98557
6320.07451	 126.52694
6321.41263	 122.01623
6322.75076	 128.28698
6324.08888	 117.05870
6325.42701	 129.87529
6326.76513	 130.86639
6328.10326	 132.49556
6329.44138	 130.35489
6330.77951	 127.92393
6332.11763	 127.73894
6333.45576	 131.33728
6334.79388	 138.95647
6336.13200	 131.16921
6337.47013	 126.40043
6338.80825	 128.69544
6340.14638	 127.78658
6341.48450	 125.81564
6342.82263	 129.71158
6344.16075	 127.27962
6345.49888	 127.89254
6346.83700	 127.07507
6348.17513	 133.23293
6349.51325	 130.49162
6350.85137	 132.89778
6352.18950	 127.34375
6353.52762	 138.08341
6354.86575	 130.94356
6356.20387	 124.34343
6357.54200	 127.88425
6358.88012	 125.18340
6360.21825	 126.43335
6361.55637	 132.63107
6362.89449	 127.53641
6364.23262	 126.22766
6365.57074	 126.40574
6366.90887	 145.81518
6368.24699	 173.16860
6369.58512	 152.28614
6370.92324	 105.97907
6372.26137	 118.62955
6373.59949	 128.75682
6374.93762	 132.19797
6376.27574	 130.57077
6377.61386	 129.91512
6378.95199	 119.97691
6380.29011	 132.23666
6381.62824	 128.75240
6382.96636	 125.22703
6384.30449	 136.20588
6385.64261	 133.50900
6386.98074	 134.81374
6388.31886	 134.05790
6389.65699	 133.79923
6390.99511	 131.85278
6392.33323	 135.64626
6393.67136	 127.57125
6395.00948	 125.55677
6396.34761	 128.37041
6397.68573	 131.55988
6399.02386	 128.35323
6400.36198	 126.88437
6401.70011	 128.60315
6403.03823	 131.94715
6404.37635	 133.06791
6405.71448	 126.07465
6407.05260	 129.50889
6408.39073	 134.68876
6409.72885	 128.83527
6411.06698	 130.27534
6412.40510	 128.22281
6413.74323	 129.67024
6415.08135	 133.81169
6416.41948	 127.78613
6417.75760	 133.47126
6419.09572	 123.95615
6420.43385	 126.89872
6421.77197	 124.50688
6423.11010	 127.93927
6424.44822	 125.35917
6425.78635	 126.99205
6427.12447	 127.63618
6428.46260	 124.69155
6429.80072	 127.28486
6431.13884	 130.95080
6432.47697	 123.24804
6433.81509	 129.48361
6435.15322	 127.68206
6436.49134	 127.05825
6437.82947	 127.42589
6439.16759	 124.01460
6440.50572	 132.24162
6441.84384	 125.94871
6443.18197	 127.30233
6444.52009	 127.14057
6445.85821	 131.15334
6447.19634	 127.98217
6448.53446	 126.98999
6449.87259	 130.53016
6451.21071	 125.70297
6452.54884	 127.62720
6453.88696	 121.53266
6455.22509	 128.21340
6456.56321	 128.18791
6457.90134	 129.02136
6459.23946	 133.55088
6460.57758	 122.66110
6461.91571	 128.75247
6463.25383	 129.05647
6464.59196	 127.67319
6465.93008	 126.61961
6467.26821	 127.18945
6468.60633	 132.74407
6469.94446	 134.95528
6471.28258	 123.90350
6472.62070	 129.70895
6473.95883	 135.03731
6475.29695	 131.16626
6476.63508	 124.57319
6477.97320	 121.81096
6479.31133	 117.24820
6480.64945	 127.50013
6481.98758	 124.62763
6483.32570	 127.76972
6484.66383	 125.05147
6486.00195	 126.53643
6487.34007	 125.31400
6488.67820	 123.64731
6490.01632	 123.42582
6491.35445	 119.70676
6492.69257	 124.23258
6494.03070	 129.50184
6495.36882	 121.30549
6496.70695	 124.05427
6498.04507	 124.24426
6499.38320	 124.47612
6500.72132	 120.69235
6502.05944	 132.39780
6503.39757	 135.36593
6504.73569	 126.01633
6506.07382	 115.32239
6507.41194	 118.10783
6508.75007	 122.61134
6510.08819	 121.84493
6511.42632	 121.45177
6512.76444	 120.00998
6514.10256	 128.09509
6515.44069	 128.65947
6516.77881	 127.55783
6518.11694	 121.32843
6519.45506	 117.27741
6520.79319	 120.48926
6522.13131	 120.50285
6523.46944	 120.79415
6524.80756	 130.57943
6526.14569	 128.54259
6527.48381	 122.31305
6528.82193	 127.89124
6530.16006	 127.71884
6531.49818	 124.46699
6532.83631	 125.66823
6534.17443	 123.73016
6535.51256	 135.44242
6536.85068	 139.77199
6538.18881	 126.90194
6539.52693	 120.02678
6540.86506	 125.61233
6542.20318	 128.61103
6543.54130	 125.52882
6544.87943	 125.78593
6546.21755	 126.96524
6547.55568	 129.65707
6548.89380	 127.87078
6550.23193	 125.49782
6551.57005	 121.53023
6552.90818	 128.63403
6554.24630	 123.91154
6555.58442	 129.21816
6556.92255	 138.90357
6558.26067	 139.74473
6559.59880	 121.21469
6560.93692	 133.05111
6562.27505	 133.05395
6563.61317	 135.40172
6564.95130	 144.01066
6566.28942	 149.78572
6567.62755	 150.03805
6568.96567	 136.26855
6570.30379	 139.62497
6571.64192	 135.23889
6572.98004	 136.09977
6574.31817	 127.94174
6575.65629	 128.13544
6576.99442	 132.14416
6578.33254	 127.92977
6579.67067	 132.96978
6581.00879	 135.53732
6582.34692	 129.99462
6583.68504	 127.63018
6585.02316	 130.75388
6586.36129	 132.10231
6587.69941	 133.47487
6589.03754	 129.26551
6590.37566	 130.16681
6591.71379	 133.00976
6593.05191	 134.95767
6594.39004	 133.79765
6595.72816	 135.31184
6597.06628	 133.57776
6598.40441	 132.29724
6599.74253	 137.67091
6601.08066	 132.77160
6602.41878	 134.82937
6603.75691	 134.35841
6605.09503	 130.48713
6606.43316	 134.03244
6607.77128	 136.33532
6609.10941	 135.33032
6610.44753	 132.89006
6611.78565	 127.88243
6613.12378	 128.66235
6614.46190	 131.62028
6615.80003	 135.90055
6617.13815	 135.54003
6618.47628	 132.55312
6619.81440	 137.28493
6621.15253	 136.15686
6622.49065	 132.62165
6623.82877	 135.00563
6625.16690	 131.82900
6626.50502	 130.87981
6627.84315	 135.72568
6629.18127	 132.40758
6630.51940	 137.86065
6631.85752	 136.00206
6633.19565	 143.58208
6634.53377	 140.59391
6635.87190	 137.32414
6637.21002	 135.01446
6638.54814	 137.56480
6639.88627	 135.00395
6641.22439	 135.52159
6642.56252	 137.15430
6643.90064	 135.29010
6645.23877	 135.87524
6646.57689	 138.70722
6647.91502	 131.71886
6649.25314	 136.40751
6650.59127	 139.57885
6651.92939	 132.74237
6653.26751	 135.88273
6654.60564	 139.15856
6655.94376	 139.06115
6657.28189	 135.24161
6658.62001	 136.57808
6659.95814	 137.31011
6661.29626	 132.78165
6662.63439	 134.84842
6663.97251	 138.17960
6665.31063	 137.91876
6666.64876	 129.31416
6667.98688	 136.26794
6669.32501	 132.93248
6670.66313	 133.72744
6672.00126	 138.67451
6673.33938	 136.51724
6674.67751	 130.42667
6676.01563	 136.70627
6677.35376	 129.44958
6678.69188	 133.03980
6680.03000	 130.48204
6681.36813	 130.74670
6682.70625	 132.93614
6684.04438	 134.06718
6685.38250	 136.39186
6686.72063	 137.15207
6688.05875	 132.50373
6689.39688	 138.09837
6690.73500	 135.03677
6692.07313	 136.35082
6693.41125	 132.82398
6694.74937	 131.78457
6696.08750	 134.37349
6697.42562	 133.27359
6698.76375	 135.68185
6700.10187	 130.26914
6701.44000	 132.31331
6702.77812	 134.67870
6704.11625	 131.67605
6705.45437	 132.52904
6706.79249	 132.98825
6708.13062	 131.69206
6709.46874	 133.79431
6710.80687	 137.38753
6712.14499	 130.88712
6713.48312	 142.35018
6714.82124	 139.76494
6716.15937	 135.01367
6717.49749	 132.62876
6718.83562	 133.06144
6720.17374	 136.20436
6721.51186	 127.69704
6722.84999	 130.20783
6724.18811	 130.89652
6725.52624	 136.92720
6726.86436	 127.32006
6728.20249	 133.10869
6729.54061	 134.96431
6730.87874	 129.41162
6732.21686	 130.16759
6733.55499	 133.66529
6734.89311	 133.12037
6736.23123	 136.30520
6737.56936	 130.35658
6738.90748	 133.11412
6740.24561	 131.88209
6741.58373	 132.00612
6742.92186	 139.91934
6744.25998	 134.72963
6745.59811	 137.03835
6746.93623	 135.95718
6748.27435	 135.95921
6749.61248	 130.06606
6750.95060	 133.84307
6752.28873	 133.25560
6753.62685	 132.89521
6754.96498	 130.59354
6756.30310	 135.07387
6757.64123	 132.55564
6758.97935	 134.27908
6760.31748	 136.63734
6761.65560	 127.19558
6762.99372	 134.40391
6764.33185	 125.83607
6765.66997	 120.81745
6767.00810	 128.72173
6768.34622	 123.94179
6769.68435	 123.15721
6771.02247	 122.89577
6772.36060	 129.94948
6773.69872	 129.09242
6775.03684	 127.72308
6776.37497	 130.51362
6777.71309	 132.88703
6779.05122	 138.79863
6780.38934	 135.04487
6781.72747	 130.34249
6783.06559	 137.47175
6784.40372	 132.44191
6785.74184	 138.02637
6787.07997	 136.03381
6788.41809	 131.28144
6789.75621	 136.45275
6791.09434	 136.98457
6792.43246	 136.07046
6793.77059	 133.99107
6795.10871	 130.84857
6796.44684	 133.48807
6797.78496	 136.19831
6799.12309	 137.67324
6800.46121	 139.23966
6801.79934	 138.25907
6803.13746	 138.16549
6804.47558	 133.98010
6805.81371	 141.47164
6807.15183	 138.57643
6808.48996	 136.90776
6809.82808	 135.68289
6811.16621	 139.23540
6812.50433	 134.84762
6813.84246	 139.11707
6815.18058	 141.95878
6816.51870	 144.67903
6817.85683	 149.89606
6819.19495	 155.37581
6820.53308	 174.28429
6821.87120	 176.74832
6823.20933	 186.61161
6824.54745	 184.67885
6825.88558	 164.72118
6827.22370	 156.71022
6828.56183	 153.81290
6829.89995	 150.76021
6831.23807	 146.97759
6832.57620	 146.18647
6833.91432	 190.14841
6835.25245	 229.91538
6836.59057	 278.64498
6837.92870	 285.49447
6839.26682	 295.41858
6840.60495	 271.43723
6841.94307	 225.71042
6843.28120	 180.18733
6844.61932	 152.55111
6845.95744	 130.85170
6847.29557	 135.46413
6848.63369	 137.71592
6849.97182	 137.96862
6851.30994	 139.28193
6852.64807	 146.81376
6853.98619	 169.64416
6855.32432	 200.74054
6856.66244	 233.38691
6858.00056	 284.70105
6859.33869	 302.40438
6860.67681	 303.91972
6862.01494	 255.25306
6863.35306	 226.29895
6864.69119	 194.74232
6866.02931	 156.24318
6867.36744	 106.44487
6868.70556	 102.68671
6870.04369	 101.34585
6871.38181	  99.63101
6872.71993	 108.14761
6874.05806	 104.20357
6875.39618	 106.94276
6876.73431	 109.34108
6878.07243	 120.56715
6879.41056	 123.30799
6880.74868	 132.92951
6882.08681	 127.28422
6883.42493	 128.20874
6884.76306	 125.42859
6886.10118	 121.57975
6887.43930	 124.02560
6888.77743	 124.25208
6890.11555	 127.15857
6891.45368	 120.46762
6892.79180	 119.64035
6894.12993	 127.16910
6895.46805	 121.95144
6896.80618	 122.38786
6898.14430	 121.97069
6899.48242	 125.42233
6900.82055	 132.33621
6902.15867	 123.02675
6903.49680	 121.88312
6904.83492	 118.40101
6906.17305	 123.31401
6907.51117	 127.38055
6908.84930	 128.67029
6910.18742	 124.70573
6911.52555	 138.13051
6912.86367	 135.10732
6914.20179	 123.84116
6915.53992	 124.71088
6916.87804	 132.02443
6918.21617	 131.93889
6919.55429	 130.05885
6920.89242	 132.68613
6922.23054	 144.37183
6923.56867	 148.38091
6924.90679	 124.63498
6926.24491	 126.56616
6927.58304	 130.06383
6928.92116	 128.10553
6930.25929	 137.78434
6931.59741	 133.22558
6932.93554	 135.49073
6934.27366	 134.00269
6935.61179	 127.48433
6936.94991	 132.31742
6938.28804	 138.07962
6939.62616	 131.52429
6940.96428	 125.41306
6942.30241	 120.73597
6943.64053	 124.22354
6944.97866	 131.94845
6946.31678	 123.18826
6947.65491	 145.73548
6948.99303	 157.03628
6950.33116	 133.26849
6951.66928	 122.41858
6953.00741	 130.67203
6954.34553	 133.92188
6955.68365	 134.17527
6957.02178	 132.36423
6958.35990	 130.31518
6959.69803	 126.40557
6961.03615	 130.29125
6962.37428	 126.97956
6963.71240	 129.37383
6965.05053	 138.51168
6966.38865	 140.74780
6967.72677	 137.11100
6969.06490	 140.02183
6970.40302	 138.12041
6971.74115	 131.79499
6973.07927	 129.63372
6974.41740	 131.57057
6975.75552	 132.23657
6977.09365	 147.54855
6978.43177	 143.24375
6979.76990	 126.85625
6981.10802	 134.22525
6982.44614	 128.59060
6983.78427	 135.15864
6985.12239	 134.90665
6986.46052	 131.02247
6987.79864	 133.02570
6989.13677	 132.46160
6990.47489	 139.43162
6991.81302	 147.63300
6993.15114	 150.91295
6994.48927	 172.88323
6995.82739	 178.21417
6997.16551	 176.73308
6998.50364	 167.80633
6999.84176	 163.76203
7001.17989	 154.47080
7002.51801	 139.38933
7003.85614	 137.27063
7005.19426	 135.62811
7006.53239	 142.08765
7007.87051	 149.48462
7009.20863	 167.04504
7010.54676	 171.17276
7011.88488	 169.56508
7013.22301	 163.56442
7014.56113	 151.19861
7015.89926	 140.09468
7017.23738	 131.59805
7018.57551	 138.30261
7019.91363	 132.97078
7021.25176	 137.30197
7022.58988	 139.33154
7023.92800	 133.00916
7025.26613	 127.30441
7026.60425	 128.25717
7027.94238	 131.98293
7029.28050	 130.35220
7030.61863	 134.60942
7031.95675	 140.84984
7033.29488	 134.74098
7034.63300	 137.10341
7035.97113	 136.14347
7037.30925	 139.53653
7038.64737	 141.14973
7039.98550	 135.73191
7041.32362	 134.92636
7042.66175	 142.47033
7043.99987	 132.23296
7045.33800	 141.90304
7046.67612	 132.76123
7048.01425	 136.92151
7049.35237	 137.66763
7050.69049	 141.56390
7052.02862	 133.27195
7053.36674	 133.52944
7054.70487	 144.14883
7056.04299	 136.23833
7057.38112	 141.31971
7058.71924	 144.48290
7060.05737	 140.38854
7061.39549	 141.29827
7062.73362	 137.81668
7064.07174	 141.31364
7065.40986	 138.76843
7066.74799	 137.46054
7068.08611	 134.02565
7069.42424	 142.01007
7070.76236	 130.67345
7072.10049	 139.17827
7073.43861	 134.71664
7074.77674	 131.97841
7076.11486	 130.34409
7077.45299	 138.85456
7078.79111	 131.71358
7080.12923	 140.62375
7081.46736	 139.15032
7082.80548	 132.95380
7084.14361	 140.69083
7085.48173	 141.22588
7086.81986	 139.15379
7088.15798	 135.64217
7089.49611	 134.51587
7090.83423	 138.92891
7092.17235	 139.63625
7093.51048	 140.83926
7094.84860	 139.05315
7096.18673	 141.61096
7097.52485	 138.54011
7098.86298	 143.41728
7100.20110	 136.22929
7101.53923	 137.54877
7102.87735	 141.13333
7104.21548	 139.31581
7105.55360	 133.59346
7106.89172	 140.22024
7108.22985	 137.09705
7109.56797	 139.68373
7110.90610	 137.59650
7112.24422	 140.00290
7113.58235	 137.76779
7114.92047	 133.80478
7116.25860	 134.15214
7117.59672	 133.70506
7118.93484	 140.86165
7120.27297	 133.95756
7121.61109	 133.04308
7122.94922	 131.87496
7124.28734	 130.25656
7125.62547	 133.66572
7126.96359	 132.48777
7128.30172	 131.48140
7129.63984	 141.32227
7130.97797	 140.25763
7132.31609	 137.76172
7133.65421	 133.08281
7134.99234	 133.15914
7136.33046	 130.76342
7137.66859	 133.80032
7139.00671	 133.97218
7140.34484	 130.96934
7141.68296	 129.80395
7143.02109	 130.37727
7144.35921	 131.31345
7145.69734	 131.96537
7147.03546	 130.64921
7148.37358	 133.30821
7149.71171	 131.56840
7151.04983	 135.63185
7152.38796	 136.21390
7153.72608	 139.92884
7155.06421	 125.26560
7156.40233	 137.13428
7157.74046	 132.64848
7159.07858	 131.48430
7160.41670	 129.26782
7161.75483	 130.79628
7163.09295	 129.76426
7164.43108	 130.27523
7165.76920	 125.81525
7167.10733	 123.83323
7168.44545	 122.94629
7169.78358	 119.02299
7171.12170	 123.31675
7172.45983	 121.91682
7173.79795	 122.37755
7175.13607	 117.91212
7176.47420	 126.14293
7177.81232	 122.52125
7179.15045	 127.32347
7180.48857	 121.48911
7181.82670	 111.62181
7183.16482	 109.54411
7184.50295	 114.18126
7185.84107	 124.01092
7187.17920	 121.95561
7188.51732	 117.57518
7189.85544	 121.91960
7191.19357	 127.03949
7192.53169	 122.52306
7193.86982	 124.95796
7195.20794	 129.58282
7196.54607	 124.32528
7197.88419	 116.79086
7199.22232	 121.13471
7200.56044	 121.21278
7201.89856	 121.57053
7203.23669	 117.90145
7204.57481	 130.00725
7205.91294	 126.03371
7207.25106	 129.23055
7208.58919	 140.52882
7209.92731	 130.11553
7211.26544	 137.98872
7212.60356	 131.52736
7213.94169	 131.57185
7215.27981	 131.12051
7216.61793	 133.09960
7217.95606	 141.31287
7219.29418	 124.85863
7220.63231	 128.40204
7221.97043	 136.86135
7223.30856	 128.41156
7224.64668	 125.91305
7225.98481	 131.45863
7227.32293	 130.14456
7228.66106	 124.09557
7229.99918	 117.14464
7231.33730	 118.66241
7232.67543	 123.72747
7234.01355	 143.77011
7235.35168	 152.95278
7236.68980	 142.06656
7238.02793	 113.41573
7239.36605	 106.71542
7240.70418	 148.94573
7242.04230	 129.44842
7243.38042	 101.73138
7244.71855	 119.86382
7246.05667	 126.69560
7247.39480	 123.61444
7248.73292	 131.32028
7250.07105	 123.81166
7251.40917	 129.08824
7252.74730	 124.21326
7254.08542	 123.73397
7255.42355	 123.28628
7256.76167	 131.59188
7258.09979	 125.34347
7259.43792	 127.20625
7260.77604	 118.37713
7262.11417	 119.64857
7263.45229	 126.70474
7264.79042	 130.41298
7266.12854	 126.68561
7267.46667	 126.04326
7268.80479	 124.20667
7270.14291	 139.36366
