7270.14291	16416.95508
7268.80479	16137.73730
7267.46667	16385.86914
7266.12854	15563.04199
7264.79042	14780.92090
7263.45229	15601.82617
7262.11417	15985.00488
7260.77604	16046.05762
7259.43792	16844.16406
7258.09979	17042.12891
7256.76167	17024.58789
7255.42355	17037.82422
7254.08542	16156.25098
7252.74730	15682.19141
7251.40917	16502.21484
7250.07105	16555.12695
7248.73292	16828.75977
7247.39480	17198.01953
7246.05667	16805.04297
7244.71855	16970.67969
7243.38042	16998.58398
7242.04230	15940.46289
7240.70418	15726.18164
7239.36605	16546.38672
7238.02793	17349.76172
7236.68980	17007.78906
7235.35168	16921.22852
7234.01355	16573.11719
7232.67543	16280.66504
7231.33730	16312.75879
7229.99918	16485.35938
7228.66106	16245.08398
7227.32293	16897.81055
7225.98481	17079.15430
7224.64668	16371.65430
7223.30856	15830.68848
7221.97043	15988.48438
7220.63231	16739.63477
7219.29418	17690.52344
7217.95606	18097.57031
7216.61793	17937.07031
7215.27981	18150.61914
7213.94169	18198.17969
7212.60356	18115.99805
7211.26544	18298.13086
7209.92731	18673.49023
7208.58919	18569.44531
7207.25106	18276.24219
7205.91294	18319.85742
7204.57481	18449.02539
7203.23669	18695.39258
7201.89856	18792.14648
7200.56044	18562.84570
7199.22232	18212.92773
7197.88419	17835.89648
7196.54607	17608.58203
7195.20794	17115.51953
7193.86982	16552.75977
7192.53169	17033.81055
7191.19357	16884.14453
7189.85544	16304.19824
7188.51732	16718.73047
7187.17920	17129.11328
7185.84107	17383.66602
7184.50295	17301.24609
7183.16482	16739.62891
7181.82670	16358.26953
7180.48857	16567.74219
7179.15045	17852.54883
7177.81232	17501.59961
7176.47420	16211.34766
7175.13607	15682.87305
7173.79795	16583.45312
7172.45983	17815.45117
7171.12170	17799.00195
7169.78358	17822.49414
7168.44545	18060.99414
7167.10733	17100.34961
7165.76920	17207.08008
7164.43108	17798.38477
7163.09295	17513.02734
7161.75483	17726.39844
7160.41670	18180.25195
7159.07858	18404.68164
7157.74046	18407.34766
7156.40233	18711.04883
7155.06421	19266.04883
7153.72608	19518.34961
7152.38796	19604.30078
7151.04983	19789.58984
7149.71171	20029.61328
7148.37358	19920.92969
7147.03546	19876.11914
7145.69734	20090.85938
7144.35921	19944.69727
7143.02109	20054.23438
7141.68296	20162.26367
7140.34484	20003.10938
7139.00671	20079.07812
7137.66859	19979.05664
7136.33046	20338.03125
7134.99234	20393.76562
7133.65421	20266.76953
7132.31609	20451.51953
7130.97797	20296.80664
7129.63984	20626.25195
7128.30172	20441.47070
7126.96359	20472.12891
7125.62547	20590.42578
7124.28734	20718.32227
7122.94922	20581.93555
7121.61109	20607.58789
7120.27297	20803.11328
7118.93484	20654.90234
7117.59672	20657.45703
7116.25860	20711.74414
7114.92047	20987.46094
7113.58235	20939.54688
7112.24422	20811.18359
7110.90610	20864.19336
7109.56797	20974.51367
7108.22985	20845.51367
7106.89172	21105.18750
7105.55360	20900.27930
7104.21548	21082.78320
7102.87735	21030.68555
7101.53923	21058.46484
7100.20110	21017.05078
7098.86298	21109.09766
7097.52485	20987.64453
7096.18673	21172.65039
7094.84860	21206.15039
7093.51048	21409.01367
7092.17235	21295.20508
7090.83423	21172.03125
7089.49611	21258.94727
7088.15798	21330.45508
7086.81986	21060.39844
7085.48173	21538.80859
7084.14361	21165.26172
7082.80548	21202.00391
7081.46736	21531.32227
7080.12923	21306.73438
7078.79111	21254.79688
7077.45299	21471.22852
7076.11486	21515.52148
7074.77674	21508.63086
7073.43861	21417.75977
7072.10049	21634.42578
7070.76236	21499.24023
7069.42424	21274.02539
7068.08611	21444.43164
7066.74799	21617.74805
7065.40986	21660.88281
7064.07174	21711.76172
7062.73362	21762.00391
7061.39549	21498.96875
7060.05737	21609.28711
7058.71924	21383.10352
7057.38112	20837.52539
7056.04299	20824.77734
7054.70487	21162.75000
7053.36674	21638.25000
7052.02862	21969.00781
7050.69049	21889.95703
7049.35237	21972.40430
7048.01425	21839.53516
7046.67612	21935.22852
7045.33800	22240.01172
7043.99987	21633.49414
7042.66175	21868.52539
7041.32362	22000.66211
7039.98550	22062.48242
7038.64737	22298.30469
7037.30925	22118.21875
7035.97113	22519.13672
7034.63300	22136.62500
7033.29488	22281.75391
7031.95675	22225.27344
7030.61863	22035.76367
7029.28050	21926.44531
7027.94238	22255.89258
7026.60425	22566.35938
7025.26613	22278.68164
7023.92800	22325.96875
7022.58988	22726.66602
7021.25176	22355.75195
7019.91363	22483.92188
7018.57551	21789.14062
7017.23738	22049.22852
7015.89926	22453.00000
7014.56113	22312.96094
7013.22301	22574.08984
7011.88488	22556.52148
7010.54676	22657.48633
7009.20863	22289.76562
7007.87051	22239.91602
7006.53239	22589.62891
7005.19426	22835.96094
7003.85614	22814.06836
7002.51801	22562.49414
7001.17989	22869.80078
6999.84176	23007.99609
6998.50364	22856.23633
6997.16551	22274.99023
6995.82739	22603.94727
6994.48927	22687.22461
6993.15114	23077.43164
6991.81302	23044.70898
6990.47489	22666.00195
6989.13677	22928.10938
6987.79864	23131.04492
6986.46052	22994.41406
6985.12239	22731.77930
6983.78427	22894.27734
6982.44614	22765.47656
6981.10802	22900.61133
6979.76990	23052.41016
6978.43177	23026.88477
6977.09365	23308.18555
6975.75552	23578.02930
6974.41740	23661.48633
6973.07927	23547.34180
6971.74115	23889.06836
6970.40302	23723.78906
6969.06490	23798.21484
6967.72677	23750.59961
6966.38865	24013.23828
6965.05053	24038.82812
6963.71240	23707.69922
6962.37428	23830.19336
6961.03615	23962.13477
6959.69803	24068.93750
6958.35990	23960.45703
6957.02178	23981.11914
6955.68365	23921.98438
6954.34553	23597.37891
6953.00741	23404.86523
6951.66928	23098.49219
6950.33116	23570.31641
6948.99303	23281.76562
6947.65491	23478.15039
6946.31678	23543.19727
6944.97866	23875.28320
6943.64053	23930.03906
6942.30241	23640.26953
6940.96428	23427.97266
6939.62616	23386.31055
6938.28804	23778.51562
6936.94991	24016.58789
6935.61179	23583.21875
6934.27366	23214.97656
6932.93554	23131.30664
6931.59741	23093.73242
6930.25929	23616.68750
6928.92116	24082.48242
6927.58304	24235.45117
6926.24491	23582.84375
6924.90679	23988.36914
6923.56867	23724.06445
6922.23054	23427.92383
6920.89242	23565.00195
6919.55429	24255.82812
6918.21617	24169.76953
6916.87804	23829.08398
6915.53992	23764.46680
6914.20179	24365.65820
6912.86367	24324.04297
6911.52555	23533.42578
6910.18742	23815.42773
6908.84930	24389.74219
6907.51117	24063.19336
6906.17305	22948.48633
6904.83492	23758.82031
6903.49680	23883.31641
6902.15867	23378.47852
6900.82055	23046.53320
6899.48242	23888.66602
6898.14430	23179.65430
6896.80618	22824.24219
6895.46805	23331.64844
6894.12993	23113.60156
6892.79180	22591.60156
6891.45368	22876.55078
6890.11555	22511.42188
6888.77743	22052.55078
6887.43930	22735.51367
6886.10118	22069.69531
6884.76306	21937.95117
6883.42493	22433.65039
6882.08681	21558.93555
6880.74868	22416.18750
6879.41056	22349.21094
6878.07243	22734.71094
6876.73431	23772.48242
6875.39618	24537.91406
6874.05806	24599.21680
6872.71993	23381.26172
6871.38181	21958.33008
6870.04369	21154.50195
6868.70556	20175.45312
6867.36744	19338.35156
6866.02931	18553.34375
6864.69119	17700.37305
6863.35306	17270.28906
6862.01494	17107.16406
6860.67681	19162.60352
6859.33869	22694.13672
6858.00056	25433.33594
6856.66244	26399.75195
6855.32432	26171.65234
6853.98619	26511.46875
6852.64807	26541.09180
6851.30994	26694.88477
6849.97182	26452.36328
6848.63369	26678.31445
6847.29557	26874.94141
6845.95744	26735.06641
6844.61932	26812.01562
6843.28120	26670.68359
6841.94307	26881.76367
6840.60495	26927.29102
6839.26682	26781.27734
6837.92870	26971.47266
6836.59057	26752.15039
6835.25245	27123.52148
6833.91432	26824.03906
6832.57620	26934.83789
6831.23807	26861.20703
6829.89995	27100.63477
6828.56183	27223.13867
6827.22370	27251.88672
6825.88558	27461.22461
6824.54745	27297.71484
6823.20933	27185.67578
6821.87120	27442.86133
6820.53308	27096.76367
6819.19495	27246.20703
6817.85683	27358.91602
6816.51870	27252.83398
6815.18058	27399.63867
6813.84246	27454.60742
6812.50433	27525.74023
6811.16621	27465.33984
6809.82808	27540.25586
6808.48996	27600.71875
6807.15183	27827.16992
6805.81371	27542.33008
6804.47558	27641.94531
6803.13746	27588.08203
6801.79934	27882.00195
6800.46121	27993.29102
6799.12309	27599.37891
6797.78496	27955.50586
6796.44684	27780.97852
6795.10871	27804.79297
6793.77059	27781.89648
6792.43246	27864.63086
6791.09434	28069.06250
6789.75621	27742.42773
6788.41809	27916.48828
6787.07997	28057.25586
6785.74184	28046.93945
6784.40372	28140.61328
6783.06559	28000.36523
6781.72747	28365.79297
6780.38934	27927.98047
6779.05122	28161.29883
6777.71309	28211.19531
6776.37497	28241.57617
6775.03684	28269.33398
6773.69872	28264.29688
6772.36060	28449.12305
6771.02247	28404.07227
6769.68435	28284.08008
6768.34622	28418.33398
6767.00810	28418.39258
6765.66997	28449.14648
6764.33185	28690.69141
6762.99372	28778.60938
6761.65560	28398.64453
6760.31748	28726.53320
6758.97935	28818.43555
6757.64123	28597.83789
6756.30310	28717.96875
6754.96498	28756.66797
6753.62685	28868.94531
6752.28873	28848.36914
6750.95060	28986.08984
6749.61248	28895.82227
6748.27435	28920.85547
6746.93623	28864.05664
6745.59811	28796.31445
6744.25998	29246.60742
6742.92186	29103.05273
6741.58373	29038.33398
6740.24561	29148.91211
6738.90748	29385.92383
6737.56936	29015.23633
6736.23123	29317.66797
6734.89311	29147.33984
6733.55499	29419.30664
6732.21686	29248.99609
6730.87874	29236.54102
6729.54061	29570.59570
6728.20249	29335.47461
6726.86436	29614.11523
6725.52624	29486.21680
6724.18811	29280.99414
6722.84999	29711.69141
6721.51186	29569.10742
6720.17374	29579.08398
6718.83562	29652.50195
6717.49749	29384.83398
6716.15937	30120.50391
6714.82124	29560.49609
6713.48312	29377.98828
6712.14499	29654.67383
6710.80687	29816.85156
6709.46874	29861.36523
6708.13062	29675.57227
6706.79249	29873.61914
6705.45437	30108.59180
6704.11625	29997.87695
6702.77812	29914.39844
6701.44000	30099.63672
6700.10187	30284.04297
6698.76375	30040.10938
6697.42562	29880.50391
6696.08750	30377.28320
6694.74937	30251.30664
6693.41125	30489.91602
6692.07313	30174.68555
6690.73500	30468.36133
6689.39688	30332.30664
6688.05875	30398.99805
6686.72063	30165.64258
6685.38250	30202.16016
6684.04438	30680.67578
6682.70625	30373.27930
6681.36813	30425.70898
6680.03000	30451.12109
6678.69188	30420.66211
6677.35376	30455.37695
6676.01563	29794.70312
6674.67751	28531.62305
6673.33938	28492.72266
6672.00126	28853.20703
6670.66313	29944.27930
6669.32501	30580.83008
6667.98688	30410.67383
6666.64876	30604.75000
6665.31063	30815.46875
6663.97251	30884.86914
6662.63439	30764.77148
6661.29626	31038.65234
6659.95814	30988.89648
6658.62001	30799.53320
6657.28189	31166.19727
6655.94376	30971.75000
6654.60564	31096.07422
6653.26751	31014.16406
6651.92939	30987.22266
6650.59127	31042.64648
6649.25314	31240.82227
6647.91502	31082.96094
6646.57689	31240.40039
6645.23877	31496.93555
6643.90064	31392.72070
6642.56252	31396.98438
6641.22439	31346.21484
6639.88627	31274.87109
6638.54814	31462.34375
6637.21002	31454.25586
6635.87190	31620.92383
6634.53377	31367.54883
6633.19565	31879.52734
6631.85752	31496.15820
6630.51940	31568.33789
6629.18127	31470.79492
6627.84315	31541.82031
6626.50502	31723.39844
6625.16690	31518.31445
6623.82877	31843.54492
6622.49065	31747.03906
6621.15253	31751.31250
6619.81440	31804.95703
6618.47628	31973.01953
6617.13815	31730.98438
6615.80003	31898.91211
6614.46190	32033.74805
6613.12378	32134.16211
6611.78565	32085.93359
6610.44753	32060.47266
6609.10941	32021.73242
6607.77128	32036.23047
6606.43316	31829.43750
6605.09503	31935.25977
6603.75691	32336.33984
6602.41878	32625.48633
6601.08066	32133.06055
6599.74253	32085.54492
6598.40441	31922.24414
6597.06628	32328.65430
6595.72816	31860.63867
6594.39004	32346.25195
6593.05191	32275.91211
6591.71379	32162.62109
6590.37566	32416.97852
6589.03754	32209.44727
6587.69941	32406.63281
6586.36129	32247.42383
6585.02316	32319.43945
6583.68504	32445.41016
6582.34692	32276.00586
6581.00879	32129.38477
6579.67067	31572.10547
6578.33254	31660.44531
6576.99442	31742.67383
6575.65629	31541.41992
6574.31817	31033.79102
6572.98004	30946.48242
6571.64192	31290.35352
6570.30379	30973.06641
6568.96567	30965.56445
6567.62755	30262.53906
6566.28942	29573.46484
6564.95130	28857.78125
6563.61317	27924.71875
6562.27505	26553.03125
6560.93692	24421.01172
6559.59880	22769.64258
6558.26067	22865.22461
6556.92255	24887.13281
6555.58442	26558.81250
6554.24630	28079.70898
6552.90818	29273.34570
6551.57005	30126.54492
6550.23193	30470.23633
6548.89380	31137.16016
6547.55568	31604.87305
6546.21755	32093.07227
6544.87943	31869.95508
6543.54130	32361.11719
6542.20318	32190.67578
6540.86506	32855.73438
6539.52693	32614.35547
6538.18881	33106.91016
6536.85068	33385.96875
6535.51256	33247.89844
6534.17443	33944.06250
6532.83631	33705.79688
6531.49818	33669.12109
6530.16006	33409.58984
6528.82193	33539.76172
6527.48381	33944.55078
6526.14569	33778.19922
6524.80756	34092.44922
6523.46944	34031.56250
6522.13131	34029.22656
6520.79319	34190.52344
6519.45506	33870.30078
6518.11694	34197.87109
6516.77881	34049.49219
6515.44069	33868.96094
6514.10256	33487.57422
6512.76444	33768.03906
6511.42632	33535.05078
6510.08819	33889.17578
6508.75007	34288.04688
6507.41194	34353.50000
6506.07382	34592.94922
6504.73569	34583.00781
6503.39757	34223.60938
6502.05944	34679.23438
6500.72132	34600.43750
6499.38320	34811.38281
6498.04507	35095.06250
6496.70695	34776.72656
6495.36882	34951.78516
6494.03070	34353.87109
6492.69257	34526.91016
6491.35445	34384.49219
6490.01632	34658.89453
6488.67820	34628.09375
6487.34007	34777.15625
6486.00195	34943.78125
6484.66383	34798.04297
6483.32570	34543.07812
6481.98758	34524.06250
6480.64945	34575.38672
6479.31133	34236.55469
6477.97320	34669.94141
6476.63508	34667.41797
6475.29695	35016.37500
6473.95883	34669.10156
6472.62070	34800.37109
6471.28258	34778.64453
6469.94446	35107.81250
6468.60633	35388.75781
6467.26821	35374.00781
6465.93008	35347.30859
6464.59196	35722.62109
6463.25383	35379.25391
6461.91571	35571.14844
6460.57758	35703.02344
6459.23946	35500.59375
6457.90134	35842.75781
6456.56321	35717.38672
6455.22509	35676.08984
6453.88696	36258.82422
6452.54884	35834.44531
6451.21071	35606.82422
6449.87259	36125.27734
6448.53446	36107.89062
6447.19634	36166.80859
6445.85821	36187.92578
6444.52009	35958.76953
6443.18197	36028.66406
6441.84384	36388.39453
6440.50572	36231.16797
6439.16759	36369.27344
6437.82947	36118.75000
6436.49134	36182.90234
6435.15322	36493.60156
6433.81509	36556.62500
6432.47697	36115.02734
6431.13884	36460.52734
6429.80072	36813.99219
6428.46260	36757.66797
6427.12447	36262.29297
6425.78635	36873.72656
6424.44822	36661.66797
6423.11010	36805.08594
6421.77197	36812.46875
6420.43385	36808.30859
6419.09572	37233.33984
6417.75760	36873.72656
6416.41948	36666.98047
6415.08135	37051.30469
6413.74323	37103.95312
6412.40510	36867.51172
6411.06698	36928.03516
6409.72885	37128.64062
6408.39073	36915.63672
6407.05260	36945.12500
6405.71448	36740.62109
6404.37635	37288.56641
6403.03823	37290.78516
6401.70011	37442.91406
6400.36198	36652.89844
6399.02386	36857.42969
6397.68573	37051.02344
6396.34761	37301.68750
6395.00948	37103.36328
6393.67136	37321.69922
6392.33323	37431.89062
6390.99511	37479.35547
6389.65699	37670.42969
6388.31886	37323.78125
6386.98074	37391.33594
6385.64261	37335.40234
6384.30449	37198.71094
6382.96636	37498.46094
6381.62824	37550.43750
6380.29011	37446.19141
6378.95199	37620.22266
6377.61386	37382.23828
6376.27574	37599.28516
6374.93762	37751.09375
6373.59949	38109.57031
6372.26137	37774.08594
6370.92324	37506.59766
6369.58512	36941.51953
6368.24699	36944.10547
6366.90887	38035.00000
6365.57074	37710.14453
6364.23262	38419.33984
6362.89449	38247.24219
6361.55637	38071.02344
6360.21825	38354.42188
6358.88012	38057.08203
6357.54200	38080.54688
6356.20387	38091.58984
6354.86575	38212.06250
6353.52762	38384.48828
6352.18950	38276.99609
6350.85137	38464.01953
6349.51325	38095.00781
6348.17513	38269.11328
6346.83700	37400.69531
6345.49888	37302.53516
6344.16075	37286.31250
6342.82263	37408.92969
6341.48450	38171.80469
6340.14638	38285.58203
6338.80825	38838.15234
6337.47013	38224.09375
6336.13200	38313.77734
6334.79388	38699.32422
6333.45576	38694.30469
6332.11763	38553.16406
6330.77951	38231.19922
6329.44138	38408.04297
6328.10326	38984.66797
6326.76513	38899.82422
6325.42701	38667.75781
6324.08888	38745.99219
6322.75076	38259.87500
6321.41263	38939.71094
6320.07451	38811.18359
6318.73639	38237.53516
6317.39826	38642.66797
6316.06014	39014.90234
6314.72201	38594.01953
6313.38389	38988.25781
6312.04576	38816.54297
6310.70764	39109.20703
6309.36951	38763.46875
6308.03139	38903.06641
6306.69327	38862.83984
6305.35514	38788.63281
6304.01702	38388.01562
6302.67889	38678.12109
6301.34077	38699.51172
6300.00264	38763.78516
6298.66452	38855.16797
6297.32639	38540.40234
6295.98827	38689.55078
6294.65014	38595.97656
6293.31202	38451.60547
6291.97390	38809.60156
6290.63577	38561.03125
6289.29765	38865.35156
6287.95952	38882.39453
6286.62140	38668.48828
6285.28327	39265.33594
6283.94515	39106.82422
6282.60702	39426.07031
6281.26890	38854.16406
6279.93077	38621.47266
6278.59265	37898.85156
6277.25453	37470.91797
6275.91640	36750.73438
6274.57828	36595.52734
6273.24015	38418.12500
6271.90203	39893.77344
6270.56390	40006.36328
6269.22578	40173.28125
6267.88765	40109.09375
6266.54953	40268.88281
6265.21141	40221.83594
6263.87328	40236.05078
6262.53516	40335.87891
6261.19703	40613.51172
6259.85891	40329.95312
6258.52078	40363.47656
6257.18266	40669.34375
6255.84453	40740.23047
6254.50641	40886.04688
6253.16828	40032.87891
6251.83016	41259.85156
6250.49204	40973.74609
6249.15391	40676.58984
6247.81579	40926.30859
6246.47766	40991.42578
6245.13954	41297.56641
6243.80141	41114.29297
6242.46329	40800.10547
6241.12516	41145.81250
6239.78704	41602.78125
6238.44892	41584.66406
6237.11079	41690.78125
6235.77267	41388.49219
6234.43454	41831.31641
6233.09642	41591.23047
6231.75829	41495.67188
6230.42017	41178.96094
6229.08204	41891.30469
6227.74392	41599.33984
6226.40579	41164.23828
6225.06767	41814.01953
6223.72955	41877.07422
6222.39142	41867.76562
6221.05330	41870.21875
6219.71517	41990.06641
6218.37705	41555.97266
6217.03892	42125.36328
6215.70080	41755.48438
6214.36267	42238.02344
6213.02455	41734.92969
6211.68642	42394.26562
6210.34830	42321.65625
6209.01018	41984.69922
6207.67205	42474.76172
6206.33393	42671.08594
6204.99580	42411.34375
6203.65768	42654.42578
6202.31955	42516.82422
6200.98143	42488.36328
6199.64330	42320.55469
6198.30518	42480.07812
6196.96706	42653.25781
6195.62893	42860.73828
6194.29081	42828.36328
6192.95268	42766.53125
6191.61456	42930.07422
6190.27643	42909.20703
6188.93831	42461.39062
6187.60018	43188.48047
6186.26206	43275.22656
6184.92393	42532.33594
6183.58581	43311.05469
6182.24769	42470.74609
6180.90956	42817.79297
6179.57144	43558.04688
6178.23331	43183.00781
6176.89519	43341.26562
6175.55706	43052.56641
6174.21894	43795.76953
6172.88081	43106.23047
6171.54269	43998.79297
6170.20456	42971.75000
6168.86644	43497.94531
6167.52832	43703.46484
6166.19019	43110.28906
6164.85207	43494.18359
6163.51394	43770.49609
6162.17582	43450.49609
6160.83769	43696.83594
6159.49957	43447.91016
6158.16144	43643.76953
6156.82332	43737.56250
6155.48520	43749.78125
6154.14707	43919.82422
6152.80895	43918.00000
6151.47082	43308.75000
6150.13270	43798.39062
6148.79457	43926.25391
6147.45645	44053.77344
6146.11832	43619.31641
6144.78020	44279.11328
6143.44207	44059.63672
6142.10395	44000.07422
6140.76583	43695.03906
6139.42770	43877.05469
6138.08958	44328.00000
6136.75145	44544.66797
6135.41333	44358.94141
6134.07520	44432.67969
6132.73708	44469.25391
6131.39895	44644.10547
6130.06083	44553.90234
6128.72270	44591.19922
6127.38458	44607.92969
6126.04646	44607.17188
6124.70833	44641.58984
6123.37021	45015.18750
6122.03208	44995.21875
6120.69396	44806.26172
6119.35583	44941.94141
6118.01771	44582.19922
6116.67958	45218.16016
6115.34146	44694.87109
6114.00334	44983.52734
6112.66521	44880.10156
6111.32709	45228.78516
6109.98896	45527.64844
6108.65084	45098.08984
6107.31271	44984.30859
6105.97459	45189.66016
6104.63646	45071.37109
6103.29834	45141.11328
6101.96021	45582.89062
6100.62209	45144.65625
6099.28397	45411.27734
6097.94584	45259.96875
6096.60772	45271.77344
6095.26959	45104.41406
6093.93147	45591.97266
6092.59334	45678.26953
6091.25522	45358.86328
6089.91709	45998.84766
6088.57897	45551.96484
6087.24084	45452.91797
6085.90272	45603.30078
6084.56460	45845.49609
6083.22647	45732.39453
6081.88835	46259.62891
6080.55022	45805.30859
6079.21210	45848.98438
6077.87397	46526.67188
6076.53585	45565.96094
6075.19772	45729.63672
6073.85960	46377.54297
6072.52148	45495.06641
6071.18335	45697.25391
6069.84523	46315.51562
6068.50710	46096.87891
6067.16898	46499.45703
6065.83085	46058.24609
6064.49273	46342.65234
6063.15460	46195.40234
6061.81648	46509.55469
6060.47835	46645.50391
6059.14023	46173.44531
6057.80211	47104.20312
6056.46398	46461.21484
6055.12586	46238.59766
6053.78773	46361.57422
6052.44961	46910.44531
6051.11148	46814.27344
6049.77336	46811.71484
6048.43523	46520.54688
6047.09711	46764.80078
6045.75899	46963.15234
6044.42086	46607.87891
6043.08274	46169.47656
6041.74461	47225.94922
6040.40649	47042.95312
6039.06836	47061.89844
6037.73024	46973.88672
6036.39211	46760.60156
6035.05399	47313.41016
6033.71586	47352.88672
6032.37774	46974.28125
6031.03962	47666.65234
6029.70149	47354.13672
6028.36337	47365.26953
6027.02524	47041.15234
6025.68712	47356.32812
6024.34899	47564.13281
6023.01087	47524.02734
6021.67274	47727.23828
6020.33462	47279.55078
6018.99649	47859.18359
6017.65837	47448.08594
6016.32025	47760.05469
6014.98212	47670.83594
6013.64400	47619.42578
6012.30587	48126.87500
6010.96775	48266.39844
6009.62962	47905.11328
6008.29150	48159.20312
6006.95337	48294.45312
6005.61525	47860.19531
6004.27713	48647.19531
6002.93900	47801.98828
6001.60088	48381.58594
6000.26275	47987.42969
5998.92463	48247.16797
5997.58650	48558.20312
5996.24838	48542.16797
5994.91025	48330.64062
5993.57213	48523.60547
5992.23400	48834.03125
5990.89588	48330.45312
5989.55776	47892.80078
5988.21963	48782.73047
5986.88151	48389.28906
5985.54338	48485.71875
5984.20526	48710.91016
5982.86713	48990.46094
5981.52901	48570.42578
5980.19088	49166.41016
5978.85276	48036.50781
5977.51463	48937.49609
5976.17651	48100.50781
5974.83839	48643.40625
5973.50026	48950.25000
5972.16214	49116.16016
5970.82401	48802.17969
5969.48589	49358.79688
5968.14776	48978.69922
5966.80964	49084.99609
5965.47151	48312.41406
5964.13339	49703.89062
5962.79527	49645.95703
5961.45714	49763.78125
5960.11902	49508.75781
5958.78089	49566.82812
5957.44277	49414.50781
5956.10464	49308.69922
5954.76652	49673.08984
5953.42839	49608.17969
5952.09027	50737.46484
5950.75214	50088.87500
5949.41402	49659.96484
5948.07590	49422.65234
5946.73777	49473.95312
5945.39965	48954.73828
5944.06152	49027.42188
5942.72340	49097.79688
5941.38527	49212.59766
5940.04715	48811.17578
5938.70902	49597.87500
5937.37090	50088.83984
5936.03277	50794.33203
5934.69465	50006.66016
5933.35653	50501.50391
5932.01840	50450.80078
5930.68028	50111.75781
5929.34215	50441.98828
5928.00403	50625.50000
5926.66590	50311.85938
5925.32778	50853.59375
5923.98965	50432.82031
5922.65153	50073.94141
5921.31341	50324.23047
5919.97528	50318.20703
5918.63716	49943.21875
5917.29903	49830.82031
5915.96091	50649.36328
5914.62278	51199.83203
5913.28466	50720.34375
5911.94653	51281.69531
5910.60841	50713.53516
5909.27028	51513.36719
5907.93216	50641.19531
5906.59404	51804.90234
5905.25591	51420.95703
5903.91779	51121.16797
5902.57966	51871.19141
5901.24154	51463.08594
5899.90341	51401.76953
5898.56529	50369.34375
5897.22716	50498.66797
5895.88904	51386.46484
5894.55092	51116.60547
5893.21279	51216.68750
5891.87467	50958.29297
5890.53654	50804.88672
5889.19842	50634.26562
5887.86029	50718.39844
5886.52217	51476.12109
5885.18404	51063.71094
5883.84592	51337.42969
5882.50779	51778.46875
5881.16967	51949.56641
5879.83155	51953.34766
5878.49342	52024.52344
5877.15530	49743.88281
5875.81717	47713.73438
5874.47905	46408.54688
5873.14092	48633.71875
5871.80280	50525.66016
5870.46467	52068.86719
5869.12655	53234.07031
5867.78842	53100.15234
5866.45030	53367.28906
5865.11218	53605.70312
5863.77405	53103.92969
5862.43593	53679.83203
5861.09780	54017.72656
5859.75968	53448.49219
5858.42155	53243.43750
5857.08343	53291.77344
5855.74530	54014.71484
5854.40718	53336.33594
5853.06906	53624.67969
5851.73093	53301.87109
5850.39281	53901.62500
5849.05468	53885.62109
5847.71656	53606.25391
5846.37843	53680.87891
5845.04031	54132.64844
5843.70218	53837.79297
5842.36406	54150.19141
5841.02593	54380.89844
5839.68781	53883.11328
5838.34969	54370.90234
5837.01156	54571.84766
5835.67344	54111.67188
5834.33531	53931.73828
5832.99719	54211.77734
5831.65906	54316.03906
5830.32094	54174.15234
5828.98281	54792.63281
5827.64469	54476.30859
5826.30656	54147.90234
5824.96844	54753.94141
5823.63032	54369.98438
5822.29219	54365.21094
5820.95407	54406.48828
5819.61594	54649.85547
5818.27782	54365.19922
5816.93969	54759.80469
5815.60157	54969.82812
5814.26344	54438.08203
5812.92532	54896.53125
5811.58720	55167.47266
5810.24907	54487.30859
5808.91095	55078.48438
5807.57282	54701.58203
5806.23470	54628.74609
5804.89657	54879.10938
5803.55845	54819.40625
5802.22032	54891.66406
5800.88220	54304.03906
5799.54407	55182.33594
5798.20595	54825.66406
5796.86783	55084.57812
5795.52970	54644.64062
5794.19158	55321.26172
5792.85345	54830.23438
5791.51533	54263.74219
5790.17720	55409.63281
5788.83908	54551.68359
5787.50095	54887.44141
5786.16283	54644.72266
5784.82470	55264.63672
5783.48658	55194.46094
5782.14846	55163.49609
5780.81033	55516.50781
5779.47221	55499.97266
5778.13408	55535.87500
5776.79596	55006.73438
5775.45783	55914.52344
5774.11971	54816.92578
5772.78158	55541.20703
5771.44346	54909.36719
5770.10534	56006.15234
5768.76721	55155.55078
5767.42909	55447.97656
5766.09096	55479.98828
5764.75284	55723.75000
5763.41471	55749.49609
5762.07659	55646.40234
5760.73846	55369.71094
5759.40034	55736.21094
5758.06221	55705.07422
5756.72409	56220.97266
5755.38597	55521.07031
5754.04784	55776.39453
5752.70972	55822.42969
5751.37159	56734.55859
5750.03347	56337.35156
5748.69534	55921.72656
5747.35722	55744.25000
5746.01909	56518.83984
5744.68097	56320.83594
5743.34284	56446.96094
5742.00472	56028.42578
5740.66660	55995.26172
5739.32847	55777.52734
5737.99035	55687.59375
5736.65222	56015.85938
5735.31410	56254.55469
5733.97597	56439.72266
5732.63785	56424.33984
5731.29972	57204.70703
5729.96160	56959.78906
5728.62348	56543.74219
5727.28535	57600.68750
5725.94723	56716.93359
5724.60910	57150.33984
5723.27098	57225.97656
5721.93285	57426.64453
5720.59473	57266.04688
5719.25660	56946.47266
5717.91848	57151.64453
5716.58035	57402.92969
5715.24223	57065.26953
5713.90411	56975.69922
5712.56598	57757.89062
5711.22786	57827.43750
5709.88973	57426.47656
5708.55161	58129.22266
5707.21348	57848.62500
5705.87536	58018.74219
5704.53723	58052.47656
5703.19911	58235.19531
5701.86099	58299.19141
5700.52286	58361.45312
5699.18474	58179.41797
5697.84661	57532.95703
5696.50849	58411.13672
5695.17036	58183.59375
5693.83224	58195.67969
5692.49411	58380.42969
5691.15599	59300.73047
5689.81786	58335.63672
5688.47974	58434.76562
5687.14162	58698.31641
5685.80349	58669.79297
5684.46537	59096.36328
5683.12724	58796.95703
5681.78912	59152.65625
5680.45099	58384.28516
5679.11287	58671.97656
5677.77474	59088.30859
5676.43662	58938.56641
5675.09849	59058.75391
5673.76037	59242.21875
5672.42225	59994.82031
5671.08412	59577.10156
5669.74600	59718.30078
5668.40787	60028.80078
5667.06975	59492.88281
5665.73162	59553.82812
5664.39350	59144.78125
5663.05537	59583.89844
5661.71725	60128.76172
5660.37913	59814.40625
5659.04100	60209.88281
5657.70288	60376.25391
5656.36475	60082.04297
5655.02663	60638.31250
5653.68850	60130.62500
5652.35038	60877.00391
5651.01225	60817.50781
5649.67413	60128.97656
5648.33600	60863.33203
5646.99788	60647.09375
5645.65976	60549.86719
5644.32163	60561.84375
5642.98351	60765.17578
5641.64538	61091.63672
5640.30726	60721.73047
5638.96913	60573.42578
5637.63101	61187.77344
5636.29288	61264.63281
5634.95476	61241.30859
5633.61663	61252.72266
5632.27851	60596.46094
5630.94039	61776.82031
5629.60226	61666.86328
5628.26414	61517.04688
5626.92601	61586.71875
5625.58789	61405.84375
5624.24976	61880.96094
5622.91164	62467.16797
5621.57351	61252.53516
5620.23539	62366.38281
5618.89727	61959.21875
5617.55914	61443.42188
5616.22102	62518.40625
5614.88289	61986.77344
5613.54477	62402.40234
5612.20664	62292.20312
5610.86852	62373.56641
5609.53039	62829.76172
5608.19227	62187.26172
5606.85414	62591.59375
5605.51602	62236.60156
5604.17790	61913.21875
5602.83977	63264.26953
5601.50165	62989.83594
5600.16352	62729.92969
5598.82540	62842.72266
5597.48727	62714.13281
5596.14915	63075.96875
5594.81102	63132.66016
5593.47290	63109.97656
5592.13477	63569.58594
5590.79665	63354.47656
5589.45853	63586.43750
5588.12040	64242.99219
5586.78228	62563.47266
5585.44415	64008.03516
5584.10603	64035.15625
5582.76790	63372.32031
5581.42978	63969.62109
5580.09165	63955.71875
5578.75353	63618.02344
5577.41541	64250.29297
5576.07728	63420.86328
5574.73916	63965.07031
5573.40103	64528.98438
5572.06291	63932.61719
5570.72478	64320.53125
5569.38666	63791.51562
5568.04853	63960.52734
5566.71041	64854.21484
5565.37228	64184.02344
5564.03416	64207.55469
5562.69604	64739.28125
5561.35791	64644.14453
5560.01979	64948.69531
5558.68166	64249.06250
5557.34354	64737.53516
5556.00541	64629.99609
5554.66729	64978.55469
5553.32916	64758.21484
5551.99104	65658.70312
5550.65292	64552.88281
5549.31479	65565.85156
5547.97667	65886.41406
5546.63854	65439.69141
5545.30042	64910.44531
5543.96229	65135.60938
5542.62417	65474.28516
5541.28604	66058.14844
5539.94792	65366.80469
5538.60979	65294.12500
5537.27167	65500.21875
5535.93355	65256.53906
5534.59542	65272.92188
5533.25730	65036.56250
5531.91917	65140.33203
5530.58105	66156.46094
5529.24292	66538.23438
5527.90480	66526.59375
5526.56667	65898.95312
5525.22855	66208.10938
5523.89042	65708.35156
5522.55230	65877.53906
5521.21418	66041.85938
5519.87605	66332.03125
5518.53793	66418.77344
5517.19980	66438.57812
5515.86168	66124.32031
5514.52355	66443.35938
5513.18543	66885.25781
5511.84730	66600.59375
5510.50918	66561.42969
5509.17106	66436.12500
5507.83293	66335.89062
5506.49481	66805.83594
5505.15668	66499.27344
5503.81856	66763.78125
5502.48043	67092.88281
5501.14231	67615.92969
5499.80418	67139.10938
5498.46606	66934.08594
5497.12793	67281.11719
5495.78981	66549.77344
5494.45169	67337.03125
5493.11356	66986.69531
5491.77544	66396.11719
5490.43731	67756.92188
5489.09919	67513.24219
5487.76106	67121.63281
5486.42294	67514.58594
5485.08481	67186.75000
5483.74669	67094.42188
5482.40856	67609.65625
5481.07044	67785.35156
5479.73232	67890.14062
5478.39419	67253.23438
5477.05607	67978.94531
5475.71794	68286.24219
5474.37982	67017.43750
5473.04169	68070.82031
5471.70357	67349.98438
5470.36544	67436.56250
5469.02732	68732.54688
5467.68920	67733.78906
5466.35107	68625.59375
5465.01295	67815.67188
5463.67482	68301.23438
5462.33670	68145.10938
5460.99857	68405.60938
5459.66045	68345.42188
5458.32232	68189.32812
5456.98420	68298.99219
5455.64607	68529.02344
5454.30795	67941.82031
5452.96983	67773.42188
5451.63170	67956.37500
5450.29358	69175.11719
5448.95545	68675.31250
5447.61733	68404.74219
5446.27920	67875.17969
5444.94108	69198.03125
5443.60295	68524.00000
5442.26483	68971.71875
5440.92670	68762.39844
5439.58858	68792.61719
5438.25046	68928.64844
5436.91233	69200.31250
5435.57421	69151.39844
5434.23608	68796.54688
5432.89796	69091.17188
5431.55983	68914.46094
5430.22171	69303.11719
5428.88358	69128.35156
5427.54546	69052.00781
5426.20734	69167.60938
5424.86921	70152.57031
5423.53109	69604.16406
5422.19296	70109.35938
5420.85484	69544.54688
5419.51671	69504.36719
5418.17859	69931.31250
5416.84046	69285.93750
5415.50234	69466.20312
5414.16421	70149.78906
5412.82609	70233.73438
5411.48797	69994.37500
5410.14984	70218.69531
5408.81172	69957.67969
5407.47359	70718.50781
5406.13547	70626.70312
5404.79734	70895.70312
5403.45922	70660.37500
5402.12109	70819.62500
5400.78297	70876.78125
5399.44484	70880.64062
5398.10672	70642.33594
5396.76860	70501.89844
5395.43047	71315.18750
5394.09235	71384.13281
5392.75422	71210.55469
5391.41610	70829.32031
5390.07797	70947.91406
5388.73985	71392.83594
5387.40172	71406.96875
5386.06360	71670.89844
5384.72548	71343.86719
5383.38735	71170.28125
5382.04923	71687.44531
5380.71110	71588.24219
5379.37298	71726.37500
5378.03485	71693.78906
5376.69673	71855.89844
5375.35860	71902.57031
5374.02048	72371.75781
5372.68235	71828.14062
5371.34423	71677.43750
5370.00611	71806.35156
5368.66798	72126.67188
5367.32986	72285.70312
5365.99173	72704.53906
5364.65361	72255.01562
5363.31548	72295.70312
5361.97736	72143.53125
5360.63923	72681.15625
5359.30111	72533.92969
5357.96299	72165.81250
5356.62486	72831.03906
5355.28674	72466.15625
5353.94861	72815.34375
5352.61049	72647.72656
5351.27236	72189.33594
5349.93424	73128.22656
5348.59611	73100.45312
5347.25799	73171.38281
5345.91986	72449.86719
5344.58174	73391.07031
5343.24362	73362.41406
5341.90549	73261.77344
5340.56737	72854.62500
5339.22924	73333.54688
5337.89112	73460.67969
5336.55299	74485.13281
5335.21487	73018.50000
5333.87674	74235.10938
5332.53862	73701.06250
5331.20049	72940.24219
5329.86237	74145.38281
5328.52425	73318.18750
5327.18612	74401.03125
5325.84800	74111.14062
5324.50987	73164.56250
5323.17175	74191.03906
5321.83362	74306.85938
5320.49550	74239.47656
5319.15737	74121.77344
5317.81925	73938.56250
5316.48113	74039.33594
5315.14300	74280.55469
5313.80488	73703.00781
5312.46675	75008.10938
5311.12863	74058.04688
5309.79050	74180.40625
5308.45238	74421.94531
5307.11425	74187.40625
5305.77613	74235.95312
5304.43800	74883.12500
5303.09988	75020.45312
5301.76176	74766.37500
5300.42363	74478.15625
5299.08551	74764.21875
5297.74738	74161.33594
5296.40926	74783.59375
5295.07113	74744.36719
5293.73301	74228.65625
5292.39488	75161.62500
5291.05676	75477.96875
5289.71863	74483.61719
5288.38051	75485.56250
5287.04239	75179.71875
5285.70426	75443.85938
5284.36614	75267.53906
5283.02801	74760.68750
5281.68989	75665.88281
5280.35176	76196.13281
5279.01364	74189.25000
5277.67551	75579.71875
5276.33739	75761.70312
5274.99927	75424.13281
5273.66114	75067.25781
5272.32302	75866.46094
5270.98489	75878.19531
5269.64677	75414.46875
5268.30864	75796.32812
5266.97052	76181.72656
5265.63239	75481.10938
5264.29427	76182.31250
5262.95614	75849.51562
5261.61802	76073.82031
5260.27990	76095.78125
5258.94177	76184.39844
5257.60365	75970.21094
5256.26552	76145.01562
5254.92740	76770.22656
5253.58927	76328.98438
5252.25115	76458.82031
5250.91302	76378.61719
5249.57490	76365.14844
5248.23677	76349.71875
5246.89865	77378.70312
5245.56053	76201.12500
5244.22240	77276.39062
5242.88428	76794.01562
5241.54615	76469.82031
5240.20803	76418.42188
5238.86990	77130.83594
5237.53178	76949.35156
5236.19365	77120.58594
5234.85553	77090.78906
5233.51741	77000.41406
5232.17928	77252.86719
5230.84116	77176.25000
5229.50303	77607.34375
5228.16491	76941.37500
5226.82678	77441.94531
5225.48866	77771.22656
5224.15053	78663.82031
5222.81241	77407.95312
5221.47428	78081.09375
5220.13616	77666.49219
5218.79804	77753.89844
5217.45991	77159.19531
5216.12179	78279.96094
5214.78366	77812.47656
5213.44554	77175.96875
5212.10741	78266.06250
5210.76929	78244.73438
5209.43116	77801.89844
5208.09304	77667.25781
5206.75492	78610.75000
5205.41679	78058.02344
5204.07867	77985.60938
5202.74054	78704.19531
5201.40242	78171.42188
5200.06429	78798.10938
5198.72617	77822.10938
5197.38804	77124.83594
5196.04992	79119.71875
5194.71179	78482.24219
5193.37367	78500.24219
5192.03555	78007.16406
5190.69742	78181.78125
5189.35930	78814.57031
5188.02117	78408.08594
5186.68305	78503.86719
5185.34492	79089.78906
5184.00680	78773.46875
5182.66867	79180.36719
5181.33055	78396.63281
5179.99242	79037.65625
5178.65430	78640.26562
5177.31618	79179.31250
5175.97805	79044.67188
5174.63993	79044.03906
5173.30180	80191.92188
5171.96368	79047.37500
5170.62555	79077.39844
5169.28743	79529.14844
5167.94930	79536.23438
5166.61118	79405.85156
5165.27306	78369.50000
5163.93493	79361.55469
5162.59681	78915.42969
5161.25868	79810.78125
5159.92056	78665.09375
5158.58243	79738.56250
5157.24431	79827.32812
5155.90618	79776.83594
5154.56806	79153.42188
5153.22993	79415.14844
5151.89181	79028.89062
5150.55369	78893.67188
5149.21556	80212.28906
5147.87744	79424.07812
5146.53931	79275.89062
5145.20119	79667.65625
5143.86306	79869.20312
5142.52494	79647.00781
5141.18681	79196.03906
5139.84869	78804.01562
5138.51056	79970.03906
5137.17244	79888.76562
5135.83432	80156.42969
5134.49619	78989.78125
5133.15807	80040.96094
5131.81994	80594.44531
5130.48182	79443.91406
5129.14369	79136.89844
5127.80557	80190.94531
5126.46744	79070.02344
5125.12932	80237.42969
5123.79120	79863.45312
5122.45307	78413.10156
5121.11495	79449.50781
5119.77682	80095.83594
5118.43870	80263.68750
5117.10057	79810.18750
5115.76245	79215.47656
5114.42432	80506.53906
5113.08620	80266.50781
5111.74807	80190.54688
5110.40995	79995.23438
5109.07183	79973.89062
5107.73370	80206.81250
5106.39558	80353.03125
5105.05745	79257.18750
5103.71933	80786.03125
5102.38120	80854.82812
5101.04308	80424.53906
5099.70495	80567.43750
5098.36683	80711.28125
5097.02870	81052.71094
5095.69058	79773.37500
5094.35246	80447.40625
5093.01433	80110.09375
5091.67621	81293.80469
5090.33808	79819.39844
5088.99996	80016.75781
5087.66183	80672.64062
5086.32371	80090.80469
5084.98558	80572.97656
5083.64746	80693.23438
5082.30934	78763.53906
5080.97121	81489.47656
5079.63309	80466.25000
5078.29496	80706.82031
5076.95684	80666.60156
5075.61871	80007.30469
5074.28059	80911.12500
5072.94246	80112.53125
5071.60434	80593.64844
5070.26621	80140.33594
5068.92809	80114.81250
5067.58997	80981.64062
5066.25184	80148.00000
5064.91372	79811.01562
5063.57559	80903.56250
5062.23747	81143.45312
5060.89934	79863.87500
5059.56122	80001.42969
5058.22309	81325.75000
5056.88497	80375.01562
5055.54684	80368.79688
5054.20872	79959.07031
5052.87060	80964.45312
5051.53247	79310.38281
5050.19435	80529.79688
5048.85622	80034.35938
5047.51810	80221.35938
5046.17997	80365.75000
5044.84185	79529.78906
5043.50372	79355.79688
5042.16560	78961.91406
5040.82748	79236.95312
5039.48935	79530.86719
5038.15123	79649.10938
5036.81310	80346.50000
5035.47498	80455.35938
5034.13685	79873.29688
5032.79873	80105.69531
5031.46060	80072.64062
5030.12248	80958.20312
5028.78435	80122.42188
5027.44623	80572.00000
5026.10811	80048.80469
5024.76998	81601.73438
5023.43186	80353.37500
5022.09373	80605.96094
5020.75561	80455.17969
5019.41748	81658.72656
5018.07936	80829.24219
5016.74123	81537.87500
5015.40311	81227.06250
5014.06499	79994.96094
5012.72686	79289.71875
5011.38874	77523.09375
5010.05061	76398.65625
5008.71249	78485.41406
5007.37436	79590.25000
5006.03624	80449.63281
5004.69811	80231.44531
5003.35999	80796.97656
5002.02186	81364.82031
5000.68374	80671.56250
4999.34562	81263.53125
4998.00749	80535.83594
4996.66937	80385.89844
4995.33124	80602.05469
4993.99312	81249.52344
4992.65499	81200.78906
4991.31687	81975.35938
4989.97874	81409.05469
4988.64062	81168.03906
4987.30249	81749.71875
4985.96437	81933.70312
4984.62625	81657.47656
4983.28812	81883.94531
4981.95000	82246.27344
4980.61187	81459.47656
4979.27375	81635.27344
4977.93562	81871.70312
4976.59750	81316.61719
4975.25937	81802.95312
4973.92125	81768.67969
4972.58313	82044.33594
4971.24500	82042.46875
4969.90688	81386.27344
4968.56875	81887.19531
4967.23063	81461.22656
4965.89250	81772.90625
4964.55438	81419.35938
4963.21625	82118.60938
4961.87813	81706.04688
4960.54000	82234.64062
4959.20188	81594.17969
4957.86376	81282.17969
4956.52563	82438.43750
4955.18751	82147.87500
4953.84938	81239.14844
4952.51126	82104.34375
4951.17313	81562.71875
4949.83501	81992.18750
4948.49688	81832.07031
4947.15876	82057.46875
4945.82063	81245.61719
4944.48251	82318.70312
4943.14439	82315.78125
4941.80626	81759.79688
4940.46814	81431.04688
4939.13001	82129.52344
4937.79189	82105.48438
4936.45376	81355.96875
4935.11564	81306.85156
4933.77751	81537.60938
4932.43939	81802.89844
4931.10127	81796.64062
4929.76314	81492.50000
4928.42502	81401.07031
4927.08689	81668.48438
4925.74877	82667.27344
4924.41064	81406.99219
4923.07252	82147.46875
4921.73439	80494.59375
4920.39627	81368.70312
4919.05814	79344.88281
4917.72002	75970.06250
4916.38190	73419.89844
4915.04377	72074.79688
4913.70565	75899.64062
4912.36752	79017.82812
4911.02940	80314.59375
4909.69127	81139.27344
4908.35315	81544.75000
4907.01502	81492.78125
4905.67690	81220.51562
4904.33877	81414.10938
4903.00065	82531.78125
4901.66253	81324.21094
4900.32440	80687.84375
4898.98628	81950.96875
4897.64815	82379.92188
4896.31003	82040.66406
4894.97190	81079.87500
4893.63378	81281.07031
4892.29565	81300.51562
4890.95753	81918.24219
4889.61941	81955.61719
4888.28128	81737.89844
4886.94316	80690.86719
4885.60503	81166.02344
4884.26691	81332.66406
4882.92878	81146.10156
4881.59066	80365.85938
4880.25253	79993.86719
4878.91441	80830.54688
4877.57628	80285.79688
4876.23816	79796.17969
4874.90004	80512.98438
4873.56191	80037.17188
4872.22379	79128.54688
4870.88566	79995.56250
4869.54754	78497.91406
4868.20941	78641.21875
4866.87129	77106.39062
4865.53316	75538.28125
4864.19504	74981.40625
4862.85692	72660.17969
4861.51879	70671.75000
4860.18067	67554.89844
4858.84254	63922.16406
4857.50442	59264.46875
4856.16629	52898.89844
4854.82817	48515.75781
4853.49004	48108.18750
4852.15192	53216.30078
4850.81379	58538.21484
4849.47567	63616.15625
4848.13755	67198.21875
4846.79942	70339.08594
4845.46130	72388.68750
4844.12317	75336.02344
4842.78505	74963.82031
4841.44692	77421.07812
4840.10880	77571.33594
4838.77067	78538.49219
4837.43255	78890.12500
4836.09442	79876.17188
4834.75630	79999.86719
4833.41818	80309.66406
4832.08005	80128.78906
4830.74193	80436.46875
4829.40380	81304.46875
4828.06568	80839.09375
4826.72755	81048.04688
4825.38943	81232.91406
4824.05130	80677.22656
4822.71318	80483.46875
4821.37506	81148.77344
4820.03693	81352.99219
4818.69881	81617.03125
4817.36068	82076.72656
4816.02256	82148.42188
4814.68443	81484.41406
4813.34631	80294.71875
4812.00818	82043.79688
4810.67006	81756.07812
4809.33193	80552.71875
4807.99381	81937.82812
4806.65569	81359.40625
4805.31756	80581.39844
4803.97944	81984.18750
4802.64131	81452.36719
4801.30319	81851.52344
4799.96506	81292.18750
4798.62694	82359.82812
4797.28881	81367.57031
4795.95069	81224.14844
4794.61256	81768.92188
4793.27444	81275.25000
4791.93632	81877.30469
4790.59819	82188.43750
4789.26007	81934.97656
4787.92194	81655.60938
4786.58382	81422.91406
4785.24569	82446.36719
4783.90757	81734.64062
4782.56944	81810.29688
4781.23132	82120.93750
4779.89320	81604.35156
4778.55507	82403.05469
4777.21695	81178.67969
4775.87882	82213.75781
4774.54070	82455.89062
4773.20257	80905.80469
4771.86445	82303.46094
4770.52632	81266.48438
4769.18820	81831.80469
4767.85007	81766.16406
4766.51195	81889.24219
4765.17383	81768.25781
4763.83570	82023.39844
4762.49758	82198.09375
4761.15945	81050.57812
4759.82133	82659.75781
4758.48320	82094.57812
4757.14508	81962.45312
4755.80695	81723.89844
4754.46883	81636.54688
4753.13070	82191.23438
4751.79258	82013.81250
4750.45446	81913.95312
4749.11633	82547.41406
4747.77821	82462.26562
4746.44008	82000.71094
4745.10196	82606.58594
4743.76383	81822.73438
4742.42571	82995.00000
4741.08758	83014.98438
4739.74946	82195.22656
4738.41134	82677.25000
4737.07321	82627.59375
4735.73509	83217.71875
4734.39696	82066.26562
4733.05884	83093.62500
4731.72071	82925.27344
4730.38259	82786.32031
4729.04446	82414.00781
4727.70634	82866.62500
4726.36821	83526.94531
4725.03009	83126.49219
4723.69197	83322.46875
4722.35384	83359.67188
4721.01572	83604.39844
4719.67759	82970.04688
4718.33947	82858.00781
4717.00134	83736.20312
4715.66322	83861.78906
4714.32509	83656.33594
4712.98697	82875.35938
4711.64884	84248.15625
4710.31072	83390.02344
4708.97260	83182.73438
4707.63447	82833.17188
4706.29635	80973.83594
4704.95822	81016.25781
4703.62010	79951.01562
4702.28197	81984.28906
4700.94385	83768.01562
4699.60572	83488.82031
4698.26760	84057.10938
4696.92948	83918.07031
4695.59135	83839.68750
4694.25323	83342.08594
4692.91510	84164.25781
4691.57698	83923.20312
4690.23885	83706.76562
4688.90073	85371.00000
4687.56260	84416.46875
4686.22448	83988.71875
4684.88635	84806.28125
4683.54823	85086.07812
4682.21011	85136.50000
4680.87198	85365.96875
4679.53386	84218.71875
4678.19573	85133.44531
4676.85761	83722.04688
4675.51948	85085.87500
4674.18136	85171.88281
4672.84323	85187.46875
4671.50511	84991.75000
4670.16699	84162.85156
4668.82886	85531.57031
4667.49074	83807.46875
4666.15261	84281.57031
4664.81449	84748.12500
4663.47636	85326.56250
4662.13824	84728.68750
4660.80011	85372.49219
4659.46199	84687.57812
4658.12386	84551.96094
4656.78574	85182.99219
4655.44762	85364.43750
4654.10949	85156.72656
4652.77137	85380.64062
4651.43324	84352.36719
4650.09512	86163.28906
4648.75699	85027.52344
4647.41887	85078.23438
4646.08074	85046.93750
4644.74262	85890.23438
4643.40449	85329.01562
4642.06637	85695.24219
4640.72825	85252.20312
4639.39012	85732.62500
4638.05200	83799.92969
4636.71387	86059.71875
4635.37575	85062.54688
4634.03762	84515.00000
4632.69950	85458.84375
4631.36137	85540.21875
4630.02325	84916.01562
4628.68513	84838.17969
4627.34700	85370.43750
4626.00888	86156.52344
4624.67075	84632.78906
4623.33263	85221.87500
4621.99450	85421.61719
4620.65638	85365.70312
4619.31825	85350.75000
4617.98013	84561.41406
4616.64200	86009.34375
4615.30388	86529.59375
4613.96576	85409.33594
4612.62763	84676.29688
4611.28951	85609.60938
4609.95138	84041.77344
4608.61326	85566.68750
4607.27513	85864.52344
4605.93701	86059.08594
4604.59888	85468.50000
4603.26076	85773.41406
4601.92263	85850.92969
4600.58451	86499.34375
4599.24639	85518.50000
4597.90826	85255.09375
4596.57014	85830.07031
4595.23201	85714.48438
4593.89389	86564.46875
4592.55576	85535.14062
4591.21764	85907.93750
4589.87951	87389.89062
4588.54139	86161.17188
4587.20327	86462.64844
4585.86514	85804.43750
4584.52702	86513.02344
4583.18889	86820.17969
4581.85077	86792.82812
4580.51264	86454.46875
4579.17452	85969.10938
4577.83639	86456.16406
4576.49827	86151.71094
4575.16014	85678.44531
4573.82202	85997.46875
4572.48390	87717.99219
4571.14577	86546.92188
4569.80765	86885.52344
4568.46952	86756.31250
4567.13140	86619.43750
4565.79327	87079.28125
4564.45515	86517.06250
4563.11702	84689.00000
4561.77890	85541.56250
4560.44077	86802.00000
4559.10265	85857.35938
4557.76453	85355.71094
4556.42640	85135.58594
4555.08828	85459.84375
4553.75015	85993.41406
4552.41203	86705.43750
4551.07390	85552.59375
4549.73578	86322.70312
4548.39765	85980.13281
4547.05953	85949.95312
4545.72141	85354.74219
4544.38328	85757.48438
4543.04516	84021.26562
4541.70703	84146.00000
4540.36891	83946.72656
4539.03078	84391.08594
