7270.14291	   0.80376
7268.80479	   0.71679
7267.46667	   0.72785
7266.12854	   0.73201
7264.79042	   0.75402
7263.45229	   0.73304
7262.11417	   0.69265
7260.77604	   0.68571
7259.43792	   0.73732
7258.09979	   0.72697
7256.76167	   0.76369
7255.42355	   0.71593
7254.08542	   0.71898
7252.74730	   0.72221
7251.40917	   0.75102
7250.07105	   0.72077
7248.73292	   0.76495
7247.39480	   0.72051
7246.05667	   0.73893
7244.71855	   0.69952
7243.38042	   0.59407
7242.04230	   0.75639
7240.70418	   0.87085
7239.36605	   0.62433
7238.02793	   0.66394
7236.68980	   0.83217
7235.35168	   0.89649
7234.01355	   0.84319
7232.67543	   0.72609
7231.33730	   0.69680
7229.99918	   0.68831
7228.66106	   0.72960
7227.32293	   0.76563
7225.98481	   0.77384
7224.64668	   0.74165
7223.30856	   0.75683
7221.97043	   0.80713
7220.63231	   0.75771
7219.29418	   0.73725
7217.95606	   0.83492
7216.61793	   0.78687
7215.27981	   0.77565
7213.94169	   0.77879
7212.60356	   0.77901
7211.26544	   0.81777
7209.92731	   0.77159
7208.58919	   0.83385
7207.25106	   0.76727
7205.91294	   0.74875
7204.57481	   0.77283
7203.23669	   0.70129
7201.89856	   0.72356
7200.56044	   0.72187
7199.22232	   0.72184
7197.88419	   0.69638
7196.54607	   0.74175
7195.20794	   0.77359
7193.86982	   0.74643
7192.53169	   0.73233
7191.19357	   0.75979
7189.85544	   0.72961
7188.51732	   0.70404
7187.17920	   0.73071
7185.84107	   0.74347
7184.50295	   0.68496
7183.16482	   0.65754
7181.82670	   0.67041
7180.48857	   0.73012
7179.15045	   0.76564
7177.81232	   0.73721
7176.47420	   0.75946
7175.13607	   0.71033
7173.79795	   0.73768
7172.45983	   0.73534
7171.12170	   0.74423
7169.78358	   0.71875
7168.44545	   0.74289
7167.10733	   0.74870
7165.76920	   0.76114
7164.43108	   0.78859
7163.09295	   0.78597
7161.75483	   0.79269
7160.41670	   0.78390
7159.07858	   0.79782
7157.74046	   0.80536
7156.40233	   0.83309
7155.06421	   0.76145
7153.72608	   0.85109
7152.38796	   0.82898
7151.04983	   0.82593
7149.71171	   0.80167
7148.37358	   0.81275
7147.03546	   0.79701
7145.69734	   0.80552
7144.35921	   0.80202
7143.02109	   0.79677
7141.68296	   0.79374
7140.34484	   0.80134
7139.00671	   0.82020
7137.66859	   0.81963
7136.33046	   0.80151
7134.99234	   0.81667
7133.65421	   0.81669
7132.31609	   0.84590
7130.97797	   0.86173
7129.63984	   0.86879
7128.30172	   0.80877
7126.96359	   0.81544
7125.62547	   0.82317
7124.28734	   0.80265
7122.94922	   0.81310
7121.61109	   0.82079
7120.27297	   0.82691
7118.93484	   0.87004
7117.59672	   0.82632
7116.25860	   0.82957
7114.92047	   0.82791
7113.58235	   0.85293
7112.24422	   0.86728
7110.90610	   0.85287
7109.56797	   0.86631
7108.22985	   0.85077
7106.89172	   0.87066
7105.55360	   0.82999
7104.21548	   0.86605
7102.87735	   0.87786
7101.53923	   0.85606
7100.20110	   0.84834
7098.86298	   0.89362
7097.52485	   0.86374
7096.18673	   0.88340
7094.84860	   0.86794
7093.51048	   0.87960
7092.17235	   0.87259
7090.83423	   0.86868
7089.49611	   0.84157
7088.15798	   0.84911
7086.81986	   0.87160
7085.48173	   0.88509
7084.14361	   0.88224
7082.80548	   0.83421
7081.46736	   0.87359
7080.12923	   0.88335
7078.79111	   0.82785
7077.45299	   0.87324
7076.11486	   0.82019
7074.77674	   0.83095
7073.43861	   0.84868
7072.10049	   0.87729
7070.76236	   0.82415
7069.42424	   0.89617
7068.08611	   0.84627
7066.74799	   0.86845
7065.40986	   0.87722
7064.07174	   0.89382
7062.73362	   0.87220
7061.39549	   0.89474
7060.05737	   0.88949
7058.71924	   0.91595
7057.38112	   0.89641
7056.04299	   0.86467
7054.70487	   0.91540
7053.36674	   0.84844
7052.02862	   0.84729
7050.69049	   0.90051
7049.35237	   0.87623
7048.01425	   0.87197
7046.67612	   0.84596
7045.33800	   0.90472
7043.99987	   0.84355
7042.66175	   0.90937
7041.32362	   0.86170
7039.98550	   0.86733
7038.64737	   0.90246
7037.30925	   0.89265
7035.97113	   0.87144
7034.63300	   0.87808
7033.29488	   0.86343
7031.95675	   0.90309
7030.61863	   0.86356
7029.28050	   0.83672
7027.94238	   0.84766
7026.60425	   0.82419
7025.26613	   0.81853
7023.92800	   0.85569
7022.58988	   0.89687
7021.25176	   0.88430
7019.91363	   0.85688
7018.57551	   0.89174
7017.23738	   0.84898
7015.89926	   0.90430
7014.56113	   0.97652
7013.22301	   1.05697
7011.88488	   1.09636
7010.54676	   1.10737
7009.20863	   1.08126
7007.87051	   0.96814
7006.53239	   0.92074
7005.19426	   0.87937
7003.85614	   0.89051
7002.51801	   0.90476
7001.17989	   1.00320
6999.84176	   1.06413
6998.50364	   1.09101
6997.16551	   1.14969
6995.82739	   1.15996
6994.48927	   1.12588
6993.15114	   0.98335
6991.81302	   0.96250
6990.47489	   0.90953
6989.13677	   0.86454
6987.79864	   0.86870
6986.46052	   0.85609
6985.12239	   0.88195
6983.78427	   0.88408
6982.44614	   0.84158
6981.10802	   0.87894
6979.76990	   0.83114
6978.43177	   0.93902
6977.09365	   0.96777
6975.75552	   0.86781
6974.41740	   0.86391
6973.07927	   0.85166
6971.74115	   0.86633
6970.40302	   0.90840
6969.06490	   0.92140
6967.72677	   0.90274
6966.38865	   0.92719
6965.05053	   0.91295
6963.71240	   0.85318
6962.37428	   0.83785
6961.03615	   0.86016
6959.69803	   0.83496
6958.35990	   0.86125
6957.02178	   0.87527
6955.68365	   0.88772
6954.34553	   0.88652
6953.00741	   0.86547
6951.66928	   0.81124
6950.33116	   0.88362
6948.99303	   1.04177
6947.65491	   0.96732
6946.31678	   0.81810
6944.97866	   0.87675
6943.64053	   0.82586
6942.30241	   0.80310
6940.96428	   0.83466
6939.62616	   0.87580
6938.28804	   0.91994
6936.94991	   0.88202
6935.61179	   0.85026
6934.27366	   0.89420
6932.93554	   0.90462
6931.59741	   0.88996
6930.25929	   0.92091
6928.92116	   0.85667
6927.58304	   0.87023
6926.24491	   0.84727
6924.90679	   0.83479
6923.56867	   0.99436
6922.23054	   0.96801
6920.89242	   0.89012
6919.55429	   0.87296
6918.21617	   0.88604
6916.87804	   0.88709
6915.53992	   0.83839
6914.20179	   0.83298
6912.86367	   0.90923
6911.52555	   0.93007
6910.18742	   0.84011
6908.84930	   0.86728
6907.51117	   0.85903
6906.17305	   0.83204
6904.83492	   0.79931
6903.49680	   0.82325
6902.15867	   0.83141
6900.82055	   0.89479
6899.48242	   0.84848
6898.14430	   0.82556
6896.80618	   0.82882
6895.46805	   0.82629
6894.12993	   0.86209
6892.79180	   0.81147
6891.45368	   0.81751
6890.11555	   0.86336
6888.77743	   0.84406
6887.43930	   0.84296
6886.10118	   0.82676
6884.76306	   0.85337
6883.42493	   0.87274
6882.08681	   0.86689
6880.74868	   0.90581
6879.41056	   0.84068
6878.07243	   0.82241
6876.73431	   0.74622
6875.39618	   0.73023
6874.05806	   0.71189
6872.71993	   0.73921
6871.38181	   0.68135
6870.04369	   0.69343
6868.70556	   0.70296
6867.36744	   0.72906
6866.02931	   1.07069
6864.69119	   1.33519
6863.35306	   1.55234
6862.01494	   1.75184
6860.67681	   2.08691
6859.33869	   2.07756
6858.00056	   1.95693
6856.66244	   1.60503
6855.32432	   1.38121
6853.98619	   1.16784
6852.64807	   1.01119
6851.30994	   0.95980
6849.97182	   0.95122
6848.63369	   0.94996
6847.29557	   0.93490
6845.95744	   0.90352
6844.61932	   1.05388
6843.28120	   1.24543
6841.94307	   1.56086
6840.60495	   1.87802
6839.26682	   2.04497
6837.92870	   1.97726
6836.59057	   1.93079
6835.25245	   1.59392
6833.91432	   1.31889
6832.57620	   1.01447
6831.23807	   1.02047
6829.89995	   1.04725
6828.56183	   1.06899
6827.22370	   1.08967
6825.88558	   1.14594
6824.54745	   1.28542
6823.20933	   1.29952
6821.87120	   1.23144
6820.53308	   1.21487
6819.19495	   1.08360
6817.85683	   1.04590
6816.51870	   1.01000
6815.18058	   0.99150
6813.84246	   0.97213
6812.50433	   0.94276
6811.16621	   0.97391
6809.82808	   0.94953
6808.48996	   0.95857
6807.15183	   0.97073
6805.81371	   0.99150
6804.47558	   0.93945
6803.13746	   0.96927
6801.79934	   0.97040
6800.46121	   0.97776
6799.12309	   0.96723
6797.78496	   0.95734
6796.44684	   0.93874
6795.10871	   0.92063
6793.77059	   0.94319
6792.43246	   0.95830
6791.09434	   0.96520
6789.75621	   0.96192
6788.41809	   0.92591
6787.07997	   0.95989
6785.74184	   0.97442
6784.40372	   0.93545
6783.06559	   0.97144
6781.72747	   0.92151
6780.38934	   0.95521
6779.05122	   0.98223
6777.71309	   0.94085
6776.37497	   0.92449
6775.03684	   0.90515
6773.69872	   0.91530
6772.36060	   0.92181
6771.02247	   0.87219
6769.68435	   0.87447
6768.34622	   0.88046
6767.00810	   0.91485
6765.66997	   0.85908
6764.33185	   0.89519
6762.99372	   0.95659
6761.65560	   0.90572
6760.31748	   0.97341
6758.97935	   0.95706
6757.64123	   0.94522
6756.30310	   0.96364
6754.96498	   0.93211
6753.62685	   0.94899
6752.28873	   0.95201
6750.95060	   0.95666
6749.61248	   0.93010
6748.27435	   0.97269
6746.93623	   0.97313
6745.59811	   0.98133
6744.25998	   0.96525
6742.92186	   1.00290
6741.58373	   0.94662
6740.24561	   0.94617
6738.90748	   0.95546
6737.56936	   0.93610
6736.23123	   0.97927
6734.89311	   0.95684
6733.55499	   0.96120
6732.21686	   0.93648
6730.87874	   0.93147
6729.54061	   0.97189
6728.20249	   0.95897
6726.86436	   0.91769
6725.52624	   0.98739
6724.18811	   0.94434
6722.84999	   0.93980
6721.51186	   0.92210
6720.17374	   0.98398
6718.83562	   0.96172
6717.49749	   0.95903
6716.15937	   0.97672
6714.82124	   1.01156
6713.48312	   1.03074
6712.14499	   0.94817
6710.80687	   0.99571
6709.46874	   0.97011
6708.13062	   0.95530
6706.79249	   0.96514
6705.45437	   0.96225
6704.11625	   0.95649
6702.77812	   0.97874
6701.44000	   0.96199
6700.10187	   0.94755
6698.76375	   0.98737
6697.42562	   0.97028
6696.08750	   0.97873
6694.74937	   0.96030
6693.41125	   0.96831
6692.07313	   0.99447
6690.73500	   0.98533
6689.39688	   1.00812
6688.05875	   0.96771
6686.72063	   1.00211
6685.38250	   0.99700
6684.04438	   0.98044
6682.70625	   0.97260
6681.36813	   0.95701
6680.03000	   0.95550
6678.69188	   0.97466
6677.35376	   0.94878
6676.01563	   1.00241
6674.67751	   0.95679
6673.33938	   1.00191
6672.00126	   1.01819
6670.66313	   0.98230
6669.32501	   0.97689
6667.98688	   1.00184
6666.64876	   0.95114
6665.31063	   1.01487
6663.97251	   1.01724
6662.63439	   0.99315
6661.29626	   0.97835
6659.95814	   1.01216
6658.62001	   1.00721
6657.28189	   0.99778
6655.94376	   1.02641
6654.60564	   1.02758
6653.26751	   1.00382
6651.92939	   0.98105
6650.59127	   1.03202
6649.25314	   1.00901
6647.91502	   0.97475
6646.57689	   1.02691
6645.23877	   1.00638
6643.90064	   1.00247
6642.56252	   1.01672
6641.22439	   1.00505
6639.88627	   1.00164
6638.54814	   1.02108
6637.21002	   1.00258
6635.87190	   1.02017
6634.53377	   1.04491
6633.19565	   1.06757
6631.85752	   1.01164
6630.51940	   1.02590
6629.18127	   0.98574
6627.84315	   1.01088
6626.50502	   0.97520
6625.16690	   0.98269
6623.82877	   1.00679
6622.49065	   0.98943
6621.15253	   1.01624
6619.81440	   1.02509
6618.47628	   0.99017
6617.13815	   1.01291
6615.80003	   1.01603
6614.46190	   0.98445
6613.12378	   0.96273
6611.78565	   0.95729
6610.44753	   0.99519
6609.10941	   1.01389
6607.77128	   1.02185
6606.43316	   1.00500
6605.09503	   0.97883
6603.75691	   1.00829
6602.41878	   1.01224
6601.08066	   0.99721
6599.74253	   1.03443
6598.40441	   0.99447
6597.06628	   1.00451
6595.72816	   1.01797
6594.39004	   1.00699
6593.05191	   1.01614
6591.71379	   1.00188
6590.37566	   0.98087
6589.03754	   0.97448
6587.69941	   1.00663
6586.36129	   0.99668
6585.02316	   0.98691
6583.68504	   0.96373
6582.34692	   0.98198
6581.00879	   1.02427
6579.67067	   1.00527
6578.33254	   0.96756
6576.99442	   0.99984
6575.65629	   0.96990
6574.31817	   0.96883
6572.98004	   1.03102
6571.64192	   1.02491
6570.30379	   1.05858
6568.96567	   1.03355
6567.62755	   1.13844
6566.28942	   1.13698
6564.95130	   1.09359
6563.61317	   1.02862
6562.27505	   1.01119
6560.93692	   1.01157
6559.59880	   0.92195
6558.26067	   1.06331
6556.92255	   1.05733
6555.58442	   0.98400
6554.24630	   0.94396
6552.90818	   0.98033
6551.57005	   0.92655
6550.23193	   0.95718
6548.89380	   0.97567
6547.55568	   0.98968
6546.21755	   0.96952
6544.87943	   0.96089
6543.54130	   0.95930
6542.20318	   0.98324
6540.86506	   0.96069
6539.52693	   0.91833
6538.18881	   0.97132
6536.85068	   1.07024
6535.51256	   1.03749
6534.17443	   0.94815
6532.83631	   0.96337
6531.49818	   0.95453
6530.16006	   0.97985
6528.82193	   0.98155
6527.48381	   0.93910
6526.14569	   0.98731
6524.80756	   1.00334
6523.46944	   0.92851
6522.13131	   0.92663
6520.79319	   0.92688
6519.45506	   0.90252
6518.11694	   0.93405
6516.77881	   0.98238
6515.44069	   0.99125
6514.10256	   0.98727
6512.76444	   0.92531
6511.42632	   0.93678
6510.08819	   0.94017
6508.75007	   0.94644
6507.41194	   0.91203
6506.07382	   0.89085
6504.73569	   0.97383
6503.39757	   1.04648
6502.05944	   1.02392
6500.72132	   0.93374
6499.38320	   0.96338
6498.04507	   0.96194
6496.70695	   0.96083
6495.36882	   0.93989
6494.03070	   1.00377
6492.69257	   0.96329
6491.35445	   0.92854
6490.01632	   0.95774
6488.67820	   0.95982
6487.34007	   0.97312
6486.00195	   0.98297
6484.66383	   0.97180
6483.32570	   0.99329
6481.98758	   0.96922
6480.64945	   0.99192
6479.31133	   0.91250
6477.97320	   0.94836
6476.63508	   0.97022
6475.29695	   1.02194
6473.95883	   1.05248
6472.62070	   1.01132
6471.28258	   0.96641
6469.94446	   1.05299
6468.60633	   1.03612
6467.26821	   0.99312
6465.93008	   0.98903
6464.59196	   0.99762
6463.25383	   1.00879
6461.91571	   1.00678
6460.57758	   0.95949
6459.23946	   1.04505
6457.90134	   1.00997
6456.56321	   1.00380
6455.22509	   1.00436
6453.88696	   0.95237
6452.54884	   1.00048
6451.21071	   0.98575
6449.87259	   1.02397
6448.53446	   0.99655
6447.19634	   1.00469
6445.85821	   1.02995
6444.52009	   0.99879
6443.18197	   1.00041
6441.84384	   0.99012
6440.50572	   1.03996
6439.16759	   0.97561
6437.82947	   1.00279
6436.49134	   1.00025
6435.15322	   1.00551
6433.81509	   1.02006
6432.47697	   0.97127
6431.13884	   1.03233
6429.80072	   1.00378
6428.46260	   0.98367
6427.12447	   1.00725
6425.78635	   1.00251
6424.44822	   0.98996
6423.11010	   1.01069
6421.77197	   0.98391
6420.43385	   1.00315
6419.09572	   0.98023
6417.75760	   1.05584
6416.41948	   1.01121
6415.08135	   1.05925
6413.74323	   1.02682
6412.40510	   1.01570
6411.06698	   1.03231
6409.72885	   1.02125
6408.39073	   1.06801
6407.05260	   1.02728
6405.71448	   1.00038
6404.37635	   1.05622
6403.03823	   1.04768
6401.70011	   1.02147
6400.36198	   1.00816
6399.02386	   1.02017
6397.68573	   1.04600
6396.34761	   1.02099
6395.00948	   0.99894
6393.67136	   1.01531
6392.33323	   1.07993
6390.99511	   1.05008
6389.65699	   1.06593
6388.31886	   1.06834
6386.98074	   1.07472
6385.64261	   1.06467
6384.30449	   1.08654
6382.96636	   0.99928
6381.62824	   1.02775
6380.29011	   1.05591
6378.95199	   0.95833
6377.61386	   1.03805
6376.27574	   1.04363
6374.93762	   1.05698
6373.59949	   1.02980
6372.26137	   0.94911
6370.92324	   0.84817
6369.58512	   1.21916
6368.24699	   1.38679
6366.90887	   1.16811
6365.57074	   1.01295
6364.23262	   1.01185
6362.89449	   1.02266
6361.55637	   1.06385
6360.21825	   1.01447
6358.88012	   1.00476
6357.54200	   1.02676
6356.20387	   0.99865
6354.86575	   1.05199
6353.52762	   1.10970
6352.18950	   1.02371
6350.85137	   1.06870
6349.51325	   1.04968
6348.17513	   1.07207
6346.83700	   1.02284
6345.49888	   1.02974
6344.16075	   1.02512
6342.82263	   1.04504
6341.48450	   1.01396
6340.14638	   1.03017
6338.80825	   1.03781
6337.47013	   1.01962
6336.13200	   1.05842
6334.79388	   1.12160
6333.45576	   1.06043
6332.11763	   1.03169
6330.77951	   1.03350
6329.44138	   1.05346
6328.10326	   1.07109
6326.76513	   1.05824
6325.42701	   1.05055
6324.08888	   0.94716
6322.75076	   1.03833
6321.41263	   0.98787
6320.07451	   1.02470
6318.73639	   1.02872
6317.39826	   1.05779
6316.06014	   1.02537
6314.72201	   0.94295
6313.38389	   1.09575
6312.04576	   1.09778
6310.70764	   0.95815
6309.36951	   0.71789
6308.03139	   0.38358
6306.69327	   1.27170
6305.35514	   2.01208
6304.01702	   1.59530
6302.67889	   1.11241
6301.34077	   1.06355
6300.00264	   1.04890
6298.66452	   1.07508
6297.32639	   1.01775
6295.98827	   1.01250
6294.65014	   1.02544
6293.31202	   1.06162
6291.97390	   1.06856
6290.63577	   1.02714
6289.29765	   1.01567
6287.95952	   1.06753
6286.62140	   0.99470
6285.28327	   0.96516
6283.94515	   0.97819
6282.60702	   0.99304
6281.26890	   1.03944
6279.93077	   1.01535
6278.59265	   1.02493
6277.25453	   1.05560
6275.91640	   1.01084
6274.57828	   1.02318
6273.24015	   1.03276
6271.90203	   1.08662
6270.56390	   1.04196
6269.22578	   1.08172
6267.88765	   0.98285
6266.54953	   0.96904
6265.21141	   1.02079
6263.87328	   1.06042
6262.53516	   1.15380
6261.19703	   1.05124
6259.85891	   1.04686
6258.52078	   1.06088
6257.18266	   1.07358
6255.84453	   1.09550
6254.50641	   1.06356
6253.16828	   1.05247
6251.83016	   1.07531
6250.49204	   1.05885
6249.15391	   1.03679
6247.81579	   1.09646
6246.47766	   1.09541
6245.13954	   1.08097
6243.80141	   1.06989
6242.46329	   1.12983
6241.12516	   1.14989
6239.78704	   1.11003
6238.44892	   1.10121
6237.11079	   1.02805
6235.77267	   1.05741
6234.43454	   1.09990
6233.09642	   1.07629
6231.75829	   1.07409
6230.42017	   1.10950
6229.08204	   1.08251
6227.74392	   1.12794
6226.40579	   1.11194
6225.06767	   1.08362
6223.72955	   1.15000
6222.39142	   1.10809
6221.05330	   1.13114
6219.71517	   1.11208
6218.37705	   1.13514
6217.03892	   1.15175
6215.70080	   1.14410
6214.36267	   1.16330
6213.02455	   1.12064
6211.68642	   1.13277
6210.34830	   1.13102
6209.01018	   1.18836
6207.67205	   1.12931
6206.33393	   1.07554
6204.99580	   1.13949
6203.65768	   1.11037
6202.31955	   1.10559
6200.98143	   1.13721
6199.64330	   1.16179
6198.30518	   1.18571
6196.96706	   1.14652
6195.62893	   1.17267
6194.29081	   1.17910
6192.95268	   1.19950
6191.61456	   1.21348
6190.27643	   1.11996
6188.93831	   1.17155
6187.60018	   1.14344
6186.26206	   1.11124
6184.92393	   1.16216
6183.58581	   1.14860
6182.24769	   1.16882
6180.90956	   1.14149
6179.57144	   1.17330
6178.23331	   1.13994
6176.89519	   1.12315
6175.55706	   1.21026
6174.21894	   1.16227
6172.88081	   1.14230
6171.54269	   1.13554
6170.20456	   1.17872
6168.86644	   1.14224
6167.52832	   1.17314
6166.19019	   1.15369
6164.85207	   1.12796
6163.51394	   1.16310
6162.17582	   1.13402
6160.83769	   1.16992
6159.49957	   1.13869
6158.16144	   1.11125
6156.82332	   1.18391
6155.48520	   1.17716
6154.14707	   1.12658
6152.80895	   1.11060
6151.47082	   1.04737
6150.13270	   0.95934
6148.79457	   0.83150
6147.45645	   0.84399
6146.11832	   0.89723
6144.78020	   0.89543
6143.44207	   0.85178
6142.10395	   0.81428
6140.76583	   0.88560
6139.42770	   0.95556
6138.08958	   1.04724
6136.75145	   1.12545
6135.41333	   1.14546
6134.07520	   1.15123
6132.73708	   1.22192
6131.39895	   1.15654
6130.06083	   1.16309
6128.72270	   1.22239
6127.38458	   1.18954
6126.04646	   1.23938
6124.70833	   1.16073
6123.37021	   1.23796
6122.03208	   1.13046
6120.69396	   1.15544
6119.35583	   1.17597
6118.01771	   1.17073
6116.67958	   1.19930
6115.34146	   1.14070
6114.00334	   1.15465
6112.66521	   1.15736
6111.32709	   1.15213
6109.98896	   1.14766
6108.65084	   1.13725
6107.31271	   1.12905
6105.97459	   1.15444
6104.63646	   1.13990
6103.29834	   1.11365
6101.96021	   1.15767
6100.62209	   1.14940
6099.28397	   1.17857
6097.94584	   1.22295
6096.60772	   1.17319
6095.26959	   1.18852
6093.93147	   1.17206
6092.59334	   1.19855
6091.25522	   1.14909
6089.91709	   1.18855
6088.57897	   1.18136
6087.24084	   1.22285
6085.90272	   1.19472
6084.56460	   1.22373
6083.22647	   1.17431
6081.88835	   1.19800
6080.55022	   1.20436
6079.21210	   1.19587
6077.87397	   1.18954
6076.53585	   1.22456
6075.19772	   1.20945
6073.85960	   1.22930
6072.52148	   1.19621
6071.18335	   1.21725
6069.84523	   1.19077
6068.50710	   1.22520
6067.16898	   1.17362
6065.83085	   1.20217
6064.49273	   1.20330
6063.15460	   1.14435
6061.81648	   1.15233
6060.47835	   1.24358
6059.14023	   1.18322
6057.80211	   1.20939
6056.46398	   1.17284
6055.12586	   1.19159
6053.78773	   1.22214
6052.44961	   1.20919
6051.11148	   1.21565
6049.77336	   1.21119
6048.43523	   1.19822
6047.09711	   1.23360
6045.75899	   1.19229
6044.42086	   1.17302
6043.08274	   1.13446
6041.74461	   1.25874
6040.40649	   1.12535
6039.06836	   1.19937
6037.73024	   1.16601
6036.39211	   1.15411
6035.05399	   1.16885
6033.71586	   1.21065
6032.37774	   1.19696
6031.03962	   1.19132
6029.70149	   1.13291
6028.36337	   1.15744
6027.02524	   1.21224
6025.68712	   1.17370
6024.34899	   1.20784
6023.01087	   1.18910
6021.67274	   1.19398
6020.33462	   1.20330
6018.99649	   1.21843
6017.65837	   1.21871
6016.32025	   1.19742
6014.98212	   1.21469
6013.64400	   1.20022
6012.30587	   1.19917
6010.96775	   1.23840
6009.62962	   1.24571
6008.29150	   1.20624
6006.95337	   1.18120
6005.61525	   1.18843
6004.27713	   1.15835
6002.93900	   1.23709
6001.60088	   1.25491
6000.26275	   1.21725
5998.92463	   1.16459
5997.58650	   1.20643
5996.24838	   1.19537
5994.91025	   1.21876
5993.57213	   1.22228
5992.23400	   1.23127
5990.89588	   1.21962
5989.55776	   1.19958
5988.21963	   1.20792
5986.88151	   1.21560
5985.54338	   1.21907
5984.20526	   1.19764
5982.86713	   1.22462
5981.52901	   1.21378
5980.19088	   1.18434
5978.85276	   1.22319
5977.51463	   1.18102
5976.17651	   1.21409
5974.83839	   1.16686
5973.50026	   1.19532
5972.16214	   1.21721
5970.82401	   1.19743
5969.48589	   1.23395
5968.14776	   1.18468
5966.80964	   1.20685
5965.47151	   1.18021
5964.13339	   1.13412
5962.79527	   1.15708
5961.45714	   1.17855
5960.11902	   1.23566
5958.78089	   1.22457
5957.44277	   1.19503
5956.10464	   1.17395
5954.76652	   1.13231
5953.42839	   1.14916
5952.09027	   1.13367
5950.75214	   1.14593
5949.41402	   1.18063
5948.07590	   1.15133
5946.73777	   1.15957
5945.39965	   1.16710
5944.06152	   1.17092
5942.72340	   1.14585
5941.38527	   1.19292
5940.04715	   1.19558
5938.70902	   1.25234
5937.37090	   1.22244
5936.03277	   1.18844
5934.69465	   1.15409
5933.35653	   1.16214
5932.01840	   1.18645
5930.68028	   1.22552
5929.34215	   1.14389
5928.00403	   1.13423
5926.66590	   1.11231
5925.32778	   1.15117
5923.98965	   1.14945
5922.65153	   1.23946
5921.31341	   1.24393
5919.97528	   1.17137
5918.63716	   1.14550
5917.29903	   1.16393
5915.96091	   1.19463
5914.62278	   1.13228
5913.28466	   1.18822
5911.94653	   1.17040
5910.60841	   1.11678
5909.27028	   1.09523
5907.93216	   1.10398
5906.59404	   1.12596
5905.25591	   1.00553
5903.91779	   1.04775
5902.57966	   1.16778
5901.24154	   1.08987
5899.90341	   0.94810
5898.56529	   0.90915
5897.22716	   1.22146
5895.88904	   1.32806
5894.55092	   1.24675
5893.21279	   1.17005
5891.87467	   1.12635
5890.53654	   1.17034
5889.19842	   1.17822
5887.86029	   1.12509
5886.52217	   1.13240
5885.18404	   1.16413
5883.84592	   1.10441
5882.50779	   1.10553
5881.16967	   1.10880
5879.83155	   1.17059
5878.49342	   1.15636
5877.15530	   1.12040
5875.81717	   1.15557
5874.47905	   1.22238
5873.14092	   1.20486
5871.80280	   1.18692
5870.46467	   1.15560
5869.12655	   1.15714
5867.78842	   1.15304
5866.45030	   1.12828
5865.11218	   1.15180
5863.77405	   1.13239
5862.43593	   1.17334
5861.09780	   1.12284
5859.75968	   1.14568
5858.42155	   1.14690
5857.08343	   1.16240
5855.74530	   1.10542
5854.40718	   1.11229
5853.06906	   1.11616
5851.73093	   1.15721
5850.39281	   1.13565
5849.05468	   1.19237
5847.71656	   1.16450
5846.37843	   1.15229
5845.04031	   1.15481
5843.70218	   1.15619
5842.36406	   1.13243
5841.02593	   1.13262
5839.68781	   1.12900
5838.34969	   1.12931
5837.01156	   1.17933
5835.67344	   1.17841
5834.33531	   1.14995
5832.99719	   1.12994
5831.65906	   1.13091
5830.32094	   1.08467
5828.98281	   1.10654
5827.64469	   1.09565
5826.30656	   1.11228
5824.96844	   1.11270
5823.63032	   1.13562
5822.29219	   1.10528
5820.95407	   1.21246
5819.61594	   1.22840
5818.27782	   1.14185
5816.93969	   1.16862
5815.60157	   1.21036
5814.26344	   1.17929
5812.92532	   1.14056
5811.58720	   1.16814
5810.24907	   1.13309
5808.91095	   1.12872
5807.57282	   1.10526
5806.23470	   1.08434
5804.89657	   1.11851
5803.55845	   1.18892
5802.22032	   1.15018
5800.88220	   1.12599
5799.54407	   1.14618
5798.20595	   1.14419
5796.86783	   1.18425
5795.52970	   1.18308
5794.19158	   1.13946
5792.85345	   1.14186
5791.51533	   1.13204
5790.17720	   1.22602
5788.83908	   1.17845
5787.50095	   1.13285
5786.16283	   1.17306
5784.82470	   1.14310
5783.48658	   1.14266
5782.14846	   1.14559
5780.81033	   1.11958
5779.47221	   1.16094
5778.13408	   1.11888
5776.79596	   1.16082
5775.45783	   1.17873
5774.11971	   1.18448
5772.78158	   1.14438
5771.44346	   1.12283
5770.10534	   1.14923
5768.76721	   1.13728
5767.42909	   1.12961
5766.09096	   1.13444
5764.75284	   1.14109
5763.41471	   1.16903
5762.07659	   1.14296
5760.73846	   1.16227
5759.40034	   1.13479
5758.06221	   1.16254
5756.72409	   1.16437
5755.38597	   1.13832
5754.04784	   1.13935
5752.70972	   1.06636
5751.37159	   1.17701
5750.03347	   1.12715
5748.69534	   1.12794
5747.35722	   1.11330
5746.01909	   1.11287
5744.68097	   1.13161
5743.34284	   1.09377
5742.00472	   1.17063
5740.66660	   1.15284
5739.32847	   1.13396
5737.99035	   1.13472
5736.65222	   1.16271
5735.31410	   1.12990
5733.97597	   1.14202
5732.63785	   1.13338
5731.29972	   1.12317
5729.96160	   1.15490
5728.62348	   1.16395
5727.28535	   1.14054
5725.94723	   1.11366
5724.60910	   1.17269
5723.27098	   1.12484
5721.93285	   1.16342
5720.59473	   1.14122
5719.25660	   1.14454
5717.91848	   1.10326
5716.58035	   1.10420
5715.24223	   1.15375
5713.90411	   1.08810
5712.56598	   1.11201
5711.22786	   1.14949
5709.88973	   1.13386
5708.55161	   1.15507
5707.21348	   1.17133
5705.87536	   1.12806
5704.53723	   1.13402
5703.19911	   1.20333
5701.86099	   1.18994
5700.52286	   1.15374
5699.18474	   1.10964
5697.84661	   1.15615
5696.50849	   1.14894
5695.17036	   1.14874
5693.83224	   1.11520
5692.49411	   1.12440
5691.15599	   1.15159
5689.81786	   1.14016
5688.47974	   1.14311
5687.14162	   1.11500
5685.80349	   1.18234
5684.46537	   1.16455
5683.12724	   1.08676
5681.78912	   1.13006
5680.45099	   1.15500
5679.11287	   1.17804
5677.77474	   1.16600
5676.43662	   1.22167
5675.09849	   1.21061
5673.76037	   1.19343
5672.42225	   1.16251
5671.08412	   1.17993
5669.74600	   1.08773
5668.40787	   1.17358
5667.06975	   1.07702
5665.73162	   1.16401
5664.39350	   1.07631
5663.05537	   1.12512
5661.71725	   1.16224
5660.37913	   1.15882
5659.04100	   1.17485
5657.70288	   1.14895
5656.36475	   1.07475
5655.02663	   1.18798
5653.68850	   1.14448
5652.35038	   1.18468
5651.01225	   1.17840
5649.67413	   1.16516
5648.33600	   1.13973
5646.99788	   1.16867
5645.65976	   1.14888
5644.32163	   1.12937
5642.98351	   1.13296
5641.64538	   1.10764
5640.30726	   1.14353
5638.96913	   1.12602
5637.63101	   1.14431
5636.29288	   1.10682
5634.95476	   1.15481
5633.61663	   1.14373
5632.27851	   1.12600
5630.94039	   1.15906
5629.60226	   1.14888
5628.26414	   1.17698
5626.92601	   1.12110
5625.58789	   1.14083
5624.24976	   1.11042
5622.91164	   1.18064
5621.57351	   1.17317
5620.23539	   1.15140
5618.89727	   1.18286
5617.55914	   1.12219
5616.22102	   1.12441
5614.88289	   1.21418
5613.54477	   1.16343
5612.20664	   1.20551
5610.86852	   1.16118
5609.53039	   1.18011
5608.19227	   1.21751
5606.85414	   1.20211
5605.51602	   1.24032
5604.17790	   1.18196
5602.83977	   1.18302
5601.50165	   1.14123
5600.16352	   1.18375
5598.82540	   1.16926
5597.48727	   1.14189
5596.14915	   1.15392
5594.81102	   1.18535
5593.47290	   1.17870
5592.13477	   1.19360
5590.79665	   1.16796
5589.45853	   1.20965
5588.12040	   1.20722
5586.78228	   0.85494
5585.44415	   0.89177
5584.10603	   1.92545
5582.76790	   2.02444
5581.42978	   1.48035
5580.09165	   1.19798
5578.75353	   1.17801
5577.41541	   1.18734
5576.07728	   1.19701
5574.73916	   1.16817
5573.40103	   1.23236
5572.06291	   1.16593
5570.72478	   1.22984
5569.38666	   1.20941
5568.04853	   1.24644
5566.71041	   1.21786
5565.37228	   1.19001
5564.03416	   1.23474
5562.69604	   1.21413
5561.35791	   1.22870
5560.01979	   1.19821
5558.68166	   1.15753
5557.34354	   1.17208
5556.00541	   1.12747
5554.66729	   1.14806
5553.32916	   1.13155
5551.99104	   1.16895
5550.65292	   1.17445
5549.31479	   1.22269
5547.97667	   1.21679
5546.63854	   1.19113
5545.30042	   1.18036
5543.96229	   1.20189
5542.62417	   1.22968
5541.28604	   1.24575
5539.94792	   1.28716
5538.60979	   1.20723
5537.27167	   1.26148
5535.93355	   1.23177
5534.59542	   1.24582
5533.25730	   1.19708
5531.91917	   1.21456
5530.58105	   1.19989
5529.24292	   1.18430
5527.90480	   1.18733
5526.56667	   1.19811
5525.22855	   1.19827
5523.89042	   1.18203
5522.55230	   1.21089
5521.21418	   1.20306
5519.87605	   1.24976
5518.53793	   1.23014
5517.19980	   1.24445
5515.86168	   1.22032
5514.52355	   1.18687
5513.18543	   1.16160
5511.84730	   1.18197
5510.50918	   1.16151
5509.17106	   1.18008
5507.83293	   1.15264
5506.49481	   1.11608
5505.15668	   1.13627
5503.81856	   1.17226
5502.48043	   1.15418
5501.14231	   1.05843
5499.80418	   1.09626
5498.46606	   1.07932
5497.12793	   1.06578
5495.78981	   1.01131
5494.45169	   0.97969
5493.11356	   0.98150
5491.77544	   1.01178
5490.43731	   1.02146
5489.09919	   0.97602
5487.76106	   1.01029
5486.42294	   1.03427
5485.08481	   1.05221
5483.74669	   1.05425
5482.40856	   1.07256
5481.07044	   1.07028
5479.73232	   1.11289
5478.39419	   1.01669
5477.05607	   0.98444
5475.71794	   1.03663
5474.37982	   0.99259
5473.04169	   1.03572
5471.70357	   1.02036
5470.36544	   1.01663
5469.02732	   1.04414
5467.68920	   1.03115
5466.35107	   1.09315
5465.01295	   1.05085
5463.67482	   1.03552
5462.33670	   1.07785
5460.99857	   1.02546
5459.66045	   0.96496
5458.32232	   0.98884
5456.98420	   0.97294
5455.64607	   0.99850
5454.30795	   0.95650
5452.96983	   0.96689
5451.63170	   0.95631
5450.29358	   0.92126
5448.95545	   0.99323
5447.61733	   0.97407
5446.27920	   1.00152
5444.94108	   1.01068
5443.60295	   0.98107
5442.26483	   1.00833
5440.92670	   0.97162
5439.58858	   0.99905
5438.25046	   0.98735
5436.91233	   0.98993
5435.57421	   0.96471
5434.23608	   0.95702
5432.89796	   0.89441
5431.55983	   0.89879
5430.22171	   0.92399
5428.88358	   0.93454
5427.54546	   0.92724
5426.20734	   0.97100
5424.86921	   1.01270
5423.53109	   0.98701
5422.19296	   1.00153
5420.85484	   0.99347
5419.51671	   0.99202
5418.17859	   0.95536
5416.84046	   0.90738
5415.50234	   0.90316
5414.16421	   0.91476
5412.82609	   0.87361
5411.48797	   0.90174
5410.14984	   0.88913
5408.81172	   0.88040
5407.47359	   0.86184
5406.13547	   0.85739
5404.79734	   0.81513
5403.45922	   0.86829
5402.12109	   0.88090
5400.78297	   0.85344
5399.44484	   0.89550
5398.10672	   0.91239
5396.76860	   0.87725
5395.43047	   0.86296
5394.09235	   0.82627
5392.75422	   0.83379
5391.41610	   0.76175
5390.07797	   0.77469
5388.73985	   0.82469
5387.40172	   0.84113
5386.06360	   0.80394
5384.72548	   0.87573
5383.38735	   0.88239
5382.04923	   0.91391
5380.71110	   0.91476
5379.37298	   0.92865
5378.03485	   0.94193
5376.69673	   0.92671
5375.35860	   0.90623
5374.02048	   0.88720
5372.68235	   0.89306
5371.34423	   0.90126
5370.00611	   0.88698
5368.66798	   0.90282
5367.32986	   0.91545
5365.99173	   0.86155
5364.65361	   0.91544
5363.31548	   0.88186
5361.97736	   0.88604
5360.63923	   0.89741
5359.30111	   0.87930
5357.96299	   0.88524
5356.62486	   0.87131
5355.28674	   0.91406
5353.94861	   0.94106
5352.61049	   0.89982
5351.27236	   0.90819
5349.93424	   0.94867
5348.59611	   0.89237
5347.25799	   0.87084
5345.91986	   0.87381
5344.58174	   0.87018
5343.24362	   0.85949
5341.90549	   0.92190
5340.56737	   0.84562
5339.22924	   0.89850
5337.89112	   0.89129
5336.55299	   0.94756
5335.21487	   0.97252
5333.87674	   0.91092
5332.53862	   0.94865
5331.20049	   0.91024
5329.86237	   0.90986
5328.52425	   0.87596
5327.18612	   0.90450
5325.84800	   0.89459
5324.50987	   0.90057
5323.17175	   0.87340
5321.83362	   0.85936
5320.49550	   0.88834
5319.15737	   0.89137
5317.81925	   0.88140
5316.48113	   0.90321
5315.14300	   0.91206
5313.80488	   0.86379
5312.46675	   0.90231
5311.12863	   0.91112
5309.79050	   0.91553
5308.45238	   0.95569
5307.11425	   0.91130
5305.77613	   0.89522
5304.43800	   0.90772
5303.09988	   0.87419
5301.76176	   0.87708
5300.42363	   0.88950
5299.08551	   0.88699
5297.74738	   0.85152
5296.40926	   0.84334
5295.07113	   0.85073
5293.73301	   0.87212
5292.39488	   0.86761
5291.05676	   0.90485
5289.71863	   0.87896
5288.38051	   0.83876
5287.04239	   0.85149
5285.70426	   0.89568
5284.36614	   0.88766
5283.02801	   0.87811
5281.68989	   0.89630
5280.35176	   0.85378
5279.01364	   0.88242
5277.67551	   0.87716
5276.33739	   0.89225
5274.99927	   0.86677
5273.66114	   0.89129
5272.32302	   0.86923
5270.98489	   0.87880
5269.64677	   0.84716
5268.30864	   0.84406
5266.97052	   0.85957
5265.63239	   0.85062
5264.29427	   0.84102
5262.95614	   0.81664
5261.61802	   0.85067
5260.27990	   0.83558
5258.94177	   0.82528
5257.60365	   0.82909
5256.26552	   0.76577
5254.92740	   0.82384
5253.58927	   0.80443
5252.25115	   0.81745
5250.91302	   0.81797
5249.57490	   0.83889
5248.23677	   0.81041
5246.89865	   0.84210
5245.56053	   0.87042
5244.22240	   0.86776
5242.88428	   0.84743
5241.54615	   0.80769
5240.20803	   0.81329
5238.86990	   0.85470
5237.53178	   0.84324
5236.19365	   0.78798
5234.85553	   0.83064
5233.51741	   0.82284
5232.17928	   0.78562
5230.84116	   0.79434
5229.50303	   0.83586
5228.16491	   0.80916
5226.82678	   0.85126
5225.48866	   0.87462
5224.15053	   0.95274
5222.81241	   1.13901
5221.47428	   1.34946
5220.13616	   1.34735
5218.79804	   1.21940
5217.45991	   1.02432
5216.12179	   0.91452
5214.78366	   0.86405
5213.44554	   0.84338
5212.10741	   0.83599
5210.76929	   0.83861
5209.43116	   0.79835
5208.09304	   0.87460
5206.75492	   0.79437
5205.41679	   0.82232
5204.07867	   0.81169
5202.74054	   0.84221
5201.40242	   0.85215
5200.06429	   0.81703
5198.72617	   0.80256
5197.38804	   0.80414
5196.04992	   0.81221
5194.71179	   0.76080
5193.37367	   0.76179
5192.03555	   0.81453
5190.69742	   0.80476
5189.35930	   0.80256
5188.02117	   0.86134
5186.68305	   0.85486
5185.34492	   0.84597
5184.00680	   0.82761
5182.66867	   0.80163
5181.33055	   0.85092
5179.99242	   0.84136
5178.65430	   0.83244
5177.31618	   0.81394
5175.97805	   0.86321
5174.63993	   0.86937
5173.30180	   0.90097
5171.96368	   0.94567
5170.62555	   0.98971
5169.28743	   0.96961
5167.94930	   0.94800
5166.61118	   0.87415
5165.27306	   0.88968
5163.93493	   0.88974
5162.59681	   0.85401
5161.25868	   0.89004
5159.92056	   0.86998
5158.58243	   0.86501
5157.24431	   0.84472
5155.90618	   0.87553
5154.56806	   0.87785
5153.22993	   0.82607
5151.89181	   0.85579
5150.55369	   0.79095
5149.21556	   0.88507
5147.87744	   0.80400
5146.53931	   0.78860
5145.20119	   0.81048
5143.86306	   0.79995
5142.52494	   0.81953
5141.18681	   0.83259
5139.84869	   0.83152
5138.51056	   0.84302
5137.17244	   0.85069
5135.83432	   0.84721
5134.49619	   0.83226
5133.15807	   0.80529
5131.81994	   0.75421
5130.48182	   0.76473
5129.14369	   0.79622
5127.80557	   0.75977
5126.46744	   0.76729
5125.12932	   0.79880
5123.79120	   0.81648
5122.45307	   0.84532
5121.11495	   0.81893
5119.77682	   0.82211
5118.43870	   0.80697
5117.10057	   0.84252
5115.76245	   0.77793
5114.42432	   0.79032
5113.08620	   0.82438
5111.74807	   0.81048
5110.40995	   0.75536
5109.07183	   0.86274
5107.73370	   0.82502
5106.39558	   0.81221
5105.05745	   0.83607
5103.71933	   0.77763
5102.38120	   0.80292
5101.04308	   0.75425
5099.70495	   0.78247
5098.36683	   0.77390
5097.02870	   0.75906
5095.69058	   0.77356
5094.35246	   0.77252
5093.01433	   0.70060
5091.67621	   0.75991
5090.33808	   0.72794
5088.99996	   0.74515
5087.66183	   0.73561
5086.32371	   0.78872
5084.98558	   0.75404
5083.64746	   0.76794
5082.30934	   0.71609
5080.97121	   0.72117
5079.63309	   0.68723
5078.29496	   0.66031
5076.95684	   0.61953
5075.61871	   0.66434
5074.28059	   0.67107
5072.94246	   0.64613
5071.60434	   0.70751
5070.26621	   0.66490
5068.92809	   0.72338
5067.58997	   0.75930
5066.25184	   0.69543
5064.91372	   0.70498
5063.57559	   0.60853
5062.23747	   0.60183
5060.89934	   0.60647
5059.56122	   0.62602
5058.22309	   0.66106
5056.88497	   0.66275
5055.54684	   0.69178
5054.20872	   0.73838
5052.87060	   0.68577
5051.53247	   0.70742
5050.19435	   0.72702
5048.85622	   0.71550
5047.51810	   0.72387
5046.17997	   0.72813
5044.84185	   0.67590
5043.50372	   0.74028
5042.16560	   0.74370
5040.82748	   0.71417
5039.48935	   0.74071
5038.15123	   0.69275
5036.81310	   0.68998
5035.47498	   0.74525
5034.13685	   0.74675
5032.79873	   0.74812
5031.46060	   0.73951
5030.12248	   0.71321
5028.78435	   0.75730
5027.44623	   0.72372
5026.10811	   0.74186
5024.76998	   0.75222
5023.43186	   0.73764
5022.09373	   0.74596
5020.75561	   0.74877
5019.41748	   0.78166
5018.07936	   0.74918
5016.74123	   0.75913
5015.40311	   0.75044
5014.06499	   0.75863
5012.72686	   0.76160
5011.38874	   0.74195
5010.05061	   0.73625
5008.71249	   0.72739
5007.37436	   0.72597
5006.03624	   0.71193
5004.69811	   0.75570
5003.35999	   0.75494
5002.02186	   0.74012
5000.68374	   0.76106
4999.34562	   0.73841
4998.00749	   0.75074
4996.66937	   0.74522
4995.33124	   0.74167
4993.99312	   0.75248
4992.65499	   0.71906
4991.31687	   0.72671
4989.97874	   0.73020
4988.64062	   0.71304
4987.30249	   0.72783
4985.96437	   0.70373
4984.62625	   0.72955
4983.28812	   0.77318
4981.95000	   0.77384
4980.61187	   0.75490
4979.27375	   0.77032
4977.93562	   0.74507
4976.59750	   0.75079
4975.25937	   0.75331
4973.92125	   0.75579
4972.58313	   0.71123
4971.24500	   0.73709
4969.90688	   0.72377
4968.56875	   0.72791
4967.23063	   0.74052
4965.89250	   0.74750
4964.55438	   0.76224
4963.21625	   0.71420
4961.87813	   0.73044
4960.54000	   0.69828
4959.20188	   0.74850
4957.86376	   0.76829
4956.52563	   0.71262
4955.18751	   0.75374
4953.84938	   0.72998
4952.51126	   0.75188
4951.17313	   0.75468
4949.83501	   0.73095
4948.49688	   0.75783
4947.15876	   0.73030
4945.82063	   0.73305
4944.48251	   0.74000
4943.14439	   0.74116
4941.80626	   0.72382
4940.46814	   0.73393
4939.13001	   0.73214
4937.79189	   0.75359
4936.45376	   0.72589
4935.11564	   0.72385
4933.77751	   0.72271
4932.43939	   0.71090
4931.10127	   0.72301
4929.76314	   0.75015
4928.42502	   0.68528
4927.08689	   0.70699
4925.74877	   0.72642
4924.41064	   0.69965
4923.07252	   0.71568
4921.73439	   0.71609
4920.39627	   0.76708
4919.05814	   0.74824
4917.72002	   0.77166
4916.38190	   0.76588
4915.04377	   0.73425
4913.70565	   0.70819
4912.36752	   0.72755
4911.02940	   0.72548
4909.69127	   0.71003
4908.35315	   0.75698
4907.01502	   0.71548
4905.67690	   0.67766
4904.33877	   0.70082
4903.00065	   0.72899
4901.66253	   0.70674
4900.32440	   0.67948
4898.98628	   0.67415
4897.64815	   0.64142
4896.31003	   0.70707
4894.97190	   0.67287
4893.63378	   0.72310
4892.29565	   0.69334
4890.95753	   0.71157
4889.61941	   0.73332
4888.28128	   0.73121
4886.94316	   0.72932
4885.60503	   0.70209
4884.26691	   0.71906
4882.92878	   0.69245
4881.59066	   0.73023
4880.25253	   0.69000
4878.91441	   0.73129
4877.57628	   0.72744
4876.23816	   0.70637
4874.90004	   0.71518
4873.56191	   0.65598
4872.22379	   0.68893
4870.88566	   0.73012
4869.54754	   0.68730
4868.20941	   0.72620
4866.87129	   0.71456
4865.53316	   0.70017
4864.19504	   0.66769
4862.85692	   0.68375
4861.51879	   0.63374
4860.18067	   0.66390
4858.84254	   0.70118
4857.50442	   0.67933
4856.16629	   0.73771
4854.82817	   0.72938
4853.49004	   0.70110
4852.15192	   0.67523
4850.81379	   0.67832
4849.47567	   0.68288
4848.13755	   0.68259
4846.79942	   0.67338
4845.46130	   0.66744
4844.12317	   0.65400
4842.78505	   0.67003
4841.44692	   0.68108
4840.10880	   0.64453
4838.77067	   0.67886
4837.43255	   0.66685
4836.09442	   0.67142
4834.75630	   0.65111
4833.41818	   0.63622
4832.08005	   0.66791
4830.74193	   0.67459
4829.40380	   0.64029
4828.06568	   0.70153
4826.72755	   0.65868
4825.38943	   0.65321
4824.05130	   0.66080
4822.71318	   0.68306
4821.37506	   0.67466
4820.03693	   0.66374
4818.69881	   0.65484
4817.36068	   0.67601
4816.02256	   0.71924
4814.68443	   0.67954
4813.34631	   0.65791
4812.00818	   0.66794
4810.67006	   0.67494
4809.33193	   0.67215
4807.99381	   0.60574
4806.65569	   0.65536
4805.31756	   0.62777
4803.97944	   0.65308
4802.64131	   0.65524
4801.30319	   0.66065
4799.96506	   0.66812
4798.62694	   0.69645
4797.28881	   0.64839
4795.95069	   0.61302
4794.61256	   0.63531
4793.27444	   0.63141
4791.93632	   0.63923
4790.59819	   0.62924
4789.26007	   0.64439
4787.92194	   0.60998
4786.58382	   0.62908
4785.24569	   0.62007
4783.90757	   0.61158
4782.56944	   0.63198
4781.23132	   0.57874
4779.89320	   0.62541
4778.55507	   0.63845
4777.21695	   0.60398
4775.87882	   0.59732
4774.54070	   0.58591
4773.20257	   0.61662
4771.86445	   0.58295
4770.52632	   0.58069
4769.18820	   0.66079
4767.85007	   0.64830
4766.51195	   0.60633
4765.17383	   0.61623
4763.83570	   0.64050
4762.49758	   0.62928
4761.15945	   0.63900
4759.82133	   0.67554
4758.48320	   0.63204
4757.14508	   0.65386
4755.80695	   0.64978
4754.46883	   0.64450
4753.13070	   0.59276
4751.79258	   0.63203
4750.45446	   0.62245
4749.11633	   0.63137
4747.77821	   0.61813
4746.44008	   0.63875
4745.10196	   0.61206
4743.76383	   0.63650
4742.42571	   0.59336
4741.08758	   0.64473
4739.74946	   0.58315
4738.41134	   0.59447
4737.07321	   0.61430
4735.73509	   0.61466
4734.39696	   0.61714
4733.05884	   0.63144
4731.72071	   0.65095
4730.38259	   0.61622
4729.04446	   0.65006
4727.70634	   0.64860
4726.36821	   0.59801
4725.03009	   0.62253
4723.69197	   0.59973
4722.35384	   0.60681
4721.01572	   0.59324
4719.67759	   0.61836
4718.33947	   0.63796
4717.00134	   0.63240
4715.66322	   0.59386
4714.32509	   0.62482
4712.98697	   0.63551
4711.64884	   0.62972
4710.31072	   0.60385
4708.97260	   0.66873
4707.63447	   0.64857
4706.29635	   0.61612
4704.95822	   0.66056
4703.62010	   0.60480
4702.28197	   0.64071
4700.94385	   0.62444
4699.60572	   0.68094
4698.26760	   0.66383
4696.92948	   0.67662
4695.59135	   0.66743
4694.25323	   0.66562
4692.91510	   0.66546
4691.57698	   0.67058
4690.23885	   0.65310
4688.90073	   0.65248
4687.56260	   0.64071
4686.22448	   0.68368
4684.88635	   0.66601
4683.54823	   0.63831
4682.21011	   0.64859
4680.87198	   0.64477
4679.53386	   0.61874
4678.19573	   0.60758
4676.85761	   0.62545
4675.51948	   0.60539
4674.18136	   0.62162
4672.84323	   0.63651
4671.50511	   0.60871
4670.16699	   0.63291
4668.82886	   0.63060
4667.49074	   0.61009
4666.15261	   0.59239
4664.81449	   0.58553
4663.47636	   0.59482
4662.13824	   0.65214
4660.80011	   0.63329
4659.46199	   0.64042
4658.12386	   0.66165
4656.78574	   0.66333
4655.44762	   0.58395
4654.10949	   0.61978
4652.77137	   0.56522
4651.43324	   0.59153
4650.09512	   0.58513
4648.75699	   0.58022
4647.41887	   0.59769
4646.08074	   0.59186
4644.74262	   0.58933
4643.40449	   0.59288
4642.06637	   0.57653
4640.72825	   0.56598
4639.39012	   0.59213
4638.05200	   0.57507
4636.71387	   0.58961
4635.37575	   0.58172
4634.03762	   0.59695
4632.69950	   0.59162
4631.36137	   0.62278
4630.02325	   0.56070
4628.68513	   0.61232
4627.34700	   0.58088
4626.00888	   0.58669
4624.67075	   0.55526
4623.33263	   0.57896
4621.99450	   0.58934
4620.65638	   0.57144
4619.31825	   0.55889
4617.98013	   0.54987
4616.64200	   0.52143
4615.30388	   0.56354
4613.96576	   0.56466
4612.62763	   0.58811
4611.28951	   0.57126
4609.95138	   0.55939
4608.61326	   0.56195
4607.27513	   0.56710
4605.93701	   0.52601
4604.59888	   0.57904
4603.26076	   0.55211
4601.92263	   0.56433
4600.58451	   0.56608
4599.24639	   0.57220
4597.90826	   0.51130
4596.57014	   0.52712
4595.23201	   0.55645
4593.89389	   0.53049
4592.55576	   0.52637
4591.21764	   0.51547
4589.87951	   0.53234
4588.54139	   0.49687
4587.20327	   0.53997
4585.86514	   0.50027
4584.52702	   0.52894
4583.18889	   0.51636
4581.85077	   0.54112
4580.51264	   0.55295
4579.17452	   0.53326
4577.83639	   0.53557
4576.49827	   0.52980
4575.16014	   0.55653
4573.82202	   0.50211
4572.48390	   0.53941
4571.14577	   0.51160
4569.80765	   0.52205
4568.46952	   0.51324
4567.13140	   0.50291
4565.79327	   0.50266
4564.45515	   0.52260
4563.11702	   0.48832
4561.77890	   0.49915
4560.44077	   0.53539
4559.10265	   0.48441
4557.76453	   0.55214
4556.42640	   0.51532
4555.08828	   0.50362
4553.75015	   0.51857
4552.41203	   0.51019
4551.07390	   0.50708
4549.73578	   0.52528
4548.39765	   0.49859
4547.05953	   0.53474
4545.72141	   0.49922
4544.38328	   0.52572
4543.04516	   0.53775
4541.70703	   0.55027
4540.36891	   0.54423
4539.03078	   0.52424
